20090901
20201231
0.697078192
0.697078192
0.697078192
0.697078192
0.697078192
0.329319987
0.329319987
0.329319987
0.329319987
0.329319987
0.329319987
0.329319987
0.329319987
0.23055408
0.23055408
0.23055408
0.23055408
0.23055408
0.23055408
0.23055408
0.23055408
0.34872715
0.34872715
0.34872715
0.34872715
0.34872715
0.34872715
0.34872715
0.34872715
0.136151023
0.190550042
0.190550042
0.190550042
0.190550042
0.190550042
0.190550042
0.190550042
0.108960935
0.108960935
0.108960935
0.108960935
0.108960935
0.108960935
0.108960935
0.108960935
0.22244875
0.22244875
0.22244875
0.22244875
0.22244875
0.22244875
0.22244875
0.22244875
0.181706835
0.181706835
0.181706835
0.181706835
0.181706835
0.181706835
0.181706835
0.181706835
0.209180136
0.209180136
0.209180136
0.209180136
0.209180136
0.209180136
0.209180136
0.209180136
0.159894888
0.159894888
0.159894888
0.159894888
0.159894888
0.159894888
0.159894888
0.159894888
0.126316962
0.126316962
0.126316962
0.126316962
0.126316962
0.126316962
0.126316962
0.126316962
0.092080644
0.092080644
0.092080644
0.092080644
0.092080644
0.092080644
0.106196002
0.106196002
0.029938812
0.029938812
0.029938812
0.029938812
0.029938812
0.029938812
0.029938812
0.029938812
0.057382722
0.057382722
0.057382722
0.057382722
0.057382722
0.057382722
0.057382722
0.057382722
0.050114967
0.050114967
0.050114967
0.050114967
0.050114967
0.050114967
0.050114967
0.050114967
0.003905062
0.003905062
0.003905062
0.003905062
0.003905062
0.000454364
0.000454364
0.000454364
0.000454364
0.000454364
0.000454364
0.000454364
0.000454364
0.025171745
0.025171745
0.025171745
0.025171745
0.025171745
0.025171745
0.025171745
0.025171745
0.0529788
0.0529788
0.0529788
0.0529788
0.0529788
0.0529788
0.0529788
0.0529788
0.016084473
0.016084473
0.016084473
0.016084473
0.016084473
0.016084473
0.016084473
0.022294322
0.025569195
0.025569195
0.025569195
0.025569195
0.025569195
0.025569195
0.025569195
0.025569195
0.046477994
0.046477994
0.046477994
0.046477994
0.046477994
0.046477994
0.046477994
0.046477994
0.062222572
0.062222572
0.062222572
0.062222572
0.062222572
0.062222572
0.062222572
0.062222572
0.080360326
0.080360326
0.080360326
0.052998408
0.052998408
0.052998408
0.052998408
0.052998408
0.077337802
0.077337802
0.077337802
0.077337802
0.077337802
0.077337802
0.077337802
0.077337802
0.120783206
0.120783206
0.120783206
0.120783206
0.120783206
0.120783206
0.120783206
0.120783206
0.116463586
0.116463586
0.116463586
0.116463586
0.116463586
0.116463586
0.116463586
0.116463586
0.243393942
0.243393942
0.223357497
0.223357497
0.223357497
0.223357497
0.223357497
0.223357497
0.389084185
0.389084185
0.389084185
0.389084185
0.389084185
0.389084185
0.389084185
0.389084185
0.249733501
0.249733501
0.249733501
0.249733501
0.249733501
0.249733501
0.249733501
0.249733501
0.694466483
0.694466483
0.694466483
0.694466483
0.694466483
0.694466483
0.694466483
0.694466483
1.007714545
1.007714545
1.007714545
1.007714545
1.007714545
1.007714545
1.007714545
1.007714545
0.541227295
0.541227295
0.541227295
0.541227295
0.541227295
0.541227295
0.541227295
0.541227295
1.242051927
1.242051927
1.242051927
1.242051927
1.242051927
1.242051927
1.242051927
1.242051927
1.270216163
1.270216163
1.270216163
1.270216163
1.270216163
1.270216163
1.270216163
1.518947757
1.206896421
1.206896421
1.206896421
1.206896421
1.206896421
1.206896421
1.206896421
1.206896421
0.926126514
0.926126514
0.926126514
0.926126514
0.926126514
0.926126514
0.926126514
0.926126514
1.171473199
1.171473199
1.171473199
1.171473199
1.171473199
1.171473199
1.171473199
1.171473199
1.039262835
1.039262835
1.039262835
1.039262835
1.039262835
1.268107674
1.268107674
1.268107674
1.080451677
1.080451677
1.080451677
1.080451677
1.080451677
1.080451677
1.080451677
1.080451677
1.547530246
1.547530246
1.547530246
1.547530246
1.547530246
1.547530246
1.547530246
1.547530246
1.155726868
1.155726868
1.155726868
1.155726868
1.155726868
1.155726868
1.155726868
1.155726868
1.370380857
1.370380857
1.370380857
1.370380857
1.035129145
1.035129145
1.035129145
1.035129145
1.079933842
1.079933842
1.079933842
1.079933842
1.079933842
1.079933842
1.079933842
1.079933842
0.620936844
0.620936844
0.620936844
0.620936844
0.620936844
0.620936844
0.620936844
0.620936844
0.587584469
0.587584469
0.587584469
0.587584469
0.587584469
0.587584469
0.587584469
0.587584469
0.479189249
0.479189249
0.479189249
0.358806839
0.358806839
0.358806839
0.358806839
0.358806839
0.384833498
0.384833498
0.384833498
0.384833498
0.384833498
0.384833498
0.384833498
0.384833498
0.393183091
0.393183091
0.393183091
0.393183091
0.393183091
0.393183091
0.393183091
0.393183091
0.344063413
0.344063413
0.344063413
0.344063413
0.344063413
0.344063413
0.344063413
0.344063413
0.336315592
0.470690185
0.470690185
0.470690185
0.470690185
0.470690185
0.470690185
0.470690185
0.396365142
0.396365142
0.396365142
0.396365142
0.396365142
0.396365142
0.396365142
0.396365142
0.340463444
0.340463444
0.340463444
0.340463444
0.340463444
0.340463444
0.340463444
0.340463444
0.250031132
0.250031132
0.250031132
0.250031132
0.250031132
0.250031132
0.250031132
0.250031132
0.205417904
0.205417904
0.205417904
0.205417904
0.205417904
0.205417904
0.205417904
0.205417904
0.13355926
0.13355926
0.13355926
0.13355926
0.13355926
0.13355926
0.13355926
0.13355926
0.121426059
0.121426059
0.121426059
0.121426059
0.121426059
0.121426059
0.121426059
0.121426059
0.097253714
0.097253714
0.097253714
0.097253714
0.097253714
0.097253714
0.112162069
0.112162069
0.089165591
0.089165591
0.089165591
0.089165591
0.089165591
0.089165591
0.089165591
0.089165591
0.054996295
0.054996295
0.054996295
0.054996295
0.054996295
0.054996295
0.054996295
0.054996295
0.043389582
0.043389582
0.043389582
0.043389582
0.043389582
0.043389582
0.043389582
0.043389582
0.075172451
0.075172451
0.075172451
0.075172451
0.075172451
0.057795054
0.057795054
0.057795054
0.057795054
0.057795054
0.057795054
0.057795054
0.057795054
0.016084473
0.016084473
0.016084473
0.016084473
0.016084473
0.016084473
0.016084473
0.016084473
0.072607309
0.072607309
0.072607309
0.072607309
0.072607309
0.072607309
0.072607309
0.072607309
0.106139345
0.106139345
0.106139345
0.106139345
0.106139345
0.106139345
0.106139345
0.147117336
0
0
0
0
0
0
0
0
0.151777732
0.151777732
0.151777732
0.151777732
0.151777732
0.151777732
0.151777732
0.151777732
0.289448321
0.289448321
0.289448321
0.289448321
0.289448321
0.289448321
0.289448321
0.289448321
0.232515927
0.232515927
0.232515927
0.153346491
0.153346491
0.153346491
0.153346491
0.153346491
0.171455665
0.171455665
0.171455665
0.171455665
0.171455665
0.171455665
0.171455665
0.171455665
0.223789516
0.223789516
0.223789516
0.223789516
0.223789516
0.223789516
0.223789516
0.223789516
0.227693787
0.227693787
0.227693787
0.227693787
0.227693787
0.227693787
0.227693787
0.227693787
0.254276061
0.254276061
0.233343787
0.233343787
0.233343787
0.233343787
0.233343787
0.233343787
0.372237084
0.372237084
0.372237084
0.372237084
0.372237084
0.372237084
0.372237084
0.372237084
0.382299606
0.382299606
0.382299606
0.382299606
0.382299606
0.382299606
0.382299606
0.382299606
0.338085494
0.338085494
0.338085494
0.338085494
0.338085494
0.338085494
0.338085494
0.338085494
0.647230552
0.647230552
0.647230552
0.647230552
0.647230552
0.647230552
0.647230552
0.647230552
0.948013656
0.948013656
0.948013656
0.948013656
0.948013656
0.948013656
0.948013656
0.948013656
0.831255124
0.831255124
0.831255124
0.831255124
0.831255124
0.831255124
0.831255124
0.831255124
1.029133948
1.029133948
1.029133948
1.029133948
1.029133948
1.029133948
1.029133948
1.230657228
1.407773338
1.407773338
1.407773338
1.407773338
1.407773338
1.407773338
1.407773338
1.407773338
0.966563484
0.966563484
0.966563484
0.966563484
0.966563484
0.966563484
0.966563484
0.966563484
1.103569607
1.103569607
1.103569607
1.103569607
1.103569607
1.103569607
1.103569607
1.103569607
0.636855033
0.636855033
0.636855033
0.636855033
0.636855033
0.777089999
0.777089999
0.777089999
0.719769138
0.719769138
0.719769138
0.719769138
0.719769138
0.719769138
0.719769138
0.719769138
0.710991466
0.710991466
0.710991466
0.710991466
0.710991466
0.710991466
0.710991466
0.710991466
0.661650307
0.661650307
0.661650307
0.661650307
0.661650307
0.661650307
0.661650307
0.661650307
0.684525453
0.684525453
0.684525453
0.684525453
0.517062278
0.517062278
0.517062278
0.517062278
0.400931717
0.400931717
0.400931717
0.400931717
0.400931717
0.400931717
0.400931717
0.400931717
0.474568137
0.474568137
0.474568137
0.474568137
0.474568137
0.474568137
0.474568137
0.474568137
0.543985279
0.543985279
0.543985279
0.543985279
0.543985279
0.543985279
0.543985279
0.543985279
0.509025561
0.509025561
0.509025561
0.381147642
0.381147642
0.381147642
0.381147642
0.381147642
0.431771751
0.431771751
0.431771751
0.431771751
0.431771751
0.431771751
0.431771751
0.431771751
0.342333317
0.342333317
0.342333317
0.342333317
0.342333317
0.342333317
0.342333317
0.342333317
0.310589819
0.310589819
0.310589819
0.310589819
0.310589819
0.310589819
0.310589819
0.310589819
0.284337495
0.397944286
0.397944286
0.397944286
0.397944286
0.397944286
0.397944286
0.397944286
0.237082151
0.237082151
0.237082151
0.237082151
0.237082151
0.237082151
0.237082151
0.237082151
0.370046075
0.370046075
0.370046075
0.370046075
0.370046075
0.370046075
0.370046075
0.370046075
0.336778775
0.336778775
0.336778775
0.336778775
0.336778775
0.336778775
0.336778775
0.336778775
0.183973177
0.183973177
0.183973177
0.183973177
0.183973177
0.183973177
0.183973177
0.183973177
0.178235772
0.178235772
0.178235772
0.178235772
0.178235772
0.178235772
0.178235772
0.178235772
0.104872236
0.104872236
0.104872236
0.104872236
0.104872236
0.104872236
0.104872236
0.104872236
0.06969536
0.06969536
0.06969536
0.06969536
0.06969536
0.06969536
0.080379201
0.080379201
0.0441489
0.0441489
0.0441489
0.0441489
0.0441489
0.0441489
0.0441489
0.0441489
0.043823478
0.043823478
0.043823478
0.043823478
0.043823478
0.043823478
0.043823478
0.043823478
0.054236977
0.054236977
0.054236977
0.054236977
0.054236977
0.054236977
0.054236977
0.054236977
0.072569076
0.072569076
0.072569076
0.072569076
0.072569076
0.070789854
0.070789854
0.070789854
0.070789854
0.070789854
0.070789854
0.070789854
0.070789854
0.050252618
0.050252618
0.050252618
0.050252618
0.050252618
0.050252618
0.050252618
0.050252618
0.0559776
0.0559776
0.0559776
0.0559776
0.0559776
0.0559776
0.0559776
0.0559776
0.078877527
0.078877527
0.078877527
0.078877527
0.078877527
0.078877527
0.078877527
0.109330349
0.094719381
0.094719381
0.094719381
0.094719381
0.094719381
0.094719381
0.094719381
0.094719381
0.107692913
0.107692913
0.107692913
0.107692913
0.107692913
0.107692913
0.107692913
0.107692913
0.160594695
0.160594695
0.160594695
0.160594695
0.160594695
0.160594695
0.160594695
0.160594695
0.281387097
0.281387097
0.281387097
0.281387097
0.185577497
0.185577497
0.185577497
0.185577497
0.120949345
0.120949345
0.120949345
0.120949345
0.120949345
0.120949345
0.120949345
0.120949345
0.20401895
0.20401895
0.20401895
0.20401895
0.20401895
0.20401895
0.20401895
0.20401895
0.453393904
0.453393904
0.453393904
0.453393904
0.453393904
0.453393904
0.453393904
0.453393904
0.671451616
0.671451616
0.671451616
0.616177012
0.616177012
0.616177012
0.616177012
0.616177012
0.451365098
0.451365098
0.451365098
0.451365098
0.451365098
0.451365098
0.451365098
0.451365098
0.766581224
0.766581224
0.766581224
0.766581224
0.766581224
0.766581224
0.766581224
0.766581224
1.15940074
1.15940074
1.15940074
1.15940074
1.15940074
1.15940074
1.15940074
1.15940074
0.745084018
0.890864867
0.890864867
0.890864867
0.890864867
0.890864867
0.890864867
0.890864867
0.712673664
0.712673664
0.712673664
0.712673664
0.712673664
0.712673664
0.712673664
0.712673664
0.914562929
0.914562929
0.914562929
0.914562929
0.914562929
0.914562929
0.914562929
0.914562929
0.895148747
0.895148747
0.895148747
0.895148747
0.895148747
0.895148747
0.895148747
0.895148747
0.896371007
0.896371007
0.896371007
0.896371007
0.896371007
0.896371007
0.896371007
0.896371007
1.019861809
1.019861809
1.019861809
1.019861809
1.019861809
1.019861809
1.019861809
1.019861809
1.003839613
1.003839613
1.003839613
1.003839613
1.003839613
1.003839613
1.003839613
1.003839613
0.88536256
0.88536256
0.88536256
0.88536256
0.88536256
0.88536256
1.080318682
1.080318682
1.147481176
1.147481176
1.147481176
1.147481176
1.147481176
1.147481176
1.147481176
1.147481176
0.729078791
0.729078791
0.729078791
0.729078791
0.729078791
0.729078791
0.729078791
0.729078791
0.690111245
0.690111245
0.690111245
0.690111245
0.690111245
0.690111245
0.690111245
0.690111245
0.560042099
0.560042099
0.560042099
0.560042099
0.560042099
0.423032689
0.423032689
0.423032689
0.41037486
0.41037486
0.41037486
0.41037486
0.41037486
0.41037486
0.41037486
0.41037486
0.373506421
0.373506421
0.373506421
0.373506421
0.373506421
0.373506421
0.373506421
0.373506421
0.380940384
0.380940384
0.380940384
0.380940384
0.380940384
0.380940384
0.380940384
0.380940384
0.453371296
0.453371296
0.453371296
0.453371296
0.339474898
0.339474898
0.339474898
0.339474898
0.335864263
0.335864263
0.335864263
0.335864263
0.335864263
0.335864263
0.335864263
0.335864263
0.162252904
0.162252904
0.162252904
0.162252904
0.162252904
0.162252904
0.162252904
0.162252904
0.255828524
0.255828524
0.255828524
0.255828524
0.255828524
0.255828524
0.255828524
0.255828524
0.156159957
0.156159957
0.218553528
0.218553528
0.218553528
0.218553528
0.218553528
0.218553528
0.208447007
0.208447007
0.208447007
0.208447007
0.208447007
0.208447007
0.208447007
0.208447007
0.340252892
0.340252892
0.340252892
0.340252892
0.340252892
0.340252892
0.340252892
0.340252892
0.197182446
0.197182446
0.197182446
0.197182446
0.197182446
0.197182446
0.197182446
0.197182446
0.191602804
0.171181586
0.171181586
0.171181586
0.171181586
0.171181586
0.171181586
0.171181586
0.094902319
0.094902319
0.094902319
0.094902319
0.094902319
0.094902319
0.094902319
0.094902319
0.11399565
0.11399565
0.11399565
0.11399565
0.11399565
0.11399565
0.11399565
0.11399565
0.108258245
0.108258245
0.108258245
0.108258245
0.108258245
0.108258245
0.108258245
0.124853522
0.085043581
0.085043581
0.085043581
0.085043581
0.085043581
0.085043581
0.085043581
0.085043581
0.051525129
0.051525129
0.051525129
0.051525129
0.051525129
0.051525129
0.051525129
0.051525129
0.049572597
0.049572597
0.049572597
0.049572597
0.049572597
0.049572597
0.049572597
0.049572597
0.003471167
0.003471167
0.003471167
0.003471167
0.003471167
0.003471167
0.022263818
0.022263818
0.022263818
0.022263818
0.022263818
0.022263818
0.022263818
0.022263818
0.0169932
0.0169932
0.0169932
0.0169932
0.0169932
0.0169932
0.0169932
0.0169932
0.041619709
0.041619709
0.041619709
0.041619709
0.041619709
0.041619709
0.041619709
0.041619709
0.043528036
0.043528036
0.043528036
0.043528036
0.043528036
0.043528036
0.043528036
0.060333223
0.128727669
0.128727669
0.128727669
0.128727669
0.128727669
0.128727669
0.128727669
0.128727669
0.050382649
0.050382649
0.050382649
0.050382649
0.050382649
0.050382649
0.050382649
0.050382649
0.070031883
0.070031883
0.070031883
0.070031883
0.070031883
0.070031883
0.070031883
0.070031883
0.121548142
0.121548142
0.121548142
0.080162169
0.080162169
0.080162169
0.080162169
0.080162169
0.069861538
0.069861538
0.069861538
0.069861538
0.069861538
0.069861538
0.069861538
0.069861538
0.170791108
0.170791108
0.170791108
0.170791108
0.170791108
0.170791108
0.170791108
0.170791108
0.118623396
0.118623396
0.118623396
0.118623396
0.118623396
0.118623396
0.118623396
0.118623396
0.140636841
0.140636841
0.129059468
0.129059468
0.129059468
0.129059468
0.129059468
0.129059468
0.259796023
0.259796023
0.259796023
0.259796023
0.259796023
0.259796023
0.259796023
0.259796023
0.216267993
0.216267993
0.216267993
0.216267993
0.216267993
0.216267993
0.216267993
0.216267993
0.25148682
0.25148682
0.25148682
0.25148682
0.25148682
0.25148682
0.25148682
0.25148682
0.472047181
0.472047181
0.472047181
0.472047181
0.472047181
0.472047181
0.472047181
0.472047181
0.688793309
0.688793309
0.688793309
0.688793309
0.688793309
0.688793309
0.688793309
0.688793309
0.610863141
0.610863141
0.610863141
0.610863141
0.610863141
0.610863141
0.610863141
0.610863141
0.682139622
0.682139622
0.682139622
0.682139622
0.682139622
0.682139622
0.682139622
0.815715056
1.378671798
1.378671798
1.378671798
1.378671798
1.378671798
1.378671798
1.378671798
1.378671798
1.469573236
1.469573236
1.469573236
1.469573236
1.469573236
1.469573236
1.469573236
1.469573236
1.501726622
1.501726622
1.501726622
1.501726622
1.501726622
1.501726622
1.501726622
1.501726622
1.126676447
1.126676447
1.126676447
1.126676447
1.126676447
1.374769693
1.374769693
1.374769693
1.466802259
1.466802259
1.466802259
1.466802259
1.466802259
1.466802259
1.466802259
1.466802259
0.925379465
0.925379465
0.925379465
0.925379465
0.925379465
0.925379465
0.925379465
0.925379465
1.164637535
1.164637535
1.164637535
1.164637535
1.164637535
1.164637535
1.164637535
1.164637535
1.354554448
1.354554448
1.354554448
1.354554448
1.023174528
1.023174528
1.023174528
1.023174528
0.805479958
0.805479958
0.805479958
0.805479958
0.805479958
0.805479958
0.805479958
0.805479958
0.911263245
0.911263245
0.911263245
0.911263245
0.911263245
0.911263245
0.911263245
0.911263245
0.770218862
0.770218862
0.770218862
0.770218862
0.770218862
0.770218862
0.770218862
0.770218862
0.648663518
0.648663518
0.648663518
0.485705609
0.485705609
0.485705609
0.485705609
0.485705609
0.41770532
0.41770532
0.41770532
0.41770532
0.41770532
0.41770532
0.41770532
0.41770532
0.340828886
0.340828886
0.340828886
0.340828886
0.340828886
0.340828886
0.340828886
0.340828886
0.284337495
0.284337495
0.284337495
0.284337495
0.284337495
0.284337495
0.284337495
0.284337495
0.28072686
0.392891025
0.392891025
0.392891025
0.392891025
0.392891025
0.392891025
0.392891025
0.338568472
0.338568472
0.338568472
0.338568472
0.338568472
0.338568472
0.338568472
0.338568472
0.233292206
0.233292206
0.233292206
0.233292206
0.233292206
0.233292206
0.233292206
0.233292206
0.170547551
0.170547551
0.170547551
0.170547551
0.170547551
0.170547551
0.170547551
0.170547551
0.115500543
0.115500543
0.115500543
0.115500543
0.115500543
0.115500543
0.115500543
0.115500543
0.104119789
0.104119789
0.104119789
0.104119789
0.104119789
0.104119789
0.104119789
0.104119789
0.045428959
0.045428959
0.045428959
0.045428959
0.045428959
0.045428959
0.045428959
0.045428959
0.03799855
0.03799855
0.03799855
0.03799855
0.03799855
0.03799855
0.043823478
0.043823478
0.006616911
0.006616911
0.006616911
0.006616911
0.006616911
0.006616911
0.006616911
0.006616911
0.036555723
0.036555723
0.036555723
0.036555723
0.036555723
0.036555723
0.036555723
0.036555723
0.032108291
0.032108291
0.032108291
0.032108291
0.032108291
0.032108291
0.032108291
0.032108291
0.029721864
0.029721864
0.029721864
0.029721864
0.029721864
0.021718582
0.021718582
0.021718582
0.021718582
0.021718582
0.021718582
0.021718582
0.021718582
0.043164545
0.043164545
0.043164545
0.043164545
0.043164545
0.043164545
0.043164545
0.043164545
0.038439163
0.038439163
0.038439163
0.038439163
0.038439163
0.038439163
0.038439163
0.038439163
0
0
0
0
0
0
0
0
0
0
0
0
0
0
0
0
0.044966515
0.044966515
0.044966515
0.044966515
0.044966515
0.044966515
0.044966515
0.044966515
0.119406879
0.119406879
0.119406879
0.119406879
0.119406879
0.119406879
0.119406879
0.119406879
0.031363199
0.031363199
0.031363199
0.020684332
0.020684332
0.020684332
0.020684332
0.020684332
0.073184322
0.073184322
0.073184322
0.073184322
0.073184322
0.073184322
0.073184322
0.073184322
0.096111533
0.096111533
0.096111533
0.096111533
0.096111533
0.096111533
0.096111533
0.096111533
0.098271343
0.098271343
0.098271343
0.098271343
0.098271343
0.098271343
0.098271343
0.098271343
0.192887623
0.192887623
0.17700891
0.17700891
0.17700891
0.17700891
0.17700891
0.17700891
0.206967783
0.206967783
0.206967783
0.206967783
0.206967783
0.206967783
0.206967783
0.206967783
0.212685125
0.212685125
0.212685125
0.212685125
0.212685125
0.212685125
0.212685125
0.212685125
0.422549694
0.422549694
0.422549694
0.422549694
0.422549694
0.422549694
0.422549694
0.422549694
0.578232731
0.578232731
0.578232731
0.578232731
0.578232731
0.578232731
0.578232731
0.578232731
0.533479851
0.533479851
0.533479851
0.533479851
0.533479851
0.533479851
0.533479851
0.533479851
0.717230984
0.717230984
0.717230984
0.717230984
0.717230984
0.717230984
0.717230984
0.717230984
0.651423286
0.651423286
0.651423286
0.651423286
0.651423286
0.651423286
0.651423286
0.778983899
0.658544945
0.658544945
0.658544945
0.658544945
0.658544945
0.658544945
0.658544945
0.658544945
0.98138674
0.98138674
0.98138674
0.98138674
0.98138674
0.98138674
0.98138674
0.98138674
1.133870086
1.133870086
1.133870086
1.133870086
1.133870086
1.133870086
1.133870086
1.133870086
0.985310543
0.985310543
0.985310543
0.985310543
0.985310543
1.202275131
1.202275131
1.202275131
1.284200073
1.284200073
1.284200073
1.284200073
1.284200073
1.284200073
1.284200073
1.284200073
0.859546922
0.859546922
0.859546922
0.859546922
0.859546922
0.859546922
0.859546922
0.859546922
0.781212845
0.781212845
0.781212845
0.781212845
0.781212845
0.781212845
0.781212845
0.781212845
0.667103104
0.667103104
0.667103104
0.667103104
0.503902154
0.503902154
0.503902154
0.503902154
0.590698697
0.590698697
0.590698697
0.590698697
0.590698697
0.590698697
0.590698697
0.590698697
0.495865437
0.495865437
0.495865437
0.495865437
0.495865437
0.495865437
0.495865437
0.495865437
0.464321322
0.464321322
0.464321322
0.464321322
0.464321322
0.464321322
0.464321322
0.464321322
0.346683878
0.346683878
0.346683878
0.259589602
0.259589602
0.259589602
0.259589602
0.259589602
0.140889981
0.140889981
0.140889981
0.140889981
0.140889981
0.140889981
0.140889981
0.140889981
0.182938833
0.182938833
0.182938833
0.182938833
0.182938833
0.182938833
0.182938833
0.182938833
0.213253121
0.213253121
0.213253121
0.213253121
0.213253121
0.213253121
0.213253121
0.213253121
0.169925503
0.237819085
0.237819085
0.237819085
0.237819085
0.237819085
0.237819085
0.237819085
0.174863878
0.174863878
0.174863878
0.174863878
0.174863878
0.174863878
0.174863878
0.174863878
0.18044352
0.18044352
0.18044352
0.18044352
0.18044352
0.18044352
0.18044352
0.18044352
0.183917637
0.183917637
0.183917637
0.183917637
0.183917637
0.183917637
0.183917637
0.183917637
0.091140086
0.091140086
0.091140086
0.091140086
0.091140086
0.091140086
0.091140086
0.091140086
0.045899239
0.045899239
0.045899239
0.045899239
0.045899239
0.045899239
0.045899239
0.045899239
0.036305545
0.036305545
0.036305545
0.036305545
0.036305545
0.036305545
0.036305545
0.036305545
0.056245378
0.056245378
0.056245378
0.056245378
0.056245378
0.056245378
0.064867425
0.064867425
0.020718525
0.020718525
0.020718525
0.020718525
0.020718525
0.020718525
0.020718525
0.020718525
0.014427036
0.014427036
0.014427036
0.014427036
0.014427036
0.014427036
0.014427036
0.014427036
0.013776192
0.013776192
0.013776192
0.013776192
0.013776192
0.013776192
0.013776192
0.013776192
0.0104135
0.0104135
0.0104135
0.0104135
0.0104135
0.003362291
0.003362291
0.003362291
0.003362291
0.003362291
0.003362291
0.003362291
0.003362291
0.0029988
0.0029988
0.0029988
0.0029988
0.0029988
0.0029988
0.0029988
0.0029988
0.033077673
0.033077673
0.033077673
0.033077673
0.033077673
0.033077673
0.033077673
0.033077673
0.041892327
0.041892327
0.041892327
0.041892327
0.041892327
0.041892327
0.041892327
0.058066004
0.034764028
0.034764028
0.034764028
0.034764028
0.034764028
0.034764028
0.034764028
0.034764028
0.091696422
0.091696422
0.091696422
0.091696422
0.091696422
0.091696422
0.091696422
0.091696422
0.021160713
0.021160713
0.021160713
0.021160713
0.021160713
0.021160713
0.021160713
0.021160713
0.007179528
0.007179528
0.007179528
0.004734967
0.004734967
0.004734967
0.004734967
0.004734967
0.057234958
0.057234958
0.057234958
0.057234958
0.057234958
0.057234958
0.057234958
0.057234958
0.097191438
0.097191438
0.097191438
0.097191438
0.097191438
0.097191438
0.097191438
0.097191438
0.186158985
0.186158985
0.186158985
0.186158985
0.186158985
0.186158985
0.186158985
0.186158985
0.222045054
0.222045054
0.203766071
0.203766071
0.203766071
0.203766071
0.203766071
0.203766071
0.378488045
0.378488045
0.378488045
0.378488045
0.378488045
0.378488045
0.378488045
0.378488045
0.399985251
0.399985251
0.399985251
0.399985251
0.399985251
0.399985251
0.399985251
0.399985251
0.566474252
0.566474252
0.566474252
0.566474252
0.566474252
0.566474252
0.566474252
0.566474252
0.824327998
0.824327998
0.824327998
0.824327998
0.824327998
0.824327998
0.824327998
0.824327998
0.67940523
0.67940523
0.67940523
0.67940523
0.67940523
0.67940523
0.67940523
0.67940523
0.688155284
0.688155284
0.688155284
0.688155284
0.688155284
0.688155284
0.688155284
0.688155284
0.816489408
0.816489408
0.816489408
0.816489408
0.816489408
0.816489408
0.816489408
0.976372992
1.552409078
1.552409078
1.552409078
1.552409078
1.552409078
1.552409078
1.552409078
1.552409078
1.058118888
1.058118888
1.058118888
1.058118888
1.058118888
1.058118888
1.058118888
1.058118888
1.229458288
1.229458288
1.229458288
1.229458288
1.229458288
1.229458288
1.229458288
1.229458288
1.050380277
1.050380277
1.050380277
1.050380277
1.050380277
1.281673168
1.281673168
1.281673168
1.189507607
1.189507607
1.189507607
1.189507607
1.189507607
1.189507607
1.189507607
1.189507607
1.696218697
1.696218697
1.696218697
1.696218697
1.696218697
1.696218697
1.696218697
1.696218697
1.379823505
1.379823505
1.379823505
1.379823505
1.379823505
1.379823505
1.379823505
1.379823505
1.484889584
1.484889584
1.484889584
1.484889584
1.121624311
1.121624311
1.121624311
1.121624311
1.115194937
1.115194937
1.115194937
1.115194937
1.115194937
1.115194937
1.115194937
1.115194937
0.872687003
0.872687003
0.872687003
0.872687003
0.872687003
0.872687003
0.872687003
0.872687003
0.970232655
0.970232655
0.970232655
0.970232655
0.970232655
0.970232655
0.970232655
0.970232655
0.519473293
0.519473293
0.519473293
0.388970684
0.388970684
0.388970684
0.388970684
0.388970684
0.355421868
0.355421868
0.355421868
0.355421868
0.355421868
0.355421868
0.355421868
0.355421868
0.259664823
0.259664823
0.259664823
0.259664823
0.259664823
0.259664823
0.259664823
0.259664823
0.369337857
0.369337857
0.369337857
0.369337857
0.369337857
0.369337857
0.369337857
0.369337857
0.260040931
0.363940052
0.363940052
0.363940052
0.363940052
0.363940052
0.363940052
0.363940052
0.26529619
0.26529619
0.26529619
0.26529619
0.26529619
0.26529619
0.26529619
0.26529619
0.227291458
0.227291458
0.227291458
0.227291458
0.227291458
0.227291458
0.227291458
0.227291458
0.159388267
0.159388267
0.159388267
0.159388267
0.159388267
0.159388267
0.159388267
0.159388267
0.10073378
0.10073378
0.10073378
0.10073378
0.10073378
0.10073378
0.10073378
0.10073378
0.101486226
0.101486226
0.101486226
0.101486226
0.101486226
0.101486226
0.101486226
0.101486226
0.062076839
0.062076839
0.062076839
0.062076839
0.062076839
0.062076839
0.062076839
0.062076839
0.012697535
0.012697535
0.012697535
0.012697535
0.012697535
0.012697535
0.014643984
0.014643984
0.067904696
0.067904696
0.067904696
0.067904696
0.067904696
0.067904696
0.067904696
0.067904696
0.037098093
0.037098093
0.037098093
0.037098093
0.037098093
0.037098093
0.037098093
0.037098093
0.044908217
0.044908217
0.044908217
0.044908217
0.044908217
0.044908217
0.044908217
0.044908217
0.011172817
0.011172817
0.011172817
0.011172817
0.011172817
0.014721382
0.014721382
0.014721382
0.014721382
0.014721382
0.014721382
0.014721382
0.014721382
0.023899527
0.023899527
0.023899527
0.023899527
0.023899527
0.023899527
0.023899527
0.023899527
0.014539636
0.014539636
0.014539636
0.014539636
0.014539636
0.014539636
0.014539636
0.014539636
0.055250618
0.055250618
0.055250618
0.055250618
0.055250618
0.055250618
0.055250618
0.076581627
0.06713488
0.06713488
0.06713488
0.06713488
0.06713488
0.06713488
0.06713488
0.06713488
0.093459815
0.093459815
0.093459815
0.093459815
0.093459815
0.093459815
0.093459815
0.093459815
0.121548142
0.121548142
0.121548142
0.121548142
0.121548142
0.121548142
0.121548142
0.121548142
0.170671225
0.170671225
0.170671225
0.170671225
0.112559315
0.112559315
0.112559315
0.112559315
0.106412164
0.106412164
0.106412164
0.106412164
0.106412164
0.106412164
0.106412164
0.106412164
0.171372595
0.171372595
0.171372595
0.171372595
0.171372595
0.171372595
0.171372595
0.171372595
0.258927958
0.258927958
0.258927958
0.258927958
0.258927958
0.258927958
0.258927958
0.258927958
0.244307708
0.244307708
0.244307708
0.22419604
0.22419604
0.22419604
0.22419604
0.22419604
0.28754419
0.28754419
0.28754419
0.28754419
0.28754419
0.28754419
0.28754419
0.28754419
0.287849115
0.287849115
0.287849115
0.287849115
0.287849115
0.287849115
0.287849115
0.287849115
0.506937663
0.506937663
0.506937663
0.506937663
0.506937663
0.506937663
0.506937663
0.506937663
0.777634752
0.929784377
0.929784377
0.929784377
0.929784377
0.929784377
0.929784377
0.929784377
1.083912932
1.083912932
1.083912932
1.083912932
1.083912932
1.083912932
1.083912932
1.083912932
0.649691505
0.649691505
0.649691505
0.649691505
0.649691505
0.649691505
0.649691505
0.649691505
1.13932994
1.13932994
1.13932994
1.13932994
1.13932994
1.13932994
1.13932994
1.13932994
1.303574568
1.303574568
1.303574568
1.303574568
1.303574568
1.303574568
1.303574568
1.303574568
1.258886811
1.258886811
1.258886811
1.258886811
1.258886811
1.258886811
1.258886811
1.258886811
1.200356749
1.200356749
1.200356749
1.200356749
1.200356749
1.200356749
1.200356749
1.200356749
1.653447006
1.653447006
1.653447006
1.653447006
1.653447006
1.653447006
2.017534705
2.017534705
1.197620305
1.197620305
1.197620305
1.197620305
1.197620305
1.197620305
1.197620305
1.197620305
1.92497016
1.92497016
1.92497016
1.92497016
1.92497016
1.92497016
1.92497016
1.92497016
1.610037913
1.610037913
1.610037913
1.610037913
1.610037913
1.610037913
1.610037913
1.610037913
1.197221319
1.197221319
1.197221319
1.197221319
1.197221319
0.904331576
0.904331576
0.904331576
0.695176017
0.695176017
0.695176017
0.695176017
0.695176017
0.695176017
0.695176017
0.695176017
0.6871393
0.6871393
0.6871393
0.6871393
0.6871393
0.6871393
0.6871393
0.6871393
0.713760925
0.713760925
0.713760925
0.713760925
0.713760925
0.713760925
0.713760925
0.713760925
0.43358088
0.43358088
0.43358088
0.43358088
0.324656251
0.324656251
0.324656251
0.324656251
0.310439376
0.310439376
0.310439376
0.310439376
0.310439376
0.310439376
0.310439376
0.310439376
0.319165077
0.319165077
0.319165077
0.319165077
0.319165077
0.319165077
0.319165077
0.319165077
0.257859506
0.257859506
0.257859506
0.257859506
0.257859506
0.257859506
0.257859506
0.257859506
0.337519137
0.337519137
0.472374606
0.472374606
0.472374606
0.472374606
0.472374606
0.472374606
0.350991071
0.350991071
0.350991071
0.350991071
0.350991071
0.350991071
0.350991071
0.350991071
0.358255133
0.358255133
0.358255133
0.358255133
0.358255133
0.358255133
0.358255133
0.358255133
0.264980362
0.264980362
0.264980362
0.264980362
0.264980362
0.264980362
0.264980362
0.264980362
0.209394493
0.187077019
0.187077019
0.187077019
0.187077019
0.187077019
0.187077019
0.187077019
0.126222906
0.126222906
0.126222906
0.126222906
0.126222906
0.126222906
0.126222906
0.126222906
0.157449437
0.157449437
0.157449437
0.157449437
0.157449437
0.157449437
0.157449437
0.157449437
0.075150597
0.075150597
0.075150597
0.075150597
0.075150597
0.075150597
0.075150597
0.08667069
0.022237161
0.022237161
0.022237161
0.022237161
0.022237161
0.022237161
0.022237161
0.022237161
0.001193214
0.001193214
0.001193214
0.001193214
0.001193214
0.001193214
0.001193214
0.001193214
0.019308364
0.019308364
0.019308364
0.019308364
0.019308364
0.019308364
0.019308364
0.019308364
0.071050441
0.071050441
0.071050441
0.071050441
0.071050441
0.071050441
0.011722582
0.011722582
0.011722582
0.011722582
0.011722582
0.011722582
0.011722582
0.011722582
0.023081673
0.023081673
0.023081673
0.023081673
0.023081673
0.023081673
0.023081673
0.023081673
0.043618909
0.043618909
0.043618909
0.043618909
0.043618909
0.043618909
0.043618909
0.043618909
0.057885927
0.057885927
0.057885927
0.057885927
0.057885927
0.057885927
0.057885927
0.080234369
0.075196104
0.075196104
0.075196104
0.075196104
0.075196104
0.075196104
0.075196104
0.075196104
0.124948971
0.124948971
0.124948971
0.124948971
0.124948971
0.124948971
0.124948971
0.124948971
0.168026136
0.168026136
0.168026136
0.168026136
0.168026136
0.168026136
0.168026136
0.168026136
0.188934936
0.188934936
0.188934936
0.124604407
0.124604407
0.124604407
0.124604407
0.124604407
0.162234938
0.162234938
0.162234938
0.162234938
0.162234938
0.162234938
0.162234938
0.162234938
0.196044268
0.196044268
0.196044268
0.196044268
0.196044268
0.196044268
0.196044268
0.196044268
0.207757082
0.207757082
0.207757082
0.207757082
0.207757082
0.207757082
0.207757082
0.207757082
0.261087768
0.261087768
0.239594748
0.239594748
0.239594748
0.239594748
0.239594748
0.239594748
0.382375837
0.382375837
0.382375837
0.382375837
0.382375837
0.382375837
0.382375837
0.382375837
0.485287995
0.485287995
0.485287995
0.485287995
0.485287995
0.485287995
0.485287995
0.485287995
0.684632655
0.684632655
0.684632655
0.684632655
0.684632655
0.684632655
0.684632655
0.684632655
0.990852462
0.990852462
0.990852462
0.990852462
0.990852462
0.990852462
0.990852462
0.990852462
1.014368232
1.014368232
1.014368232
1.014368232
1.014368232
1.014368232
1.014368232
1.014368232
1.231296653
1.231296653
1.231296653
1.231296653
1.231296653
1.231296653
1.231296653
1.231296653
1.318068021
1.318068021
1.318068021
1.318068021
1.318068021
1.318068021
1.318068021
1.576169885
1.095286023
1.095286023
1.095286023
1.095286023
1.095286023
1.095286023
1.095286023
1.095286023
1.339433768
1.339433768
1.339433768
1.339433768
1.339433768
1.339433768
1.339433768
1.339433768
1.200574738
1.200574738
1.200574738
1.200574738
1.200574738
1.200574738
1.200574738
1.200574738
1.116757945
1.116757945
1.116757945
1.116757945
1.116757945
1.362667145
1.362667145
1.362667145
1.20067919
1.20067919
1.20067919
1.20067919
1.20067919
1.20067919
1.20067919
1.20067919
1.402299666
1.402299666
1.402299666
1.402299666
1.402299666
1.402299666
1.402299666
1.402299666
0.910750011
0.910750011
0.910750011
0.910750011
0.910750011
0.910750011
0.910750011
0.910750011
0.872580435
0.872580435
0.872580435
0.872580435
0.65911125
0.65911125
0.65911125
0.65911125
0.66684659
0.66684659
0.66684659
0.66684659
0.66684659
0.66684659
0.66684659
0.66684659
0.9214096
0.9214096
0.9214096
0.9214096
0.9214096
0.9214096
0.9214096
0.9214096
0.782173478
0.782173478
0.782173478
0.782173478
0.782173478
0.782173478
0.782173478
0.782173478
0.946323422
0.946323422
0.946323422
0.70858709
0.70858709
0.70858709
0.70858709
0.70858709
0.657135544
0.657135544
0.657135544
0.657135544
0.657135544
0.657135544
0.657135544
0.657135544
0.45584265
0.45584265
0.45584265
0.45584265
0.45584265
0.45584265
0.45584265
0.45584265
0.31352346
0.31352346
0.31352346
0.31352346
0.31352346
0.31352346
0.31352346
0.31352346
0.25996571
0.363834775
0.363834775
0.363834775
0.363834775
0.363834775
0.363834775
0.363834775
0.435738465
0.435738465
0.435738465
0.435738465
0.435738465
0.435738465
0.435738465
0.435738465
0.283508984
0.283508984
0.283508984
0.283508984
0.283508984
0.283508984
0.283508984
0.283508984
0.225185933
0.225185933
0.225185933
0.225185933
0.225185933
0.225185933
0.225185933
0.225185933
0.139202609
0.139202609
0.139202609
0.139202609
0.139202609
0.139202609
0.139202609
0.139202609
0.05869083
0.05869083
0.05869083
0.05869083
0.05869083
0.05869083
0.05869083
0.05869083
0.062829286
0.062829286
0.062829286
0.062829286
0.062829286
0.062829286
0.062829286
0.062829286
0.085402681
0.085402681
0.085402681
0.085402681
0.085402681
0.085402681
0.098494351
0.098494351
0.09599945
0.09599945
0.09599945
0.09599945
0.09599945
0.09599945
0.09599945
0.09599945
0.067036904
0.067036904
0.067036904
0.067036904
0.067036904
0.067036904
0.067036904
0.067036904
0.031132025
0.031132025
0.031132025
0.031132025
0.031132025
0.031132025
0.031132025
0.031132025
0.005640646
0.005640646
0.005640646
0.005640646
0.005640646
0.006361091
0.006361091
0.006361091
0.006361091
0.006361091
0.006361091
0.006361091
0.006361091
0.016902327
0.016902327
0.016902327
0.016902327
0.016902327
0.016902327
0.016902327
0.016902327
0.027807054
0.027807054
0.027807054
0.027807054
0.027807054
0.027807054
0.027807054
0.027807054
0.049798254
0.049798254
0.049798254
0.049798254
0.049798254
0.049798254
0.049798254
0.06902423
0.033630419
0.033630419
0.033630419
0.033630419
0.033630419
0.033630419
0.033630419
0.033630419
0.050634563
0.050634563
0.050634563
0.050634563
0.050634563
0.050634563
0.050634563
0.050634563
0.026450891
0.026450891
0.026450891
0.026450891
0.026450891
0.026450891
0.026450891
0.026450891
0.09887595
0.09887595
0.09887595
0.06520964
0.06520964
0.06520964
0.06520964
0.06520964
0.093121027
0.093121027
0.093121027
0.093121027
0.093121027
0.093121027
0.093121027
0.093121027
0.136815639
0.136815639
0.136815639
0.136815639
0.136815639
0.136815639
0.136815639
0.136815639
0.108322765
0.108322765
0.108322765
0.108322765
0.108322765
0.108322765
0.108322765
0.108322765
0.125518173
0.125518173
0.115185385
0.115185385
0.115185385
0.115185385
0.115185385
0.115185385
0.228617451
0.228617451
0.228617451
0.228617451
0.228617451
0.228617451
0.228617451
0.228617451
0.236240574
0.236240574
0.236240574
0.236240574
0.236240574
0.236240574
0.236240574
0.236240574
0.398994245
0.398994245
0.398994245
0.398994245
0.398994245
0.398994245
0.398994245
0.398994245
0.648233163
0.648233163
0.648233163
0.648233163
0.648233163
0.648233163
0.648233163
0.648233163
1.244148294
1.244148294
1.244148294
1.244148294
1.244148294
1.244148294
1.244148294
1.244148294
1.188457847
1.188457847
1.188457847
1.188457847
1.188457847
1.188457847
1.188457847
1.188457847
1.552952281
1.552952281
1.552952281
1.552952281
1.552952281
1.552952281
1.552952281
1.857048787
1.181500695
1.181500695
1.181500695
1.181500695
1.181500695
1.181500695
1.181500695
1.181500695
1.726582335
1.726582335
1.726582335
1.726582335
1.726582335
1.726582335
1.726582335
1.726582335
1.345210478
1.345210478
1.345210478
1.345210478
1.345210478
1.345210478
1.345210478
1.345210478
1.513280042
1.513280042
1.513280042
1.513280042
1.513280042
1.846503088
1.846503088
1.846503088
1.183655826
1.183655826
1.183655826
1.183655826
1.183655826
1.183655826
1.183655826
1.183655826
1.09029331
1.09029331
1.09029331
1.09029331
1.09029331
1.09029331
1.09029331
1.09029331
0.993073938
0.993073938
0.993073938
0.993073938
0.993073938
0.993073938
0.993073938
0.993073938
0.973922653
0.973922653
0.973922653
0.973922653
0.735660979
0.735660979
0.735660979
0.735660979
0.90593892
0.90593892
0.90593892
0.90593892
0.90593892
0.90593892
0.90593892
0.90593892
0.672974587
0.672974587
0.672974587
0.672974587
0.672974587
0.672974587
0.672974587
0.672974587
0.752337167
0.752337167
0.752337167
0.752337167
0.752337167
0.752337167
0.752337167
0.752337167
0.564378449
0.564378449
0.564378449
0.422594721
0.422594721
0.422594721
0.422594721
0.422594721
0.233412499
0.233412499
0.233412499
0.233412499
0.233412499
0.233412499
0.233412499
0.233412499
0.369563522
0.369563522
0.369563522
0.369563522
0.369563522
0.369563522
0.369563522
0.369563522
0.234014272
0.234014272
0.234014272
0.234014272
0.234014272
0.234014272
0.234014272
0.234014272
0.293815411
0.411209095
0.411209095
0.411209095
0.411209095
0.411209095
0.411209095
0.411209095
0.261190416
0.261190416
0.261190416
0.261190416
0.261190416
0.261190416
0.261190416
0.261190416
0.208025902
0.208025902
0.208025902
0.208025902
0.208025902
0.208025902
0.208025902
0.208025902
0.202762088
0.202762088
0.202762088
0.202762088
0.202762088
0.202762088
0.202762088
0.202762088
0.120203334
0.120203334
0.120203334
0.120203334
0.120203334
0.120203334
0.120203334
0.120203334
0.045052736
0.045052736
0.045052736
0.045052736
0.045052736
0.045052736
0.045052736
0.045052736
0.063017397
0.063017397
0.063017397
0.063017397
0.063017397
0.063017397
0.063017397
0.063017397
0.076561435
0.076561435
0.076561435
0.076561435
0.076561435
0.076561435
0.088297799
0.088297799
0.022888004
0.022888004
0.022888004
0.022888004
0.022888004
0.022888004
0.022888004
0.022888004
0.050874285
0.050874285
0.050874285
0.050874285
0.050874285
0.050874285
0.050874285
0.050874285
0.062047102
0.062047102
0.062047102
0.062047102
0.062047102
0.062047102
0.062047102
0.062047102
0.023972744
0.023972744
0.023972744
0.023972744
0.023972744
0.021173345
0.021173345
0.021173345
0.021173345
0.021173345
0.021173345
0.021173345
0.021173345
0.028352291
0.028352291
0.028352291
0.028352291
0.028352291
0.028352291
0.028352291
0.028352291
0.045799854
0.045799854
0.045799854
0.045799854
0.045799854
0.045799854
0.045799854
0.045799854
0.0239904
0.0239904
0.0239904
0.0239904
0.0239904
0.0239904
0.0239904
0.033252549
0.072299102
0.072299102
0.072299102
0.072299102
0.072299102
0.072299102
0.072299102
0.072299102
0.08728794
0.08728794
0.08728794
0.08728794
0.08728794
0.08728794
0.08728794
0.08728794
0.0589477
0.0589477
0.0589477
0.0589477
0.0589477
0.0589477
0.0589477
0.0589477
0.023805802
0.023805802
0.023805802
0.015700155
0.015700155
0.015700155
0.015700155
0.015700155
0.046934327
0.046934327
0.046934327
0.046934327
0.046934327
0.046934327
0.046934327
0.046934327
0.148196175
0.148196175
0.148196175
0.148196175
0.148196175
0.148196175
0.148196175
0.148196175
0.14711627
0.14711627
0.14711627
0.14711627
0.14711627
0.14711627
0.14711627
0.14711627
0.166305349
0.166305349
0.152614918
0.152614918
0.152614918
0.152614918
0.152614918
0.152614918
0.203766071
0.203766071
0.203766071
0.203766071
0.203766071
0.203766071
0.203766071
0.203766071
0.453118416
0.453118416
0.453118416
0.453118416
0.453118416
0.453118416
0.453118416
0.453118416
0.61480485
0.61480485
0.61480485
0.61480485
0.61480485
0.61480485
0.61480485
0.61480485
0.671384347
0.671384347
0.671384347
0.671384347
0.671384347
0.671384347
0.671384347
0.671384347
0.862244899
0.862244899
0.862244899
0.862244899
0.862244899
0.862244899
0.862244899
0.862244899
0.870721513
0.870721513
0.870721513
0.870721513
0.870721513
0.870721513
0.870721513
0.870721513
0.750408272
0.750408272
0.750408272
0.750408272
0.750408272
0.750408272
0.750408272
0.897351958
1.251257194
1.251257194
1.251257194
1.251257194
1.251257194
1.251257194
1.251257194
1.251257194
1.284391531
1.284391531
1.284391531
1.284391531
1.284391531
1.284391531
1.284391531
1.284391531
1.494641977
1.494641977
1.494641977
1.494641977
1.494641977
1.494641977
1.494641977
1.494641977
1.630340166
1.630340166
1.630340166
1.630340166
1.630340166
1.989339757
1.989339757
1.989339757
1.840252321
1.840252321
1.840252321
1.840252321
1.840252321
1.840252321
1.840252321
1.840252321
1.752342602
1.752342602
1.752342602
1.752342602
1.752342602
1.752342602
1.752342602
1.752342602
1.152667982
1.152667982
1.152667982
1.152667982
1.152667982
1.152667982
1.152667982
1.152667982
0.931763226
0.931763226
0.931763226
0.931763226
0.703815488
0.703815488
0.703815488
0.703815488
0.606068918
0.606068918
0.606068918
0.606068918
0.606068918
0.606068918
0.606068918
0.606068918
0.584168864
0.584168864
0.584168864
0.584168864
0.584168864
0.584168864
0.584168864
0.584168864
0.606370295
0.606370295
0.606370295
0.606370295
0.606370295
0.606370295
0.606370295
0.606370295
0.498376911
0.498376911
0.498376911
0.373174157
0.373174157
0.373174157
0.373174157
0.373174157
0.48525428
0.48525428
0.48525428
0.48525428
0.48525428
0.48525428
0.48525428
0.48525428
0.456369201
0.456369201
0.456369201
0.456369201
0.456369201
0.456369201
0.456369201
0.456369201
0.397696385
0.397696385
0.397696385
0.397696385
0.397696385
0.397696385
0.397696385
0.397696385
0.275611794
0.385732239
0.385732239
0.385732239
0.385732239
0.385732239
0.385732239
0.385732239
0.397312628
0.397312628
0.397312628
0.397312628
0.397312628
0.397312628
0.397312628
0.397312628
0.304037856
0.304037856
0.304037856
0.304037856
0.304037856
0.304037856
0.304037856
0.304037856
0.061797168
0.061797168
0.061797168
0.061797168
0.061797168
0.061797168
0.061797168
0.061797168
0.077690105
0.077690105
0.077690105
0.077690105
0.077690105
0.077690105
0.077690105
0.077690105
0.046181406
0.046181406
0.046181406
0.046181406
0.046181406
0.046181406
0.046181406
0.046181406
0.044488401
0.044488401
0.044488401
0.044488401
0.044488401
0.044488401
0.044488401
0.044488401
0.038280717
0.038280717
0.038280717
0.038280717
0.038280717
0.038280717
0.0441489
0.0441489
0.041545525
0.041545525
0.041545525
0.041545525
0.041545525
0.041545525
0.041545525
0.041545525
0.018006677
0.018006677
0.018006677
0.018006677
0.018006677
0.018006677
0.018006677
0.018006677
0.049464123
0.049464123
0.049464123
0.049464123
0.049464123
0.049464123
0.049464123
0.049464123
0.025491379
0.025491379
0.025491379
0.025491379
0.025491379
0.028534036
0.028534036
0.028534036
0.028534036
0.028534036
0.028534036
0.028534036
0.028534036
0.050888727
0.050888727
0.050888727
0.050888727
0.050888727
0.050888727
0.050888727
0.050888727
0.019992
0.019992
0.019992
0.019992
0.019992
0.019992
0.019992
0.019992
0.032350691
0.032350691
0.032350691
0.032350691
0.032350691
0.032350691
0.032350691
0.044840558
0.065875314
0.065875314
0.065875314
0.065875314
0.065875314
0.065875314
0.065875314
0.065875314
0.031992982
0.031992982
0.031992982
0.031992982
0.031992982
0.031992982
0.031992982
0.031992982
0.057184307
0.057184307
0.057184307
0.057184307
0.057184307
0.057184307
0.057184307
0.057184307
0.117265617
0.117265617
0.117265617
0.117265617
0.077337802
0.077337802
0.077337802
0.077337802
0.143544277
0.143544277
0.143544277
0.143544277
0.143544277
0.143544277
0.143544277
0.143544277
0.072270556
0.072270556
0.072270556
0.072270556
0.072270556
0.072270556
0.072270556
0.072270556
0.171289525
0.171289525
0.171289525
0.171289525
0.171289525
0.171289525
0.171289525
0.171289525
0.193136831
0.193136831
0.193136831
0.177237604
0.177237604
0.177237604
0.177237604
0.177237604
0.323144174
0.323144174
0.323144174
0.323144174
0.323144174
0.323144174
0.323144174
0.323144174
0.274966038
0.274966038
0.274966038
0.274966038
0.274966038
0.274966038
0.274966038
0.274966038
0.651167146
0.651167146
0.651167146
0.651167146
0.651167146
0.651167146
0.651167146
0.651167146
0.762845894
0.912101977
0.912101977
0.912101977
0.912101977
0.912101977
0.912101977
0.912101977
0.597555767
0.597555767
0.597555767
0.597555767
0.597555767
0.597555767
0.597555767
0.597555767
1.092754132
1.092754132
1.092754132
1.092754132
1.092754132
1.092754132
1.092754132
1.092754132
0.830981685
0.830981685
0.830981685
0.830981685
0.830981685
0.830981685
0.830981685
0.830981685
1.209948267
1.209948267
1.209948267
1.209948267
1.209948267
1.209948267
1.209948267
1.209948267
1.406247414
1.406247414
1.406247414
1.406247414
1.406247414
1.406247414
1.406247414
1.406247414
1.032832158
1.032832158
1.032832158
1.032832158
1.032832158
1.032832158
1.032832158
1.032832158
1.496603879
1.496603879
1.496603879
1.496603879
1.496603879
1.496603879
1.826154847
1.826154847
1.788118267
1.788118267
1.788118267
1.788118267
1.788118267
1.788118267
1.788118267
1.788118267
1.520798243
1.520798243
1.520798243
1.520798243
1.520798243
1.520798243
1.520798243
1.520798243
1.4710581
1.4710581
1.4710581
1.4710581
1.4710581
1.4710581
1.4710581
1.4710581
1.315453907
1.315453907
1.315453907
1.315453907
1.315453907
0.993639593
0.993639593
0.993639593
1.258549876
1.258549876
1.258549876
1.258549876
1.258549876
1.258549876
1.258549876
1.258549876
1.030106197
1.030106197
1.030106197
1.030106197
1.030106197
1.030106197
1.030106197
1.030106197
0.784182658
0.784182658
0.784182658
0.784182658
0.784182658
0.784182658
0.784182658
0.784182658
0.733953177
0.733953177
0.733953177
0.733953177
0.549568713
0.549568713
0.549568713
0.549568713
0.478333897
0.478333897
0.478333897
0.478333897
0.478333897
0.478333897
0.478333897
0.478333897
0.511882712
0.511882712
0.511882712
0.511882712
0.511882712
0.511882712
0.511882712
0.511882712
0.321120837
0.321120837
0.321120837
0.321120837
0.321120837
0.321120837
0.321120837
0.321120837
0.377913115
0.377913115
0.528907961
0.528907961
0.528907961
0.528907961
0.528907961
0.528907961
0.39668097
0.39668097
0.39668097
0.39668097
0.39668097
0.39668097
0.39668097
0.39668097
0.250452237
0.250452237
0.250452237
0.250452237
0.250452237
0.250452237
0.250452237
0.250452237
0.059691643
0.059691643
0.059691643
0.059691643
0.059691643
0.059691643
0.059691643
0.059691643
0.158546057
0.14164806
0.14164806
0.14164806
0.14164806
0.14164806
0.14164806
0.14164806
0.090857919
0.090857919
0.090857919
0.090857919
0.090857919
0.090857919
0.090857919
0.090857919
0.078536607
0.078536607
0.078536607
0.078536607
0.078536607
0.078536607
0.078536607
0.078536607
0.049849583
0.049849583
0.049849583
0.049849583
0.049849583
0.049849583
0.049849583
0.057491196
0.038291306
0.038291306
0.038291306
0.038291306
0.038291306
0.038291306
0.038291306
0.038291306
0.028203228
0.028203228
0.028203228
0.028203228
0.028203228
0.028203228
0.028203228
0.028203228
0.043715004
0.043715004
0.043715004
0.043715004
0.043715004
0.043715004
0.043715004
0.043715004
0.036881145
0.036881145
0.036881145
0.036881145
0.036881145
0.036881145
