20090901
20201231
23.904427085
25.247109375
24.19736979
24.611614585
25.103229165
26.09986979
26.62018229
27.028750002
27.481145832
25.954557292
25.3934375
24.186588542
23.049166665
21.89109375
22.963411458
22.888385418
22.387552083
22.983385415
23.033046877
23.277057293
24.146875
22.299479167
20.765833335
19.826328123
19.82190104
21.2896875
21.887135418
21.441354167
20.342421878
21.486875
22.994635417
20.642916665
20.007057293
19.634192707
19.333229168
19.813671875
18.361692707
20.119218747
17.190755208
16.247604168
15.7228125
17.151302082
18.13059896
18.053359375
17.448125
17.099401043
16.742265625
16.495885415
18.41424479
19.649270833
19.685026042
18.398463543
16.644635417
16.454427085
17.83049479
16.511666667
16.37921875
16.699947918
17.644739585
16.14200521
15.599609375
15.825208332
16.046822917
16.331041667
16.333567707
16.810078123
17.593331738
18.220942333
18.761154515
18.787064557
17.930390627
17.67615213
17.786928227
18.58896738
18.494195885
17.575107917
15.181014458
14.081542208
13.25370329
13.822813335
15.488206332
16.007146165
15.060448753
14.794723835
13.93961946
12.893610042
12.41073225
12.77613375
14.101904668
13.835442042
12.117145832
11.385971915
10.976220416
9.340276083
7.913471396
8.094303104
9.509803582
8.441552333
8.709227229
6.268403146
5.201789167
5.726667396
8.190916458
11.118453238
9.942783855
6.595080729
7.084434896
8.336505208
8.4799375
8.224273437
7.910239583
9.131721354
11.327421872
12.090364585
7.333776042
5.924848958
5.290851562
5.154494792
5.25925
6.0389375
7.4048125
7.044041666
6.215174479
5.54725
5.446835938
4.915213542
5.593489583
6.070507812
3.750486979
2.269570312
1.849453125
2.4285
4.439455729
5.349747396
6.383984375
9.169085938
9.880182291
10.081328126
10.217317707
10.420703123
10.807421877
11.193489582
10.99328125
11.244218748
12.677916668
10.910546875
9.724869792
9.018132812
11.057578125
8.342664062
5.952692708
5.414315104
5.078898438
4.883060288
4.82364764
6.162502604
7.156466146
8.455958333
7.589848958
8.140833334
7.856111979
5.874453125
6.160958334
6.900289062
7.618528646
8.740736979
7.450328125
6.271117188
6.461601562
7.222872396
8.574817708
10.010494791
10.291979166
10.309479167
7.725138021
7.572653646
7.729286458
8.639520833
7.832611979
8.817723958
9.731640626
8.974583333
8.702690104
9.242458333
10.407500001
12.473984375
13.675520835
14.122552082
13.433854168
13.935234372
13.492994792
12.964921875
12.672552083
12.751302085
12.274557292
12.520833332
12.643619793
11.943125
12.486822918
13.745312502
9.201252603
7.633020834
9.827049478
11.986614582
13.840416668
12.908385415
12.649322918
12.821276042
12.263463545
13.141145833
14.7753125
16.37544271
17.5003125
17.433854168
16.101223958
17.647447917
18.868203125
19.34466146
16.519140625
14.895625
15.452369792
17.108046875
18.323828125
18.95731771
18.715729168
18.83653646
18.952421875
18.590052083
16.242994792
15.340520835
15.6228125
16.209947915
17.911875003
18.774609373
19.645260415
18.949375
18.33765625
17.055364582
16.408645835
17.036302083
19.431249998
19.925885417
18.41721354
18.98328125
18.047578127
18.822734375
20.364088542
21.21671875
21.392578128
19.48221354
18.560234372
19.230208332
20.290494792
21.406484372
19.1821875
17.505807293
18.59252604
20.10734375
20.327838543
20.436406252
21.132760418
21.672604165
21.72703125
23.024635418
23.78091146
24.2021875
23.86513021
24.058046875
24.276015625
24.56643229
24.665338543
25.023828122
25.078203125
25.994375
26.323697917
26.098203125
26.46765625
26.989427083
27.218750003
26.863203125
28.046458333
27.711484375
27.08143229
27.770156253
28.1375
28.546041667
26.37125
25.248958335
26.605156247
27.370130208
27.861119792
28.202864583
28.350390625
28.191822915
28.597239585
28.531223957
28.610468748
28.422630207
28.77765625
28.365677085
27.01190104
27.142708332
26.742291665
26.743619792
26.864375
26.349505208
26.412421875
27.148333333
27.515546875
27.185052085
26.674166665
26.265572915
26.366822918
27.392604168
26.646536457
27.66559896
28.428828123
28.559661457
28.683281247
28.829192707
28.64609375
28.708802083
28.863359375
28.783359375
28.683567707
29.011692707
29.105104167
28.885260417
28.75265625
27.915338542
28.080885417
28.509010415
28.683046875
29.169479168
29.99700521
30.06846354
30.143203125
30.346796877
30.235833333
30.229296873
30.757109375
30.901041665
31.060234375
31.158229165
31.431432292
31.808255205
32.089296877
32.392942707
31.905833332
31.488984372
31.258854165
31.286171872
31.404817708
32.555078125
32.453645832
32.563177085
32.740833333
29.103619793
26.992552085
27.198671875
27.806015625
28.240625
29.257890627
29.962239583
30.265651045
28.99888021
28.351901042
25.053463545
24.066640625
24.702239582
26.579583333
26.60236979
25.103645832
25.663307293
27.718619793
27.667395835
26.840937503
27.141302082
27.703333333
27.858593748
27.879453125
27.57203125
27.577760417
27.500416668
27.207994792
27.174531252
27.231067707
27.007552082
27.23783854
26.331666667
24.79513021
23.137421875
23.324661457
23.386770835
23.346692708
23.040104168
22.77546875
21.553229165
20.65765625
20.753124997
21.2753125
22.05184896
22.22265625
22.262005207
22.66846354
22.079244792
21.707395835
21.406796872
19.980677085
20.412291665
20.556536458
20.31234375
20.86705729
21.547682292
21.053151042
20.872083333
20.624817708
20.88299479
20.710026043
20.083828125
19.702916665
18.694453125
17.455703125
16.840729168
17.371015625
18.15234375
17.93346354
17.564322915
17.423645833
16.915286457
15.67109375
15.41703125
16.250260418
17.47502604
18.393177082
18.696614583
19.181875
18.639296875
16.127890623
15.073072918
15.390078122
15.03158854
14.706796875
13.819921872
13.994453122
15.89643229
17.80419271
18.706640625
16.647447915
18.449479168
14.562526042
12.802135418
13.059895832
13.82908854
15.255130208
12.721302085
12.10583333
12.72109375
13.42611979
13.664817708
11.8528125
11.12778646
11.246484378
12.283723958
12.26846354
12.541953125
12.922890625
10.157708332
9.890026042
10.775442708
12.302708335
11.91752604
12.007708332
11.535833333
11.805546875
13.881640625
13.938932292
12.452942708
11.605
11.864739585
9.708411458
8.721651042
9.398216146
10.346692708
12.894765625
14.75747396
13.03263021
9.253567708
8.233002604
9.681117189
10.31346354
9.999661456
10.915104168
11.754609375
10.577708333
9.662395832
8.817309896
6.803236979
6.5114375
7.092130208
8.457822916
9.718791667
10.477083332
10.937005209
10.895390627
10.205390625
8.071690104
7.232617188
8.952476562
9.136463541
8.551301206
10.465989584
9.761153646
10.13490625
12.468307292
12.960807292
11.345364585
11.532369792
6.779070313
5.443036458
4.840476563
4.383859375
5.072440104
7.890841146
8.149221354
7.961682292
4.605549479
4.534645834
5.789552083
8.007575521
9.582960939
10.364322916
12.263723958
13.570572915
15.802421878
16.223489583
17.398046873
17.666927085
15.552578125
13.850625
16.228671875
16.958541668
12.284453125
13.105625002
16.777838542
14.940911458
14.42375
15.152916668
15.937473958
16.398984375
13.579244792
13.736770835
14.718958332
15.43768229
14.721796875
15.126015625
16.105859375
17.79893229
17.25122396
14.54861979
14.959505208
17.526822917
20.182421875
20.751588543
20.06189206
21.282235865
21.010980903
21.339453125
20.428549325
18.794003473
20.429697915
18.850806547
15.634951775
15.622309935
15.252994792
15.09764137
15.754782478
18.929602272
19.68092803
22.734983123
19.662822173
19.527146577
21.453635417
24.33030881
25.367395833
26.25890625
25.972916667
24.107682295
23.85015625
24.616796878
25.78515625
21.496822915
21.856588542
22.955364582
26.355052082
27.181328125
22.811822918
21.91690104
25.834531247
22.463567708
19.271302083
20.522395832
20.221484375
18.93903646
19.587057292
21.047682292
22.09559896
17.49484375
16.139557293
18.052421875
19.945546875
21.028515625
21.806328125
24.345104165
25.860416668
26.718229165
25.859791667
24.000572918
24.024114583
22.442395833
21.48424479
21.530546875
22.123333332
22.626458335
23.677708335
24.558333332
22.859374997
24.387864583
26.007317708
25.774140627
24.866588543
23.703411457
23.16530729
24.535833333
27.107057293
28.043489585
27.531406253
27.934296875
28.782187498
28.691197915
29.071154168
29.294335043
31.046354167
30.281548918
32.95763529
31.807291667
31.738916957
31.5240735
31.672647585
32.109434582
33.0386295
32.845618583
31.10681975
31.770229875
34.54478476
34.82638021
34.927031247
34.83825521
34.512005208
34.473463545
34.788880208
33.8167481
35.45789775
35.914268042
36.17100221
35.49714179
33.579592435
31.203209
31.1003
30.95818775
31.21301
31.19340825
31.2669145
31.55604
31.889269
33.774112702
40.10359731
38.061201125
38.223018625
36.699189085
33.209932665
33.35954496
34.847074542
35.950060585
36.208511375
36.9220085
36.169231668
36.660999918
36.610878625
36.741949208
37.026585958
37.599687292
37.37392221
37.422426457
38.105900085
38.394364042
38.641734585
37.83445179
38.50396875
38.777928875
39.09085971
39.41272246
39.722272085
40.070099625
40.833869485
39.529645835
39.52101325
39.425900582
38.38438529
31.86258579
31.414816207
30.688065335
31.581230415
31.764827377
32.253441375
32.102093457
32.716567707
32.50486596
32.687161668
32.009227835
32.886396625
33.444932917
33.72535525
33.557064833
32.960194292
33.436060625
33.872878582
33.545837415
33.359330335
34.037509625
34.318700208
33.9272065
34.187123875
31.733029415
30.022160123
29.349196415
28.578987542
29.343307293
29.780252975
29.7471185
30.531796877
30.880187498
32.781188793
31.964661458
26.392395833
24.119975377
26.26240725
27.252188335
26.327803375
26.134017957
26.889472543
23.755384915
23.288562918
25.253290625
25.94623
25.970501207
27.058950893
27.0746875
27.945308782
26.895879407
25.854093277
25.921510417
26.4996581
26.99051699
26.247623923
28.13878646
28.18995004
26.374478267
23.263057293
22.77171875
22.315212447
23.587421875
21.95487847
21.51348123
22.216628832
22.681032988
22.366718747
19.994322257
18.81743217
18.222177645
18.97328993
20.127984375
20.58121354
20.208515625
21.464557293
21.404548613
16.96307118
16.270367007
15.551308332
16.729698275
16.808482335
18.401889175
17.987083335
14.97216146
14.36421875
15.631848958
18.166789262
19.920514172
18.10356771
15.131875
14.54888021
14.518385418
15.439062502
17.025234375
17.634678455
17.661927085
15.24106771
13.526796875
14.514791667
17.3203125
14.756666668
13.358307292
13.335239858
13.664140625
13.717473958
15.442473958
14.412786458
10.39359375
9.944505208
10.52294271
10.811822917
12.249062498
11.434973958
13.126927085
11.208489582
8.642625
7.070263021
7.134182292
8.461242188
8.365786458
8.142643229
8.261546875
10.043776042
11.340781249
14.113203125
11.882395833
10.171109375
9.601690102
10.849974882
12.548255209
11.265234376
10.116639702
9.561622396
8.322088542
8.048302084
8.842684896
10.766666666
9.984791667
9.831257812
10.680989585
11.902734372
11.723151042
11.331822918
10.014687501
9.835434896
10.728125
10.77049479
11.672708333
11.83765625
12.398463542
11.328854167
11.1440625
9.880156248
6.774664062
7.630046875
8.986549479
9.82283073
13.659375
10.78309896
9.056921875
10.338958332
10.763281251
9.267299479
11.575939162
11.90809896
11.95294607
11.367239582
11.009545588
10.793543198
10.224730902
9.671594496
11.289700038
13.521510418
11.821119792
11.766458333
14.253020835
10.841950658
9.275590076
9.234817708
10.746848958
8.925768229
7.917731772
8.417406249
5.044747396
5.096927083
5.883757813
7.334854167
11.137418548
10.957552082
11.922447919
10.975807292
10.7950585
10.535312499
10.470127604
11.724320628
13.258124142
11.594549306
11.757916666
13.268958335
13.94950521
14.661458335
14.34438988
14.42872962
15.009859375
13.717459078
13.729587052
15.25580993
16.083026042
16.849207785
13.00611111
10.554179168
10.941454614
12.51835543
14.962726932
16.66608477
19.403155152
20.686667508
21.002046875
20.903697345
20.395416668
18.485471493
18.020749547
17.428515625
16.4544077
17.089287717
18.230858278
19.261302085
19.770185427
20.68796875
20.800763898
21.508770653
21.827765458
22.019365527
23.320766327
23.779453125
20.486666665
20.012545503
18.771709157
19.23064815
19.627385942
19.098854168
20.39272163
21.6228125
21.678671875
21.161093753
21.47383635
22.344739583
21.83513021
20.573501217
21.10578125
22.343679802
23.394598958
20.79869982
18.888072918
18.862041668
19.50152642
21.516901668
24.69057558
25.116219695
25.838617725
25.598853065
25.1510368
25.787942708
25.757255705
26.674916665
27.540157417
27.6629387
27.80925385
29.01305871
25.42274811
24.30041088
24.507122962
25.474346875
22.752353345
21.770392015
23.14267647
22.751941962
21.858772322
24.948436772
26.168276845
26.834171403
26.977968753
24.09610033
23.681977272
23.812858797
25.87050058
26.302864582
28.376770833
28.140230875
25.800520833
28.995390625
28.097604168
27.173776043
25.628874997
23.896998262
24.444273898
26.855677083
27.58609375
28.10857639
25.750258152
24.82973157
24.931503232
26.285142583
27.58779848
28.48168229
27.401264582
27.072161457
27.493898708
27.50765625
27.1380625
28.172731483
28.814735832
26.959119793
28.60485863
27.717938458
28.483333335
29.58856771
29.204895835
29.83577753
30.195639468
31.048794982
30.77593006
30.950687807
31.208567707
30.946493055
30.872045455
32.42609375
32.659258812
32.390572915
32.540760417
32.042682292
31.524973957
29.830768915
28.784648918
29.408067248
29.429609375
29.980565478
30.587946428
30.527951767
31.089587457
31.828037582
32.562823333
33.52669746
33.973201958
34.51980334
34.369375
34.53483854
34.677332417
35.225833083
34.881183208
35.019649885
34.856093747
35.588346585
36.116135252
36.953151043
37.61970486
38.199616818
38.336697915
38.332421875
37.658155048
37.56670928
35.982477022
34.19352022
35.088665865
34.7057268
33.824359375
35.602578125
34.93765625
33.240852678
34.684069683
31.805612083
29.160639822
27.47560033
26.843692132
27.718979165
28.750859375
28.851015625
28.316730322
28.895649918
30.237954292
29.025705375
28.957854127
29.002460792
27.708821272
27.81856771
29.61372821
31.064453122
31.330859375
29.88861979
31.397383375
31.371427708
31.346845333
31.068293668
28.48549479
27.802842175
28.192811797
28.196235632
30.270546875
26.56522875
23.779663043
24.325594332
26.125885415
26.484312832
26.5496875
26.315893343
27.405775122
29.45438447
28.57116146
28.674625275
29.068229165
31.859427082
28.150659723
25.417958625
25.117994792
24.816984708
24.10725
23.457548415
22.62771346
23.076931355
22.28242051
20.604936155
17.402186798
17.457585542
17.52623794
19.361916538
19.48497925
21.103129242
22.963719125
22.918453333
21.746151583
21.653275708
22.18553346
23.014852398
20.421140585
19.862880663
20.242581785
23.28005597
23.507256125
24.508948543
23.271444875
21.824030918
19.28773091
18.214133935
16.829409023
17.31933839
17.490696
19.485469835
19.166585427
20.294843147
20.028675808
18.665742185
18.677776125
18.25921839
17.964666857
20.982913073
21.441366168
22.06505454
17.380324332
14.052037082
13.09836702
13.564718585
13.73377563
14.505824902
13.870755668
15.054099918
17.122363525
17.107867027
17.43417789
18.425212457
14.8065621
14.506821042
15.441044012
14.50609893
13.130216918
13.02247227
15.955494512
16.65978164
18.01542786
16.985333207
19.389301792
17.878573208
16.534167805
17.39359775
15.263289042
16.350616125
13.73189001
10.825795915
9.149416105
10.11506395
13.407422085
13.750784315
13.681949802
13.854975028
12.93446875
11.219386582
13.736782
11.57145875
9.327745042
11.031221292
11.688067542
10.43714853
8.054237042
6.427674255
5.567278449
6.529572125
5.407405655
6.275459878
7.957236756
7.403565222
7.480161378
7.882036833
7.510068227
9.46769336
8.449838168
7.289811729
9.258661208
10.617722708
12.02111275
13.260719042
11.080290082
7.011254271
6.749711312
6.221477384
5.816019812
8.069578708
8.776121146
9.172602134
9.635103418
9.085410625
11.64910268
11.976843172
12.50690104
10.336067708
10.749505208
13.815677082
16.806171875
16.945228835
12.119972428
9.974364582
10.444015626
10.741302084
11.510390625
15.206588542
14.001470832
14.929656725
15.432265625
12.667135415
11.374270832
13.72463305
12.725093202
11.264541394
12.359140625
12.16006771
11.3345625
11.393018092
12.969592015
14.03023911
13.251551365
9.826226192
8.745463542
9.181151041
9.034671875
10.285117188
9.465063049
9.05043005
10.333046875
10.390007659
8.651116241
9.520659056
11.413385418
13.860695685
11.543828125
12.051885016
13.690578125
14.720205695
15.31937911
12.390121152
12.12257412
13.580701752
14.200874998
16.214786935
17.519178957
19.533314543
16.623958332
16.769765628
16.454591297
17.536692708
16.329769022
14.405033698
13.705169835
12.974302082
12.23786735
13.966105655
15.475161458
18.232433898
20.241990625
20.729635417
19.56771529
18.352505207
11.46775
10.357916668
11.386652132
14.256433583
18.409735862
17.731171875
20.071770833
20.27156379
12.338513258
13.955464957
15.188940095
17.225404265
19.455572915
21.212604168
18.611514043
18.991953125
16.22954241
15.369409875
15.977270155
18.04133325
19.678880208
15.923750292
13.970397728
16.176834935
17.415119432
17.241449652
18.462123247
19.86830729
21.181562418
22.039609375
15.302526042
14.636157798
14.825723382
15.753697918
16.217135417
19.413515625
20.494895832
20.127447917
20.992409303
19.479348958
19.682355835
21.912317708
22.973947083
21.886267458
20.841055555
21.608697917
23.871463027
24.333156253
23.783946312
20.399755208
20.765140648
21.43721942
22.288462407
22.54795139
23.147083335
23.670182293
23.780729165
23.333145833
23.230767767
24.29048997
23.664560145
22.526273012
22.241171873
23.904975635
24.128686645
23.569260418
22.665395832
22.687355585
23.671315843
24.960146778
25.869225718
26.035911457
26.696897322
26.3550042
26.229698998
26.738012355
25.821210745
25.397668705
25.113077307
26.374410233
27.134048135
27.389878192
27.786700915
27.336333335
27.819921875
28.607179112
29.193289933
27.979817708
28.315457252
27.765999307
26.358483525
25.921040178
25.292994793
26.92906703
27.32530134
27.458185765
29.543071498
29.515640158
29.574791668
30.562877578
29.343770832
29.277690372
29.200008012
25.761670835
24.098333333
25.160625
26.015757947
26.36889137
26.645989585
26.782614707
27.197018125
27.710525543
29.689779828
27.119092263
27.102807767
25.774501042
25.65718414
25.680134085
26.216050625
26.604558918
27.375300662
26.79240125
27.21013275
26.944107143
27.720013335
27.974140622
27.981134125
27.936228253
27.988541665
27.206399145
26.52610243
26.715546875
27.507996332
26.538301458
25.884477383
25.258177083
25.092369793
24.307221625
24.340242458
24.669045082
25.138532918
25.296099998
25.83720375
26.594511127
26.76393429
27.142213417
27.054021085
26.919114583
26.771280335
27.318184875
27.793590125
28.031588542
27.918497835
29.401420385
27.519524825
27.428476563
27.946042157
29.171724293
29.018053125
28.538062192
28.645271737
28.258002233
28.489231772
28.468394565
27.071171877
25.571033655
26.54430729
27.50889236
26.961458333
27.650944487
27.19403125
25.15769413
23.396987475
23.608723958
24.913886585
25.65076621
25.149836565
26.621510418
27.768658088
24.902393602
21.38298931
21.267734375
22.03625594
24.399207318
25.233385417
25.848088625
21.158674645
19.475246215
18.713909883
18.980018602
19.797893368
21.22794271
23.095946873
22.525546875
22.511058625
22.19263765
20.421793365
18.131009497
17.111824187
16.347429277
15.111738095
15.796710738
16.5266875
16.04899515
16.85081394
16.812609207
16.17606771
17.485632913
17.711302082
18.473697915
20.347332207
21.20703646
19.810885417
17.5332105
16.333678208
15.52796875
16.920948957
17.979562793
15.628915
14.583229165
14.529166665
15.86957825
16.891635708
16.844635418
13.24143537
11.575531505
12.521109378
14.120703965
16.831302082
17.736374708
15.935764
15.407421875
16.415130207
17.051744792
10.942856701
9.640021306
7.800734976
8.765680834
9.541036126
7.986256645
8.682693866
9.433453335
11.663272805
11.83377491
12.324979165
12.858372643
11.428942378
7.580090955
5.73037966
5.037531944
5.23593319
4.621844298
4.277213542
5.279650709
5.714471354
8.440661458
8.071367551
7.297379919
8.763261979
8.680698836
9.258270596
13.027578125
10.405316222
7.835272421
7.250895833
5.948773086
6.822947917
7.251075521
6.818925494
7.211424479
8.640117188
7.707276268
5.693786398
5.89486854
7.194309896
5.298988582
5.668892603
7.336255498
4.533397236
2.780192438
4.212961623
5.564158854
6.376716146
7.994745884
7.803116319
8.547718513
9.573074576
8.031708524
7.584815683
8.158859848
8.232934896
8.58350876
8.722630208
7.791200428
9.55801525
8.8033495
8.4505185
7.176407
8.303506
9.51391175
8.98956575
7.759558
7.25481425
8.04378325
9.185583
9.1561805
8.4505185
8.02418125
7.852666
6.98039
6.18162
6.09831275
6.35803575
6.76477125
6.48544675
6.328633
7.32832025
7.91637175
9.12677775
9.20518475
10.0284565
11.586793
10.93993625
11.49858525
12.69429
11.35157275
11.596594
11.905321
11.165356
11.0673475
10.10196325
9.8079375
11.302568
11.83181425
9.47960875
7.4753335
7.93597375
9.014068
10.10196325
10.6312095
10.592006
10.8615295
11.8465155
13.45875675
13.140229
12.48847175
13.419553
13.782185
12.69919025
11.7730095
12.90990875
13.1451295
13.08142375
14.28202875
13.8213885
13.04712075
13.15493
13.59106825
12.46887
14.56625325
14.5319505
14.56625325
15.32582025
16.88905675
16.89395725
18.0945625
19.73620575
17.58981825
16.64893575
15.634547
16.24710075
16.021681
16.61953325
18.158268
19.16285575
20.147842
20.515374
16.7273425
16.00207925
16.70284075
16.61463275
17.6290215
18.481696
18.491497
19.358873
20.24095
20.32915775
20.7946985
19.87341775
20.80939975
22.05410875
20.7603955
19.3784745
18.878631
18.88353125
19.64799825
20.49087175
21.52976275
22.52945
23.519337
23.93587325
23.90647075
23.95547525
23.92607225
24.675838
23.16650625
21.15242975
21.00541725
20.6770885
21.4317545
22.127615
22.61275775
23.921172
24.90615825
25.704928
26.150867
25.361898
24.504323
24.89145675
24.675838
24.2789035
24.58763025
25.21488525
25.27369025
25.543214
25.920547
26.63110925
26.95943775
29.090695768
28.68849854
27.352681375
26.733938792
24.853109168
24.653270917
24.34020375
25.203257083
25.475985708
25.58434275
26.235921458
26.84791925
27.134166333
27.367834125
27.692048875
26.81651425
27.09853975
27.473090625
27.22046525
26.622972833
26.955154917
27.14824854
26.904582332
26.927788543
27.221614
27.839835417
28.39089546
28.522326
27.733090793
27.362449332
27.73661375
28.64292954
29.166569125
29.660104375
29.98806846
28.531024
28.511023415
28.752691917
29.07930525
29.315240832
28.90456625
27.530803625
25.77489604
24.154424832
23.878464875
25.240481542
26.721403043
28.461299168
29.609562832
30.070647915
30.420460625
30.765247875
31.461176125
31.52817725
30.052464083
30.129552168
27.706872583
25.70941896
26.36217596
26.897772
27.35112904
27.894639582
28.072164375
28.507835125
29.077197293
29.33693071
30.546109418
30.371735917
30.570402543
29.63017925
29.92796621
30.402778665
31.204251375
30.620688667
31.10946129
31.766587042
32.093715542
31.944038293
31.766913335
30.90918325
30.6347595
30.74746925
31.03659425
31.1248025
30.8748805
30.4387425
28.81670025
28.5912805
29.0568215
29.86049175
29.75758275
29.98300225
30.28682875
30.620058
27.601394
26.675213
27.62099575
28.10613825
28.30215525
26.57230425
24.05348375
22.06390925
23.25471375
24.3818125
25.783335
26.444893
26.1312655
26.08716125
26.64091
26.63110925
25.7931355
25.26878975
25.4354045
25.24428775
25.3079935
25.49420975
25.45500625
25.8029365
25.89604475
26.7291175
26.86632975
24.6464355
23.31351875
23.70065275
24.254401
24.6464355
25.00416675
25.44030475
24.729743
21.26023925
21.30434325
20.62808375
19.01584275
19.383375
19.84401525
20.4859715
20.3046555
20.05473375
21.098525
21.79438625
21.53956375
22.093312
21.91199625
22.3481345
22.33343325
22.44124275
21.5493645
20.12333975
19.85381625
19.27066525
17.56041575
17.511411
18.24157525
17.44280525
16.5754295
16.070685
15.46303175
16.03148175
15.2278115
16.526425
14.698565
11.709304
10.84192775
10.665135142
10.817396318
9.964815618
8.596246656
7.997847479
9.390150805
10.39696318
13.1474485
14.889132918
15.256823125
13.104696165
11.744391085
11.710902958
8.835445761
12.004707542
13.628088792
14.462151208
10.266846267
10.1648903
10.94595725
12.527752208
14.446320333
13.85785629
13.297778875
13.7610735
12.605194668
12.195230042
13.438369208
13.679864668
14.687973875
15.769179695
13.977360948
12.004168125
11.072108668
11.229643455
11.520199458
11.86076728
12.002968228
12.583735525
11.736182
10.910659958
10.146391207
12.335082042
7.256537167
8.453907792
8.645901486
7.850769454
6.48275971
6.969216667
7.729700625
8.444646
6.968491625
5.984579438
6.641540583
5.755588021
4.732707875
4.880645333
5.154414875
6.443155104
6.745223
6.144529354
6.210096229
7.394147708
7.4195245
7.858463333
8.234777083
9.0484615
9.411706292
8.92389525
8.5452745
8.784383542
8.716905042
9.493915375
9.464342125
10.724664918
11.31027725
11.479406668
10.554176168
10.510748375
10.132885958
7.963323979
8.574722708
8.4391515
7.577630583
8.500413333
10.433513708
11.201965918
11.855271125
12.062949708
11.508513332
10.2922985
10.4738135
11.456619708
10.782422582
8.625014417
8.65791425
8.711073333
8.669781833
9.401292418
10.490077332
8.385496167
6.073642479
7.218846271
8.717390708
7.429709542
5.417684188
5.83560825
6.336614958
6.8147345
8.862697708
7.688668188
7.208148646
7.892685875
9.40389573
11.394409055
11.536954668
12.450876668
13.014619125
13.612106125
13.22355475
13.818716792
14.5776245
15.269707332
15.45077675
15.136767082
14.812406708
14.31122175
14.819889585
16.698806375
17.231864415
18.830881958
18.047985375
15.50302546
15.202588208
15.903426042
17.536327315
17.26092142
19.103033145
20.095708395
21.261262948
20.29281949
18.713830865
17.80948657
19.519427083
22.165484027
22.513728148
22.504099845
20.374933685
20.30347204
22.280532375
19.801550595
17.237307145
19.000045875
19.77352591
20.513408908
21.043597932
20.166998458
18.85317321
19.633249875
19.560417417
19.125965375
19.922655375
20.898430777
21.158877748
18.509138792
16.83296575
17.730808917
18.712958137
19.843385417
20.971302082
21.770494792
22.6165625
21.671380208
21.26890625
21.49611979
21.030069585
20.886714875
21.45578296
20.299608915
19.510071498
19.110603958
21.014491003
22.139208808
22.554973957
23.09515625
23.406458333
22.635520832
21.298307292
20.147057293
19.454999997
19.779739585
19.876998292
20.977367585
21.299329583
21.94880675
22.565265583
22.517164875
21.804748043
21.105049417
21.522856458
22.994134875
24.02972646
24.641196668
24.973142335
24.95877813
25.814981778
25.3698295
25.607193875
25.964838668
26.38132775
26.498574582
25.05683921
25.442699375
25.388868375
25.25289421
24.736097375
24.155812668
25.21107054
26.27418079
26.126121418
26.36332846
26.384579372
26.599952165
26.85048425
26.869972168
26.087318043
25.419065957
25.83820796
26.097470665
26.749379457
26.712672625
25.970952957
26.450887583
26.817570378
27.002695415
25.935805415
25.048106
25.206367835
25.716157917
26.199013918
26.351757877
26.67941029
27.011563585
26.919039082
26.641603835
26.826179665
27.166817042
27.2239125
27.211699002
26.585573085
25.918828585
27.102761167
27.265598793
27.25226375
27.203531085
27.22197575
27.252229877
26.997945375
27.120763957
27.027352003
26.7494645
26.21650896
25.984368543
25.902382667
26.656541583
27.29420196
27.452367708
27.24099175
27.262074585
26.838806707
26.86935621
26.119300125
25.622181167
25.2080125
25.057093958
24.977440542
25.262049918
26.006408543
24.310675625
22.63152829
24.33949046
25.421921333
25.58093307
24.690632958
24.873183915
25.738963457
25.8111135
25.582764485
25.578589625
25.905941958
25.6035535
25.727074793
25.686801457
25.754280125
26.028545793
26.359655665
26.815189168
27.25030975
27.481649498
26.439321293
25.47991654
25.00721675
23.9219575
23.859836333
24.163890292
24.29601729
25.570988792
26.253379
26.646660833
24.83494079
23.098060665
23.650202458
24.49945429
24.356437208
23.743276625
23.785090168
23.198729668
22.851899002
22.806705207
22.759102582
23.16021325
22.422213208
20.978806292
20.268913457
20.386745418
20.045590207
20.0176975
20.795558293
21.439943458
21.169141415
20.197531543
21.26727696
21.451271
20.220410583
20.461991335
21.281923667
20.720232625
19.647748625
19.45279975
19.554206083
21.300618458
22.341199917
22.157261
22.173923417
20.69145796
18.993561168
17.992764873
18.8507745
18.414552083
17.708526125
17.24316696
17.75178925
17.114165668
17.77986025
18.66082175
19.498949375
20.325040623
18.47742825
17.52202846
16.380034125
16.212990292
16.989295832
18.583688542
16.285210248
15.273483832
14.975891332
16.008558583
16.629077335
17.345835833
15.366172832
14.61496475
14.802124125
13.509859582
11.711078832
12.010144458
13.469835332
15.747933542
16.734572792
11.544409625
9.707999832
10.043210292
10.775943625
10.237978999
10.115157124
10.326755833
10.709239208
10.945091628
10.935190668
10.824977958
11.48592679
12.195713708
12.905621792
13.059391125
15.572472165
15.352449333
13.268758125
12.923134832
11.505777
10.213360875
9.692599749
10.138688167
12.011642875
12.131164875
11.892435542
13.199874585
11.998548043
12.224727832
13.808351457
8.476516646
7.009221521
7.189515958
8.4989895
9.044830791
9.622890625
9.473666667
9.228145833
9.183837643
8.947001516
9.614427082
10.512369792
10.236119791
9.13610677
8.010328993
8.567526042
8.810265625
9.151223958
9.710572918
10.078776044
9.696510417
8.910658855
8.253177083
8.610838542
8.690838542
8.595138021
7.790148438
8.239513021
9.262942708
10.087161458
9.436171876
9.235143229
9.72046875
10.384088542
11.254218751
11.795703125
11.680651042
11.694713542
10.2821875
9.789039062
10.087760415
10.943072918
10.612395832
10.270911459
9.966432292
10.36496875
11.106015625
11.275989582
11.43796875
12.231927085
12.4690625
12.468333335
12.48408854
13.661510415
14.690078125
15.843619792
15.300104168
14.467734378
12.895755207
12.011875
11.839375
11.674218752
12.5946875
13.78200521
14.189817708
14.281822918
13.784296875
14.04513021
14.028645832
14.599895835
14.776510417
15.404296875
15.71783854
15.891666668
15.918359375
15.556015625
16.072916667
16.371933875
16.529322918
16.545442707
15.957135418
16.310677082
15.541822918
14.189401042
13.761979168
14.059973958
15.404921875
16.573177082
15.36127604
15.14278646
16.29609375
15.081119792
15.043255208
16.283072918
17.56299479
16.998828125
16.148515625
15.657526042
16.301328127
17.17640625
18.012760415
18.297291665
17.8575
17.952500002
17.662500002
18.7571875
18.23716146
17.585598958
17.843281252
17.575755208
18.045104167
18.919765623
18.782473957
18.683776042
18.865572915
18.92888021
18.9059375
18.880989585
19.148984375
19.725755208
20.457395835
20.758203125
19.975078125
19.467265625
19.286614585
19.286354165
18.812604167
18.2378125
18.061145832
18.49239583
18.738932292
19.076302085
19.407109375
19.74372396
20.041041668
20.499166667
21.304140625
20.882213543
20.527864582
19.687760418
19.007552085
19.192656253
19.072395832
18.347734375
18.043203122
18.520260415
19.52234375
20.56734375
20.830989585
21.620104165
22.56953125
22.436297333
22.33176857
21.77866046
21.8198495
21.992588332
22.015189875
22.05526525
22.006696457
22.021041708
22.079357415
22.142194458
22.06017521
22.05257354
21.359973957
22.525645043
22.819699083
23.13243396
23.396051583
23.412308585
23.519337418
23.977938125
24.589686625
25.010480667
25.303780792
25.316804707
25.367318958
25.430669582
25.540469792
25.76010254
25.962220833
25.95873596
25.987878667
25.48688974
25.33544271
25.286588542
25.4184375
25.403619793
25.765156247
26.347447917
26.419244792
26.623984373
27.120625
27.337552083
27.04421875
26.400755208
26.377538378
26.767876793
27.034341
27.467629875
27.114611088
25.7705265
26.08546679
26.387364958
26.360207707
26.557013332
26.83723075
27.150658917
27.38771596
27.554193125
27.85591929
27.95893125
27.235780332
27.131243585
27.378930043
28.071789083
27.067710125
27.604369918
28.084665247
28.210301127
28.361309
28.440427582
28.51114821
28.6444595
28.7789045
28.702767583
29.076369665
29.459002332
29.586607085
29.343009582
28.938821122
28.319047918
28.170646875
27.879998
28.069221332
28.002728585
27.618703373
26.775651585
25.859478293
25.487353417
26.326122832
27.263493
27.77446875
27.855144792
27.745437335
27.794816082
27.926236043
28.186898957
28.161275207
27.569963668
26.412864247
26.02451275
26.581446667
27.442956168
27.996846835
28.252133375
28.863628457
28.897570583
27.143743415
25.669666917
26.044844418
26.651685458
26.151289585
25.658778122
25.659438457
25.363977668
24.982876835
25.670359625
26.153394748
26.360625832
25.994255043
25.790750165
26.12543496
25.444677668
24.388240835
23.43466296
23.32474725
23.034426835
22.554081835
22.723972668
22.846076875
23.049390043
23.563355875
24.248190292
24.862692085
23.187905708
21.980908418
21.88229975
22.108740292
22.299842417
22.79743629
21.6279485
21.91165225
23.109654832
24.091415668
24.746597875
24.724388
24.721383373
23.798380875
22.321595333
21.967990585
22.129140628
22.496241625
22.959474832
23.48203975
23.44645096
23.735849333
23.848899582
23.416051625
23.29498646
23.865098585
24.24302775
22.929010125
22.004676083
21.90017529
21.499371583
21.33803769
21.168309575
20.436856547
19.405088112
19.484363683
18.8925064
18.396532612
18.399281467
18.283830597
18.533183913
19.205749222
18.423414573
16.49536685
15.801738625
16.157336132
17.606541232
17.123138735
16.364633745
16.018778457
15.371107058
16.297667422
16.7183525
15.958919182
15.186006563
14.42278629
14.60894769
14.750889025
14.627442157
13.767687298
13.54084947
12.59621903
11.315699218
10.790730136
11.377148152
12.571384862
12.234792182
11.910233202
11.128455236
10.327974862
11.511870722
11.054397033
8.209002232
7.967255842
8.815458837
9.672729804
10.050762631
10.506770698
11.306637887
13.46418159
13.758737145
12.634482212
13.087322842
12.548925665
11.637090635
12.175506107
12.086124542
14.349618
11.630835375
9.247030042
7.814354813
6.285341792
5.051459292
5.655720875
8.054623833
11.266820208
11.948341625
11.63752825
10.19017075
9.40120175
9.40610225
10.386188
10.24897575
11.20946
12.2336495
12.10133825
11.83181425
12.20424725
11.37117425
11.76320825
11.5573905
9.930448
9.254189
9.08267425
9.783435
10.626309
11.175157
11.3319705
10.3224825
9.79813625
9.758933
10.386188
12.5864805
13.45875675
12.40026425
11.05264625
12.10133825
14.48294625
14.55645275
13.439155
12.091537
11.258464
11.47898375
12.42966675
13.943899
14.89948275
15.7962615
15.10530075
14.845578
15.81586275
14.615258
12.41496525
12.12584
13.850791
15.80606175
14.87988125
13.326445
13.30684325
13.09612475
14.1203145
16.193196
15.51693675
14.355535
16.13439075
16.80084925
15.67375075
13.87039275
13.997804
13.6155705
13.96350125
14.97298925
17.4134025
18.44739325
19.451981
20.20664725
20.56927875
20.06453475
20.2703525
20.6574865
18.902178131
17.664744417
18.365056583
17.599612875
17.153360125
17.099148167
17.461128417
17.645982708
17.677982292
18.632848708
18.831593458
17.890628833
17.330456125
17.779787583
19.558105583
20.792131917
20.597264708
19.255921125
19.783850708
19.749596542
21.178148542
22.095554625
21.74459
20.82608075
21.1510985
23.748723542
21.943673083
20.739368417
18.838014333
18.798245292
18.829920917
20.588953583
18.982184958
18.071272958
19.91883125
19.174712667
17.346927917
17.453886833
18.608656208
18.848394708
18.524777833
18.710348583
19.485976458
20.5380195
21.189569625
22.135993458
22.435312708
22.71622425
22.1764835
21.747371667
22.515338458
24.270547583
23.52770375
23.856243875
23.92271
22.587093708
22.450376625
21.81678275
21.49335125
21.265835875
21.1187485
22.096288
24.214726875
25.246642958
25.006523625
24.050494458
23.781889667
24.157769542
24.211212292
23.395507625
23.785595208
24.309506708
25.164984333
25.369086844
25.95484975
25.258989
25.50401025
26.08716125
26.46449475
26.84182725
27.15055475
27.45928175
28.05713375
28.62558375
28.91960925
27.728805
27.6062945
28.35606
26.402982604
25.536352568
25.65004075
25.576803977
24.957888341
25.11322475
25.959251609
26.776878571
27.330517186
26.908942596
26.286089319
26.399226853
26.896513288
26.343673784
26.860485364
27.1261855
27.335732014
27.441176348
28.89510725
29.18423275
29.45865625
29.56156525
29.590968
29.7183795
29.7183795
29.41945325
29.46845725
29.488059
29.66937475
29.81638775
30.07121
30.28682875
30.2917295
29.91439625
30.06140925
30.424041
30.21332225
30.39463825
30.433842
28.94930275
29.5272625
28.41486475
28.04733325
28.11593875
28.02773125
28.380562
28.04243275
27.7778095
27.35637275
27.67
27.92482225
28.253151
27.34657175
27.05744625
27.92972275
28.400164
28.81670025
27.121335635
27.328140083
27.595398958
27.50402225
27.439155625
27.471032375
26.21956825
25.801812167
25.725590458
25.631006625
25.695248417
25.676732792
24.913830125
24.672404583
24.983758167
24.858944125
25.326124458
25.93994625
26.326088583
25.491075375
24.045341583
23.854436958
24.039384458
24.099723583
24.129984333
24.001445167
23.6979085
23.65405625
24.550688958
25.960646667
26.621079875
26.695839917
25.221893917
25.853393083
26.298488083
26.847150625
26.566060958
25.965549292
25.7168305
25.389310875
24.539843792
22.852370458
22.414492667
22.568579958
22.91229825
22.940787917
23.172532125
24.199237958
24.804594292
24.906725875
24.971776792
24.208294875
22.542487042
22.773164375
21.0372275
19.861022708
20.668540417
22.448332208
23.547246083
21.295992125
19.234901917
18.682700792
18.959055792
19.323687625
20.054226417
21.249545958
19.655059167
18.307136542
17.565119375
16.997005042
17.457208292
16.100250042
14.738169083
15.295717833
15.959822667
15.177621792
15.859571417
17.684519875
17.717431708
17.880764708
19.465427875
17.802611333
16.487213833
15.260044333
14.546297349
15.084661125
16.27977875
16.900313792
17.023228958
18.107745042
18.709607958
17.424006583
19.403794625
18.18784725
15.372152958
14.708187833
14.975889708
13.869158833
13.836587625
15.108163875
15.678144292
14.891127833
15.758382083
17.250581708
16.471876875
15.144428167
15.68684725
16.146386708
16.851861292
18.494603125
14.636189708
13.180672208
8.491380208
7.590265625
8.467604167
8.914375
9.451901042
9.4459375
9.209427083
9.258020833
8.858489583
9.048098958
9.993489583
10.345130208
15.026401428
15.520459833
14.506978875
8.200338542
7.56
7.014895833
6.558802083
5.924481771
4.859299479
5.972541667
6.801276042
5.816348958
3.676114583
6.110416667
5.6725
6.159497549
7.03342803
7.844791667
8.954166667
10.705208333
10.876934524
10.751041667
11.638541667
11.45625
8.795833333
8.629166667
9.3125
8.973958333
6.822222222
6.20381975
6.503064833
7.490842
10.28837925
11.532598833
11.448220583
10.4373035
10.138122167
10.286035583
11.4418205
12.045561098
11.303515083
10.91851425
10.320640333
11.281327167
12.462954
11.604647735
11.663934
11.438282917
9.980164917
9.30788225
9.191151917
9.618490417
11.119377417
10.706714083
9.35322
8.7904425
9.87439675
11.706387417
14.15306975
14.241185083
13.384398815
12.73433875
14.476566
15.062321417
7.5148265
8.0388825
8.863219
11.181190583
11.651520284
12.325856591
12.643084426
14.456620361
14.392348184
14.257879667
14.155434667
14.88247875
15.101368833
14.20894275
13.54599625
13.3693285
14.44571525
15.22956725
15.372012833
14.478005641
13.950942083
13.616440667
16.196634615
16.847113213
16.505182257
16.172871194
15.81860675
14.53918
15.79970425
15.81029925
17.2012675
17.80630025
17.630268205
18.420141751
17.85182725
16.863652972
16.979447167
17.73082265
17.78732019
16.180596591
14.474305556
16.470040761
15.438823529
15.682918583
16.942256917
14.725716833
14.0883585
15.255830083
16.116423417
17.531131929
18.57480425
19.86361725
18.60563275
17.35569375
17.18678325
18.58460525
19.4813835
18.672813
18.38858825
17.17328175
16.673438
18.1435665
19.3539725
18.38368775
18.030857
18.9815395
19.802579182
19.977505217
20.806474583
21.371984667
22.16738375
22.368209667
22.226963167
21.752691833
22.114451
23.028393167
23.215687083
23.697911873
23.750576417
23.751601301
24.375565083
24.811807667
25.411169833
24.651472993
24.466812167
24.769304583
25.159946812
25.87620754
24.656903359
24.298165167
24.954650844
25.605222833
26.096151417
25.4851265
25.833139
26.548543
26.7455205
26.842185
27.278844417
27.450287913
27.917103844
28.117581917
27.108538417
25.993765333
26.284175417
27.121556333
26.289389583
25.763247917
26.865728167
27.07853725
27.643215333
27.472415955
26.896715
27.6847015
27.75330725
27.84151475
27.84641525
27.866017
27.49358475
27.111351
26.9986415
26.64581025
26.24887575
26.35668525
25.57751675
26.8859315
27.5278875
27.92482225
28.02773125
27.84641525
27.292667
28.1796445
28.92941025
28.95391225
29.13032775
29.61547025
29.56646575
29.45865625
29.26753975
27.844433643
27.956609641
28.199268667
28.289008333
28.37225525
28.506064833
28.549814833
28.770957583
28.7195965
28.490203333
28.810061667
28.9756005
29.00588525
28.73835
28.212577083
28.121639417
28.096962083
28.06483025
28.225479917
28.48259875
27.891402478
27.283710659
26.779166667
26.215163043
26.463541667
26.494791667
26.859375
27.26875
27.526041667
27.2375
26.773065476
26.998958333
27.362708333
26.900274123
26.61780303
26.50326087
26.910416667
27.105681818
28.19694475
28.506864174
27.987160333
27.078841667
26.398641333
26.58217825
27.014774583
27.808722333
28.246785667
28.3764215
29.31654375
29.472126536
29.97223475
29.8947945
29.67917575
28.837585174
28.724232167
28.302574833
27.315408
27.250924917
27.244466083
26.828225667
26.117612333
25.217938333
24.241284833
24.584400583
25.178038417
25.437828333
25.5922005
25.761989667
25.97010975
26.195834583
26.454477
26.519581583
26.5934355
25.515126833
23.4535945
23.341613833
23.887438583
24.198266
22.849230083
21.332378083
21.787159917
22.421942333
23.310886167
24.001083583
24.144831083
24.622532583
25.010860167
25.17960825
25.009924333
23.89858975
24.275875
23.845676083
22.441946167
20.828116417
20.357709583
19.838865417
19.424392583
17.340986917
16.825
16.961458333
17.74375
18.116666667
18.161458333
17.747916667
17.490625
17.910416667
17.617708333
17.413541667
17.35
17.591666667
17.934375
17.964583333
19.0925
18.32233775
17.099439333
16.548301833
16.327577333
16.329246333
16.43674325
16.575178
16.800277417
16.15560125
15.082182417
13.75679075
14.035537833
13.060240917
11.00995975
10.280701667
10.964269222
12.054924242
12.633695652
12.365625
11.641855204
12.262524667
12.023484417
12.199499917
13.576204333
13.561850917
13.6937735
12.501429369
11.879539583
12.38105375
11.996265861
13.49297619
14.336379333
12.97944375
12.24860775
11.94479375
11.233477167
12.091035167
12.217850333
11.587594833
10.78484575
11.025130833
10.475588298
11.331845238
11.676256127
10.056832571
9.971599379
10.208779762
10.646875
10.848958333
11.743303571
11.583194444
11.244166667
11.014479167
10.979829545
10.610416667
10.859375
12.456521739
12.903125
11.197916667
9.966666667
9.517708333
10.016502193
9.721875
9.344641167
8.947719
8.632083333
9.091815476
10.024749373
11.321153846
11.46918275
10.49889775
10.421306818
10.619791667
10.503125
9.441666667
9.482291667
9.560416667
10.310416667
10.70625
10.597916667
10.104452614
8.766266026
9.048822464
10.151041667
8.885416667
8.635416667
8.327083333
8.303125
9.046875
9.285416667
8.417708333
8.16759305
8.189130435
9.995833333
11.523958333
12.763541667
13.223958333
12.452083333
11.786458333
10.483333333
8.913541667
8.752083333
9.188541667
10.15
10.536458333
10.286458333
11.271875
11.094791667
9.435416667
9.603125
9.008333333
8.497916667
9.036458333
9.804166667
10.445833333
11.186458333
10.885416667
10.892708333
11.194791667
10.014583333
8.398958333
8.395833333
8.598958333
7.970833333
6.709375
6.828125
7.660507246
9.092708333
10.241666667
11.338541667
11.097916667
10.925
12.344791667
13.63125
13.503125
12.516450216
12.536458333
12.477083333
12.95
13.321875
13.919791667
13.742119565
14.079166667
14.910416667
16.036458333
15.60625
15.198958333
15.441666667
16.341666667
16.889583333
15.583333333
13.820833333
13.769791667
14.005208333
15.10625
15.821875
16.246875
17.11875
17.784375
18.064583333
18.15625
19.036458333
18.792708333
16.948958333
15.553125
13.555772243
15.020833333
16.575049603
17.560037879
18.046376812
17.111005435
16.863599308
17.931101399
19.044263944
19.134401833
19.09915025
19.5156865
19.82931425
20.481071
20.06125725
20.215456222
20.11188075
20.216448
20.11843925
20.025331
19.8685175
20.21154775
21.7208795
22.1325155
21.66697475
20.721192
19.564691
18.57338925
19.589193
20.515374
21.81398775
22.6372595
23.24001225
23.35272225
22.80877475
22.62255825
22.57355425
22.63235925
22.48534625
23.67125
24.367111
24.4553185
24.80324925
25.028669
24.86695475
23.636947
23.5830425
24.30340575
24.66113675
24.9894655
25.31779425
24.627523956
24.787201286
24.529824833
24.470655333
24.88429175
24.365238167
23.782747083
23.469941583
23.745977167
23.568526707
23.638168667
24.61450475
24.702527417
24.546592583
24.893981083
25.072206917
25.44376175
26.412908667
26.616552417
25.978549417
25.47157875
25.731675
26.214476833
26.496904045
26.789781696
26.814570167
26.83769625
26.572285333
26.7081155
26.92842425
26.978841083
27.076131
26.860928917
26.748117583
26.9120725
26.987174417
27.445604167
27.583724
27.03352375
26.938106167
27.201956083
27.09549975
27.549864167
28.075271583
28.226206917
28.34130875
28.483077333
28.39984925
28.068400667
26.1375
25.555208333
25.279166667
25.01875
24.971875
25.327083333
26.002083333
26.288541667
26.341097308
26.535416667
26.683333333
26.75625
26.478125
26.483087474
26.746415043
27.015217391
27.267708333
27.325
27.477083333
27.684375
27.898958333
27.907291667
27.764583333
27.945833333
28.380208333
28.740018939
28.84375
28.86875
29.0875
29.121557971
29.106567029
28.509375
28.094791667
27.709375
28.163541667
27.761458333
27.339583333
27.655208333
27.158333333
26.43125
26.9
27.176041667
27.296875
27.465625
27.509375
27.478125
27.622916667
27.572916667
27.619791667
27.823958333
27.988541667
28.236458333
27.831748188
27.984542917
28.763979083
27.726988636
27.644791667
27.636458333
27.613541667
27.35625
26.91875
27.055208333
27.08008658
28.577863167
27.737152778
27.582291667
27.476041667
27.497916667
27.451041667
27.438541667
27.544791667
27.50625
26.996875
25.925
26.19375
25.839583333
24.2625
23.197916667
23.433333333
24.116666667
21.219791667
19.163541667
18.944791667
19.825
21.619791667
20.873958333
19.779166667
20.014583333
20.428351449
20.209375
20.395833333
19.353125
19.120833333
19.030208333
15.830208333
15.295535714
17.49365675
17.5752775
17.0601
14.07590325
12.609444444
12.236956522
12.857291667
13.01875
13.935416667
14.814583333
16.223958333
15.688541667
13.933333333
14.034375
14.803125
14.728125
11.820833333
11.128125
11.251041667
11.43125
11.7625
12.59375
12.740081522
13.583559783
14.729166667
15.735416667
14.329166667
13.615625
13.353693182
13.679538
13.6875
13.272916667
12.957291667
13.002083333
13.780208333
12.992708333
12.322916667
12.161458333
12.3125
13.482291667
13.492708333
12.825
13.211458333
13.676041667
12.40625
11.63125
12.071875
12.178125
12.23125
11.792708333
11.004166667
10.3625
10.121875
10.061458333
10.441666667
11.170833333
11.5875
11.24375
11.510416667
12.259375
13.021875
12.932291667
13.735416667
13.422916667
12.183333333
11.313541667
10.955434783
11.891666667
12.066666667
11.496875
11.353125
11.198958333
11.104166667
10.980208333
12.222916667
13.503125
11.884375
11.15
11.416666667
12.811458333
13.791666667
12.596875
11.539583333
11.723958333
10.765625
10.4625
10.285416667
10.201041667
10.564583333
10.632382246
10.679166667
11.707291667
11.76947052
12.042436594
10.957638889
11.1600815
11.152870667
10.84466775
11.488590833
12.599728261
11.908333333
10.13125
9.177083333
9.453125
10.23125
11.521875
11.209375
10.484375
10.583333333
10.2625
9.597916667
10.280208333
11.009375
11.948958333
12.104166667
11.691666667
11.524555336
10.629347826
11.234375
12.015625
12.347916667
12.325
11.6125
11.058443323
11.708333333
12.201041667
13.38125
13.738541667
13.694791667
13.8625
13.4375
13.314583333
13.380208333
13.692708333
14.554347826
14.775
16.040625
16.773958333
16.148958333
14.955208333
14.409375
14.5
15.260416667
15.637708333
17.363728083
17.094179167
14.995833333
15.279166667
16.11705975
17.265625
17.967708333
18.431688596
19.53125
19.58125
18.492708333
17.877083333
17.262121212
17.767454
17.47405303
16.963685771
14.291605645
14.866788798
16.5782005
17.789583333
18.22183114
18.455208333
17.653125
17.652083333
17.459375
15.47478355
14.253920455
13.697916667
14.8
15.241875
14.354563492
15.540625
15.75
16.692391304
17.430434783
17.497916667
18.14588274
17.907019928
17.662137681
18.333825758
19.113541667
19.23422619
18.597916667
19.319791667
20.296875
21.122916667
21.732291667
21.489583333
20.413541667
20.114895833
20.848119417
19.818237333
20.075314917
19.651783083
18.69378375
18.939714833
20.733328333
21.255065917
20.916353417
21.325377667
21.424334455
21.85245225
22.060495583
22.465694917
22.1251285
23.560830917
23.7631995
21.04499925
22.203282417
22.593715837
22.66950216
22.938969417
22.442708333
22.592916667
22.715406469
23.080434783
23.764039855
24.45
24.711458333
25.277083333
25.626041667
25.56875
25.61875
24.478125
23.994791667
24.107291667
24.290625
24.557291667
24.786458333
25.133333333
25.585416667
25.780208333
25.720833333
24.953125
25.105208333
24.54375
25.148958333
24.814583333
25.136458333
25.676041667
26.172916667
26.378125
26.520833333
26.853125
27.209375
27.553125
27.371875
27.565625
27.388541667
27.494791667
27.167708333
27.210416667
27.628125
27.360416667
27.167708333
27.538541667
27.58125
27.853125
27.751041667
27.860416667
27.958333333
28.117708333
28.072916667
27.977083333
27.957291667
27.885416667
28.065625
28.213541667
28.158333333
28.079166667
28.146875
27.638541667
27.561458333
27.594791667
27.183333333
26.484375
26.23125
26.141666667
25.747916667
25.349142157
25.872491667
26.30625
26.872537879
26.8875
27.160416667
27.180208333
27.2875
27.595833333
27.790625
27.90625
27.929166667
27.578125
27.23125
26.702083333
26.40625
26.457291667
26.580208333
26.54375
26.65625
26.665625
26.832291667
26.863541667
26.622916667
27.280208333
27.196875
27.413541667
26.188541667
25.664583333
26.011458333
26.259375
26.391666667
26.525
26.586458333
26.676041667
24.902083333
22.955208333
22.59375
22.770833333
23.152083333
23.227083333
23.501041667
23.833333333
23.983333333
23.74375
23.239583333
22.838541667
22.735416667
23.019791667
23.023958333
23.042708333
23.226041667
23.604166667
24.007291667
22.9375
21.86875
21.619791667
21.786458333
20.9875
20.844791667
20.789583333
20.497916667
20.932291667
21.455208333
22.040625
22.396875
22.816666667
23.066666667
23.291666667
22.16875
22.1875
22.838541667
21.78125
21.386050725
21.959375
20.821875
20.927083333
22.095833333
23.11875
22.438541667
20.452083333
19.679166667
16.271875
12.803125
12.017708333
12.534375
13.367708333
14.246875
15.038541667
15.051041667
15.436458333
16.201041667
16.973958333
17.492708333
18.230208333
18.3625
18.896875
18.997916667
17.530208333
17.172916667
16.604166667
16.96875
16.632291667
15.576041667
15.36875
15.336458333
16.047916667
17.048958333
17.903125
16.919791667
15.397916667
15.755208333
15.321875
14.478125
14.316666667
13.721875
13.603125
12.44991589
11.638144841
11.656356838
11.512023448
10.979166667
11.044791667
11.30625
11.269791667
11.490625
11.525
11.751041667
12.754166667
11.91875
10.969791667
9.85
9.526041667
9.253125
9.141666667
9.617708333
10.479166667
10.019791667
10.086458333
10.427083333
11.403125
9.983333333
9.55
9.686458333
10.428125
10.58125
10.914583333
10.56875
9.021875
