20090901
20201231
3.779341919
3.768012534
3.758759814
3.757823152
3.752134142
3.742314261
3.732249824
3.720419108
3.705835339
3.693629051
3.686426763
4.057481355
7.388125844
8.166607337
9.297870517
9.554632424
9.89110311
9.92152664
9.917589272
9.922439655
9.911593802
9.933460187
9.92129387
9.900793755
9.893297193
9.864284162
9.802515002
9.590238038
9.277084143
9.002323873
8.644117095
7.993415274
7.511941413
8.583832467
8.873526893
8.874708116
8.816406908
9.099407228
10.418711919
10.610123969
10.670060706
10.705798598
10.717060131
10.721601824
10.731812838
10.765409849
10.722612489
10.713854612
10.719513327
10.72230848
10.730970098
10.908432899
10.918168452
10.930250154
10.927072485
10.918142281
10.902957025
10.899588784
10.992802908
11.054725548
11.066908022
11.067408963
11.068966175
11.046703713
11.041065625
11.032095672
11.021014952
11.004922942
10.985532556
10.983347433
10.963966403
10.957465693
10.950440617
10.931558949
10.919388971
10.895371301
10.873807194
10.835254369
10.806045811
10.798310545
10.788687461
10.784888517
10.767374179
10.729381215
10.692728727
10.627226333
10.575574769
10.540283305
10.513651465
10.486407029
10.580345945
10.537322105
10.780495001
10.795333284
10.785944947
10.784120493
10.787632813
10.788696171
10.78396098
10.770798453
10.76723963
10.766233513
10.774157775
10.789816303
10.772162317
10.758741254
10.755485194
10.758863934
10.761706265
10.741773134
10.745905881
10.750422689
10.749851425
10.750702814
10.839975866
10.947442889
10.954606062
10.960473979
10.975805804
10.980917826
10.990004455
10.986373392
11.180078197
11.17783815
11.174020325
11.169049649
11.159787648
11.159286906
11.133052627
11.022020567
11.014709095
11.018975309
11.017631441
10.998655665
11.001841963
11.113557907
11.113265563
11.119403912
11.122570382
11.132830964
11.144628797
11.134255703
11.20893005
11.230983139
11.230379356
11.226753503
11.233403192
11.22770179
11.235731932
11.228227437
11.248881918
11.250528137
11.256073662
11.256189859
11.257613382
11.267583497
11.272667221
11.283046299
11.276156641
11.268518493
11.279728151
11.287374089
11.288721205
11.274303923
11.286993197
11.295493511
11.287597501
11.29229837
11.288875711
11.291323384
11.295336874
11.287484279
11.29237188
11.297962644
11.306736019
11.315212805
11.312669605
11.311929993
11.309978967
11.325141859
11.326786524
11.315288304
11.320619911
11.324022413
11.331419427
11.329240288
11.32694226
11.324258363
11.331938169
11.346846847
11.344940589
11.349657978
11.348233614
11.349680042
11.354223791
11.356367895
11.350994518
11.343037714
11.346203799
11.332496138
11.338842255
11.340054853
11.360227203
11.367707434
11.36152548
11.363860685
11.376772054
11.359239838
11.360192978
11.361259909
11.363982798
11.358843728
11.354935468
11.350932507
11.362010676
11.368877425
11.357557079
11.346577086
11.342028281
11.339031525
11.336784192
11.324017559
11.306936953
11.26543463
11.193432002
11.070174574
10.898680012
10.756071063
11.092768785
11.35438539
11.373795562
11.374832748
11.383018082
11.387581462
11.404932303
11.401460261
11.40382082
11.398842905
11.389137719
11.379082404
11.348864367
11.292489746
11.202174182
11.096933598
10.880329155
10.676696836
10.302899391
9.777561829
8.964219625
8.092517466
7.667910739
7.634387523
7.488238738
7.265070884
9.373468122
11.085442748
11.236368148
11.253245291
11.282032316
11.30104984
11.305993839
11.291316744
11.275448252
11.217642663
11.101327407
10.904391481
10.601723077
10.228726808
9.639792257
8.793782478
8.05089162
7.412742302
6.948378437
6.695788873
6.397261885
6.161917433
5.931656199
5.65989949
5.376626193
5.119634311
4.864156027
4.620929267
4.462688733
4.36008118
4.250012267
4.149870048
4.855613186
11.222527388
11.269313582
11.293728141
11.275664039
11.241193278
11.169365574
10.983372874
10.789544044
10.528675179
10.163629032
9.624699295
9.005817705
8.33352843
10.87771812
11.146247996
11.137342265
11.099483817
11.06268361
11.220985395
11.351801925
11.383460244
11.391040446
11.372420575
11.353106958
11.366718411
11.430901253
11.442360845
11.453681409
11.470874201
11.47030489
11.456928431
11.424844292
11.345538835
11.190004283
10.992072007
10.755394212
10.366501539
9.824555552
9.06024519
8.128873508
7.312333398
6.644902848
7.018392074
6.868672856
6.34843927
5.615046183
5.041224453
4.683365815
4.440505346
4.258490036
4.106965162
3.993996571
3.924568754
3.852722414
3.795762846
3.753593574
3.724387994
3.691107475
3.66077089
3.631224446
3.598779685
3.57718396
3.561673658
3.549550375
3.538703135
3.524901963
3.509058911
3.493442209
3.479898455
3.466155773
3.45427562
3.451460201
3.438078669
3.427506427
3.419374023
3.416423161
3.41242146
3.410515878
3.409958795
3.419318061
4.683556427
5.545200448
5.652818424
5.543868132
5.372288029
7.207367699
11.268796403
11.309192991
11.331421747
11.350188845
11.378522065
11.401884512
11.415998338
11.407033403
11.380310692
11.36931772
11.344927526
11.303468642
11.246824011
11.177548266
11.08789901
11.136891669
11.115404149
10.972390958
10.765549627
10.53539388
10.234213641
9.955794889
9.667303414
9.326361608
8.949671247
8.645254176
8.354266456
8.082607573
7.779136783
7.421344164
7.066475568
6.907388012
9.612636428
9.567509772
9.504541059
9.448406269
9.389105537
9.32403557
9.253723139
9.200563952
9.11868478
9.047635574
8.930776623
10.30059088
11.234677987
11.270123728
11.305822907
11.317134894
11.313089471
11.28670367
11.264976734
11.262773136
11.253607581
11.240310593
11.223508918
11.206182896
11.17007968
11.126639635
11.093475973
11.044059462
10.986582041
10.928521648
10.860365006
10.821579159
10.768607464
10.781658681
10.758526044
10.709753121
10.737588474
10.796430916
10.754215577
10.712742264
10.688654182
10.676252027
10.662650901
10.593575379
10.565107813
10.426275702
10.341267676
10.267017162
10.217402725
10.162389682
10.027023027
9.96345212
9.908843042
9.881522264
9.781166791
9.66381706
9.59472763
9.520264919
9.480389796
9.419013725
9.358237036
9.309218292
9.164820527
9.098461458
9.050695333
9.046252877
8.976782939
8.907148838
8.964630349
8.977611566
9.038665309
9.028960818
8.97771447
8.910017698
8.869456874
8.818273814
8.715889913
8.691328035
8.694046879
8.754594813
8.805904895
8.733416009
8.69609216
8.687916943
8.730348515
8.721682302
8.681435772
8.69861323
8.668118138
8.599700205
8.54921588
8.502975141
8.40062255
8.330650636
8.311874472
8.297317726
8.315016575
8.288815249
8.313467767
8.243958356
8.208824575
8.102991493
8.075968261
8.085486451
7.990217181
7.981075776
7.958017749
7.934865912
7.919697297
7.93891792
7.913384478
7.822584255
7.796348463
7.669866274
7.623383072
7.615250681
7.647394564
7.79081355
10.245067415
11.110640865
11.137201976
11.157273117
10.926259936
10.969291352
11.213640848
11.21659369
11.219792728
11.227266602
11.234122571
11.248574815
11.244063858
11.247497656
11.247632066
11.225427688
11.220603667
11.226763506
11.216376552
11.214748551
11.22182871
11.219710234
11.181107209
11.171085771
11.158400182
11.148438721
11.137181317
11.115220747
11.101270465
11.086715979
11.082156178
11.069672939
11.055456361
11.04141411
11.019771654
10.984230959
10.958058505
10.928087364
10.908264081
10.89771531
10.856815072
10.805255365
10.739947033
10.678101296
10.606761686
10.453849597
10.29582458
10.170617904
9.926137
9.804766789
9.722295546
9.623736322
9.572760772
9.456331621
9.246189765
9.003223327
8.80954945
8.365521906
8.059762277
7.78596578
7.506277242
7.275638625
7.020288332
6.744154438
6.487639016
6.281682795
6.063002747
5.866521298
5.705025494
5.576238641
5.449298817
5.325575782
5.174681484
5.078367125
5.044400528
5.001365632
4.944296068
5.179026048
8.455959158
8.64462956
9.338499607
10.793906683
10.945347134
10.862416138
10.787089574
10.747295102
10.705211828
10.63294445
10.518558113
10.362855566
10.10414034
9.766692125
9.375473605
8.921830222
9.265399274
9.675880115
9.560522688
9.455908145
9.282211609
9.038043721
8.759440925
8.454775996
8.08496061
10.676271451
11.293811585
11.331412636
11.352343339
11.343929823
11.317031532
11.270364197
11.194273355
11.022395846
10.60734652
9.884138813
9.114431353
8.467647555
7.738136886
7.059002659
6.504963661
6.07643875
5.669956773
5.288348311
6.836053329
4.695766457
4.477138296
4.265924008
4.060128653
3.869059994
3.722800462
3.659710722
3.612359172
3.57394791
3.540381286
3.51146397
3.487292886
3.46900106
3.457385899
3.44866525
3.442837528
3.439217303
3.436096135
3.433031003
3.428595436
3.426869476
3.425100061
3.421709549
3.419759782
3.418155619
3.414952061
3.414235081
3.412678798
3.41213578
3.411333422
3.410382795
3.409243036
3.408104488
3.405812505
3.414250772
3.424721899
3.434850026
3.439508934
3.437965352
3.434021814
3.428031701
3.420573681
3.415053038
3.410679408
3.408555555
3.407399265
3.404596244
3.405108512
3.404469169
3.403760781
3.403037171
3.403322033
3.402956998
3.402603346
3.40244353
3.401526634
3.401491041
3.40061578
3.399889122
3.39887185
3.399395923
3.398821312
3.398306829
4.47552126
7.076030303
7.500909863
9.599780169
10.163653199
10.429803419
10.509634015
10.496203485
10.379999496
10.206653158
9.976739716
9.792081928
9.490732264
9.085340132
8.57807507
8.038645664
7.431276446
6.746035554
6.019053706
5.446152611
5.050522092
4.84527028
4.742116883
4.663680548
4.594810957
4.536369519
4.486671431
4.438330835
4.390403936
4.346310919
4.297826621
4.260723247
4.224202586
4.182685669
4.138730363
4.111451154
5.072491739
7.605477781
7.628886861
7.325188585
6.872271528
6.373325594
6.022955125
6.143738848
5.915212293
5.46776936
4.981822666
4.617249477
4.335199627
4.096600291
3.969556835
3.912344136
3.869468034
3.835522249
3.805438607
3.771524949
3.748408042
3.725906602
3.950784939
7.957294952
11.271588539
11.286422007
11.297873958
11.281800691
11.260138448
11.229355379
11.173233722
11.096472178
10.952327642
10.76665712
10.537860017
10.367626382
10.352516719
10.807088942
10.711903116
10.571306502
10.36439179
10.793593684
11.069711989
11.098573673
11.111528833
11.101878164
11.088643279
11.056910283
10.988793996
10.901049477
10.813974167
10.737758448
11.022489725
11.248124127
11.264569943
11.263769352
11.266947804
11.258611358
11.246854446
11.225940991
11.197550958
11.146943307
11.065064095
10.991491746
10.951066596
10.869853178
10.911068265
11.110192073
11.092224296
11.065512625
11.058532621
11.082026352
11.085246725
11.072490897
11.064209718
11.05045958
11.03971803
11.029020185
11.128466931
11.223705501
11.230484454
11.22544066
11.223593452
11.218507182
11.220481569
11.199273414
11.185682618
11.17491203
11.179417144
11.204687675
11.201040856
11.200011813
11.179498331
11.178541492
11.193210734
11.281323974
11.280911587
11.283986381
11.278266839
11.265220666
11.259405609
11.254715157
11.250829112
11.231431146
11.224325187
11.208735252
11.195473128
11.758748144
11.731533281
11.688581327
11.668488004
11.630743758
11.586919479
11.535366409
11.482731782
11.427200219
11.627112984
11.649530767
11.610710819
11.57837899
11.557941378
11.516433827
11.503378138
11.451407324
11.37174555
11.309931391
11.232499942
11.114737298
11.038795536
10.948235075
11.033953191
11.643541872
11.71197337
11.750677441
11.77848687
11.77356094
11.777636539
11.791318787
11.778417089
11.774011419
11.782137419
11.783322899
11.788136394
11.773047716
11.764557831
11.760145324
11.733971054
11.756465669
11.737182213
11.728002806
11.726562511
11.737794494
11.747060008
11.753150205
11.750920353
11.764189982
11.783137349
11.794833002
11.806778085
11.80138056
11.804453408
11.791364122
11.771915934
11.738747814
11.714015783
11.717783698
11.733977529
11.686416809
11.608535322
11.505490944
11.367845485
11.18373533
11.020211955
10.915631961
11.509024714
11.608680978
11.552251091
11.783729166
11.822257354
11.849194129
11.876529764
11.899002894
11.922099423
11.918340207
11.907660864
11.954580924
11.993863995
12.003561656
12.013291196
12.026995188
12.028402774
12.025354044
12.005006877
11.984575534
11.948902778
11.88089538
11.759553785
11.624003939
11.387749272
10.993581083
11.602430946
11.820926467
11.73759151
11.632763199
11.557195387
11.488525957
11.41364929
11.264541554
10.988226303
10.64824601
10.390609344
10.213800378
10.027951408
10.044374506
9.639085588
9.117423758
8.617062326
10.577175067
10.447029438
10.252393559
9.910119535
9.464678005
8.730502451
8.06685378
7.620794652
7.142136568
6.747821725
6.386354899
6.030476808
5.720439549
5.457324408
5.252103526
5.136093721
5.034187907
4.966981408
4.917276473
4.860140785
4.795564817
6.147231065
8.4778875
8.457241054
8.424046695
8.383555222
8.26463567
8.104594612
7.898308553
7.676686687
8.485619754
8.523837493
8.533924222
8.519860669
8.480701021
8.412197245
8.297166221
8.116780553
7.892135612
7.922835263
8.56514188
8.523916961
8.398334346
8.482379992
8.557183213
8.543749763
8.482941133
8.579192378
8.661495929
9.014859663
9.306171524
9.50166816
9.565133693
9.463019279
10.298338372
10.985685969
10.991915104
10.96820304
10.893382209
10.706804311
10.322474201
9.779408941
9.218897338
8.809316283
8.117807768
7.204343552
6.362397692
5.654041414
5.071331323
4.689344285
4.546080607
4.47034083
4.396207149
4.326313187
4.264378461
4.200759033
4.144502467
4.10007134
4.065324442
4.04617142
4.352858478
7.682445018
7.486176102
6.998304884
6.112249573
4.946254499
4.173331844
4.062122689
4.045369098
4.037094761
4.029695541
4.021228776
4.014541963
4.009234757
4.006009644
4.002610965
4.001359268
3.999411719
3.998028527
3.998043603
3.995626575
3.994353371
3.993530128
3.993250774
3.993050907
3.99257412
3.991435066
3.990704338
3.990019198
3.989716462
3.996175035
4.001366424
4.001705605
3.999903757
3.998391182
3.993822058
3.988595558
3.989340742
4.917121225
7.626775714
7.672522036
7.736792126
7.705639143
7.643304818
7.564442117
7.451301905
7.369938047
7.318654502
11.707035384
11.854154972
11.796124417
11.67620608
11.474808307
11.230799276
10.958031876
10.617974585
10.232699698
9.774661448
9.286463472
8.805247251
8.140613257
7.2883918
6.552491832
5.804986004
5.118881948
5.63289602
4.420315604
4.388251045
4.372784368
4.336607175
4.270329138
4.19607065
4.136779024
4.098578744
4.070847983
4.051724975
4.03674759
4.030246665
4.025664308
5.718621936
7.751374254
7.752592455
7.76395228
8.973995932
10.34283099
10.342036965
10.330733149
10.313816759
10.286682964
10.231201004
10.145941917
10.027506164
9.903690336
9.76454042
9.688754417
9.643197614
9.612867875
9.547832008
9.323758088
9.104493372
8.899521198
8.564508866
8.252889795
8.01599736
7.881251616
7.738537743
7.69741232
7.599376535
7.425907303
7.101202859
6.907282945
6.771960682
6.646634715
6.543883052
6.416253929
7.32910687
6.316500686
6.267729925
6.132114076
6.02985892
5.892968545
5.820946596
5.797282807
5.832103904
5.766452463
8.044453325
8.587696185
8.469001805
8.35487932
8.256924282
8.175759908
8.063858295
7.996591816
8.013414837
7.938883323
7.889977986
7.88091068
7.7086593
7.424115453
7.360589538
7.236661256
7.061541536
6.928428068
6.953372332
6.96871449
7.049297877
6.973599956
7.04849928
6.87669571
6.640518268
6.625446512
6.53421203
6.466448117
6.33474361
6.10454049
5.940666385
5.856036072
5.899501109
5.926951253
5.941259458
5.993825302
6.00962497
6.012378433
6.082702079
6.006793515
5.874971091
5.875496339
5.899874085
5.806811898
5.7219574
5.738103194
6.008383026
6.842692564
8.057666278
8.231399732
8.274983514
5.950015872
5.934319846
5.914323242
5.897913074
5.901562767
5.896822091
5.859190308
5.866557695
5.943798845
6.067805933
6.093081725
6.122463571
6.15692888
6.360564797
6.689656142
7.000691785
7.276941087
7.493187356
7.648242491
7.756158577
7.81705819
7.834507856
7.859341972
7.86726814
7.853735753
7.848580346
7.864131949
7.90723833
7.968204954
8.118579301
8.118039114
8.123734668
8.129224445
8.138637752
8.152382305
8.160080231
8.169384018
8.201036981
8.226698196
8.220029229
8.247592357
8.254551315
8.275257421
8.432133166
8.771458497
9.025726971
9.181999914
9.266816858
9.298496687
9.298087713
9.404474819
9.565867047
9.560723835
9.56329398
9.577229386
9.584039753
9.614121003
9.615734676
9.612121833
9.597922795
9.586324979
9.581629411
9.584120547
9.540694278
9.514333951
9.50906686
9.495558533
9.503747093
9.507260137
9.495478883
9.491308313
9.488957055
9.489899343
9.490584273
9.489345702
9.449673936
9.438059209
9.412519341
9.38785301
9.351230328
9.312240013
9.276845045
9.264415947
9.196489663
9.151563954
9.12072364
9.111613809
9.29384971
9.366013963
9.370341957
9.355960034
9.477862658
9.540569348
9.561881892
9.577632826
9.605625529
9.616749135
9.629260084
9.637473788
9.652631366
9.662388144
9.675873065
9.681584461
9.680210721
9.686749396
9.671562793
9.677793334
9.715657527
9.71191673
9.718590407
9.715435555
9.712833256
9.693071492
9.676150161
9.667387597
9.668024929
9.72004396
9.729259455
9.743097195
9.737778326
9.741516543
9.71952654
9.69829885
9.685979305
9.672519548
9.672018027
9.650126272
9.633496625
9.64311325
9.641218875
9.610505751
9.579962328
9.529250216
9.474487301
9.490792638
9.595410933
9.601439289
9.600540248
9.609998317
9.605927674
9.691951699
9.715180513
9.733102685
9.740681315
9.741103357
9.73513709
9.729388046
9.721428933
9.712109974
9.710838696
9.732534695
9.738699213
9.724345596
9.696589633
9.691626688
9.739749599
9.768860596
9.767549299
9.752306765
9.750475957
9.753611715
9.704420945
9.600371103
9.462219056
9.279328821
9.408703776
9.308452924
9.32977478
9.173554593
8.964793193
8.735397913
8.355225171
7.942239558
7.532437046
7.132585207
6.785429566
6.458237728
6.17025192
5.73502773
5.233050277
4.804972208
4.485442524
4.230490933
3.992447721
3.75956122
3.5197784
3.271465325
2.98686517
2.708017334
2.425123736
2.179896901
2.08504958
5.600575002
5.349643797
5.602750913
5.688866338
7.770594406
8.196755192
8.231725052
8.25503762
8.274522938
8.280216649
8.265202074
8.232720952
8.303897893
8.310621586
9.216922684
9.665942743
9.67472092
9.674594169
9.675488918
9.669048023
9.639742919
9.564138898
9.449761038
9.314314332
9.136314953
8.874312401
8.4773771
8.180819768
9.282280928
9.034009508
8.737201422
8.333089245
8.800269836
8.789243966
8.695593461
8.666616478
8.613229845
8.587998845
8.521908451
8.377797345
8.154617598
7.840323289
7.471767145
6.997439877
6.347974863
5.596973962
4.856662238
4.380990203
3.971501357
3.592416245
3.220756654
2.866162513
2.584034881
2.283365894
2.066942839
1.926453369
1.84165618
1.792890577
1.764194173
1.743132335
1.729065152
1.720499428
2.008086149
5.421673205
5.187952839
4.837700607
4.418369141
3.928642163
4.28903074
4.15391576
3.789206609
3.515536026
3.187787097
2.855977518
2.622107563
2.429715225
2.211049908
1.953952197
4.488065312
5.455342394
5.421904539
5.358428183
5.290980166
5.209041088
5.080683433
5.468579722
5.456231296
5.414682344
5.336715738
5.242211074
5.12220441
5.016578674
4.842945057
4.64248088
5.354322304
5.508935317
5.494058622
5.486748943
5.480627159
5.47363956
5.468913911
5.460159096
5.438005848
5.407629164
5.350224991
5.269486863
5.393246532
5.520309614
5.526964036
5.542118453
5.592249674
7.795397173
8.047725644
8.050189366
8.047379214
8.050613337
8.080732593
8.110190595
8.105587806
8.105931187
8.10447932
8.108860401
8.115579889
8.102081723
8.059772194
8.039451605
8.100919755
8.106695964
8.108694584
8.067980858
8.02177312
7.955031021
7.939803485
7.856884715
8.001227761
8.035712247
8.069488094
8.073353294
8.063849607
8.063837667
8.053782939
8.051587135
8.056474822
8.054008291
8.062026119
8.052819653
8.010016515
8.016704454
8.053672791
8.049789919
8.05890461
8.064542083
8.078151513
8.084240479
8.09450857
8.112444997
8.119862433
8.125247531
8.133991859
8.133216842
8.141478526
8.158936375
9.216376433
9.581547142
9.585621145
9.595139851
9.603012316
9.601560965
9.611295734
9.610731884
9.605708092
9.592246515
9.583095982
10.679487564
10.664337315
10.642377259
10.623502073
10.603663683
10.430432573
10.411096598
10.535122132
10.552911159
10.568544924
10.564998819
10.550404242
10.537112235
10.48896072
10.460809295
10.433598427
10.389894333
10.350392981
10.300880006
10.238204006
10.173085312
10.085078136
10.010105477
10.266023771
9.930423561
9.931551996
9.855515413
9.724726068
10.187890655
9.62648483
9.639350671
9.605124639
9.520199163
9.636523951
10.349035646
10.361448521
10.009973622
9.986537637
10.31405649
10.316028976
10.333463951
10.029161103
10.359679446
10.368574118
10.373627352
10.375371552
10.372798187
10.376731826
10.355889892
10.337903812
10.343990631
10.28594887
10.238116074
10.173283869
10.099697676
10.018564953
9.936532299
9.852163214
9.815025351
9.72814969
9.571729819
9.98060514
10.255560084
10.244041016
10.246644785
10.246042988
10.227800076
10.220797647
10.204551357
10.179774833
10.106869938
10.016115983
9.928633842
10.097179666
10.391143109
10.552490114
10.577500509
10.589506466
10.58851483
10.581468446
10.551078807
10.514476662
10.454341288
10.369870432
10.462840003
10.572432717
10.549612292
10.513220132
10.444983045
10.331247743
10.119264453
9.970873857
9.765816954
9.18555791
8.785499153
9.434422502
10.465999179
10.415386502
10.339079078
10.224889413
9.994205269
9.675879944
9.825177946
10.125529561
10.014889584
9.885730632
9.684467065
9.507779496
9.150884065
8.672256759
9.713819618
9.725773686
9.667263926
9.671043475
9.578849801
9.485143043
9.39341684
9.193774583
8.882309901
8.564485951
8.211244721
7.809117432
7.305142168
6.752033039
6.131287313
5.538499549
5.066743739
5.264725871
6.598226985
6.263046749
5.639555055
4.857195751
4.589922876
4.332972492
4.15418868
4.046224543
3.946306141
3.874729037
3.814533432
3.763123221
3.711354287
3.661815482
3.848547653
7.745834127
7.755821225
7.727919677
7.709445038
7.699978967
7.629530874
7.494244159
7.339166845
7.145466482
6.904482049
6.671581531
6.456864591
6.020574503
7.373331392
7.511442163
10.325000338
10.733474011
10.738099404
10.767347536
10.791217579
10.810516082
10.806426162
10.793725933
10.749644597
10.664203925
10.522742251
10.664777484
10.736702158
10.720951904
10.673227439
10.7123251
10.7190414
10.706090269
10.65811188
10.574728925
10.38952711
10.091211816
9.464298599
8.54651863
7.871011716
7.325722209
6.874666645
6.564291367
6.311781899
6.070952925
5.772780711
6.720313841
8.644144308
7.654269962
5.831159884
4.456348777
3.973040801
3.747077612
3.570548472
3.629804337
4.979331552
5.121812315
4.414946662
3.480261955
3.161237354
3.041564141
2.96224106
2.912452346
2.8770567
2.851879599
2.836096085
2.829995752
5.174409398
6.572405433
6.554481558
6.480137071
6.276484887
5.917053546
5.336335948
4.582872908
3.784507404
3.219402706
2.928531362
2.870395648
2.851764269
2.835389322
2.824215961
2.814904567
2.812268638
2.806257777
2.807336078
2.806096727
4.197864108
2.801791464
2.799741149
2.799040699
2.796915375
2.795669636
2.794105033
2.795171027
2.793775553
2.790899697
2.78974523
2.799461834
2.808997923
2.808489936
2.797740684
2.795931214
2.792465646
2.790862054
4.514072889
6.532297516
6.464232409
6.367231493
6.244030102
5.998703235
6.270513413
6.439857387
6.316001222
6.205885392
6.155440408
6.029919691
5.806956848
5.662430237
5.508985543
5.283153231
4.895760559
4.357031615
3.827132455
3.319582409
2.960271155
2.851139196
2.819570864
2.806976823
2.79728196
2.793582938
2.790572594
2.78418012
2.779124528
2.778009792
6.0893985
6.231138737
5.820834649
5.429693892
5.15363608
6.518545591
6.477507617
6.544008918
6.52323636
6.484710068
6.40032776
6.264333686
6.134478406
5.989344762
5.927957758
5.81505677
5.64768386
5.576223283
5.533994782
5.470513288
5.258440035
5.024514492
4.649109255
4.308770724
4.048769279
3.772438666
3.560950415
3.43553834
3.338289481
6.444707168
6.539105624
6.524896555
6.503527171
6.474778415
6.416931099
6.358349085
6.203634802
6.022191611
5.905788326
5.807108154
5.739600569
5.636331605
5.770785618
6.107362307
6.067359949
6.003559499
6.00197759
6.501500372
6.584747884
6.860778088
5.354070527
7.212054809
7.418585256
7.610006382
7.787567886
7.925319828
7.896082309
7.873548879
7.887399019
8.119011342
8.246473227
8.270879354
8.288687751
8.321904372
8.311631286
8.262032525
8.249011821
8.255784357
8.320567087
8.462281359
8.534654318
8.533377859
8.573232224
8.753535622
9.202624081
9.344402371
9.364929369
9.386886051
9.400521864
9.405608312
9.39331142
9.395923847
9.40111477
9.416342196
9.421087992
9.419008956
9.399552427
8.8493821
8.862155023
8.913624009
8.921236768
8.705822413
8.718235356
8.733554945
8.733345597
8.734838308
8.726266407
8.716876964
8.911939256
8.744255672
8.922574626
8.937394198
8.934998503
8.933142711
8.925446268
8.919265347
8.912338079
8.882985943
9.028201114
9.067552575
9.080102595
9.094269443
9.102214332
9.115042374
9.123090346
9.132247155
9.113748188
9.157130998
10.020498521
10.127277392
10.129697504
10.128194285
10.120624621
10.110595349
10.095213776
10.084105874
10.082597731
10.055591226
10.026295
9.996211057
9.956498151
9.924087374
9.866963621
9.899998431
9.953014693
9.922568011
9.854922698
9.804157164
9.792727675
9.715116642
9.632053512
9.716617851
9.797796708
9.723547028
9.604501816
9.582213443
9.729449523
9.829874311
9.832934751
9.844689756
9.853246002
9.863215439
9.872399063
9.86986446
9.92640791
10.102798776
10.120564688
10.13772781
10.155402582
10.196697313
10.201242213
10.204026092
10.190683093
10.173971917
10.167509377
10.154785992
10.148497814
10.152044979
10.143869897
10.13182558
10.125550918
10.216286405
10.206867963
10.212246021
10.190503798
10.141174045
10.081174755
10.189702371
10.154680478
10.051186891
9.822757009
9.714497859
9.921857556
9.870554088
9.619711723
9.340411883
8.728850566
8.199770353
7.792237704
9.939566046
10.104582272
10.132159129
10.149918567
10.168325209
10.173668393
10.174600296
10.141761562
10.069580039
10.096602732
10.113746482
10.088736922
10.023307095
9.845220291
9.984430144
10.179405546
10.178950119
10.171174818
10.151307377
10.081188572
9.902162786
9.63682653
9.694002828
10.219299658
10.243098068
10.271652518
10.295393597
10.311190397
10.315479448
10.305819889
10.299989011
10.324256361
10.338802537
10.340697453
10.351816597
10.351732597
10.352832295
10.365932369
10.364750025
10.360328569
10.374334736
10.381271825
10.377847551
10.379022972
10.378487881
10.383580244
10.389827873
10.385409993
10.385504478
10.383562286
10.381058138
10.374871204
10.372398937
10.358097953
10.341243315
10.293556666
10.234265546
10.148753407
10.050573257
9.88912338
9.790081531
10.352774816
10.356610704
10.356914338
10.371313166
10.379035421
10.392167647
10.392445386
10.400261954
10.39236078
10.381583287
10.365809371
10.288402224
10.145922397
9.915062704
9.542567598
8.913113344
8.119558417
7.366117959
6.584761974
6.076950421
10.123391442
10.254987233
10.256893955
10.247144051
10.251793277
10.305612082
10.318804875
10.324793638
10.321869041
10.310870506
10.259482668
10.136528783
9.902932062
9.480613457
8.954980105
8.399331617
7.79250149
7.135907296
7.115171477
10.219087675
10.240558733
10.237349031
10.238913711
10.21330944
10.097316632
9.832149316
9.363862128
8.789179112
8.209505123
7.680591639
7.102156841
6.662059578
7.984234158
8.373955868
7.956585787
7.313500606
6.377614012
5.432089849
4.599521429
4.076745254
3.685202535
3.465491728
3.612029578
5.733638974
5.430127316
4.618407481
3.771381863
3.174558978
3.130898482
3.116757211
3.119351469
3.05395784
3.018247132
2.948349386
2.866794768
2.795869454
2.737682422
2.716029415
2.677860353
2.637676354
2.597093655
2.559734123
2.526100642
2.494194769
2.467401488
2.442283619
2.41888806
2.395028844
2.389091748
2.396693451
2.393282373
2.39028011
2.379134504
2.358889128
2.376633669
2.406703959
2.424333098
2.412787495
2.371512018
4.766269889
6.068441405
6.061310637
6.030875348
5.968962627
5.901858912
5.781467388
5.652849833
5.538136466
5.399428802
5.268156054
5.031981672
4.852930051
4.694006957
4.573927764
4.306033725
4.238796353
4.143271806
3.986339268
3.714511168
3.557502272
3.424854842
3.188114286
2.950627575
2.724858646
2.523318988
2.395237663
2.357462591
2.330145988
2.311247522
2.299528145
2.292600139
2.833824019
6.049385303
6.040120742
6.023056661
6.004165839
5.988620424
6.012488288
5.999918775
6.346056683
8.576630215
8.590276131
8.598774641
8.618916968
8.6334492
8.652833703
8.666751164
8.667216964
8.663996653
8.660001174
8.658541292
8.65802105
8.613361237
8.563005199
8.510938479
8.657587855
8.688569336
9.466812705
10.155134794
10.166944048
10.173661716
10.171142269
10.148720821
10.136670196
10.104131669
10.107202865
10.154531717
10.246012702
10.255473827
10.257074772
10.2637482
10.264580103
10.271037061
10.2734003
9.926704741
10.265865613
10.266420716
10.258857703
10.256636909
10.247999069
10.250354422
10.239120542
10.252564574
10.272765511
10.2832781
10.28678963
10.277993825
10.271001406
10.27068642
10.267408818
10.263157232
10.262596681
10.254236424
10.237897584
10.221380881
10.208993009
10.247768404
10.296570712
10.290173598
10.294929792
10.295568162
10.299697955
10.504692355
10.494807329
10.497184582
10.4934368
10.489298992
10.481050196
10.485729933
10.481428201
10.489327415
10.488726292
10.491227099
10.49485613
10.490696073
10.485195457
10.483432345
10.479621631
10.476538142
10.465792943
10.461191844
10.456623546
10.447917819
10.443924313
10.438613445
10.426925955
10.428434901
10.416309167
10.397436465
10.387906445
10.358290747
10.33197915
10.294884365
10.266632109
10.451573594
10.462205305
10.462997178
10.459371902
10.464829151
10.46371453
10.446791977
10.432310611
10.422897517
10.41709235
10.403170123
10.377238938
10.363506417
10.340974316
10.269320098
10.185305767
10.119806403
10.071620611
10.032884202
9.875791766
9.698554932
10.368750698
10.465641934
10.466662191
10.465121947
10.469822636
10.475322265
10.472973386
10.494881732
10.496266819
10.498570212
10.499805284
10.492359881
10.482907501
10.48378367
10.50209267
10.515374712
10.518861917
10.519412438
10.527652338
10.525986517
10.52236636
10.520795169
10.489234829
10.431824198
10.392451661
10.35396598
10.224987434
10.097474599
10.00143455
9.930851273
9.676572868
9.469471552
9.389082654
9.147024474
9.023349025
8.957181055
10.070644067
10.320919555
10.089283687
9.864113661
9.586462155
9.248479993
8.755161031
8.225820281
7.615689799
7.127102738
6.706077801
6.672474794
9.504793981
9.391366463
9.34106936
9.285398538
9.175306859
9.011022103
9.852983531
10.319089451
10.356296595
10.38174026
10.407738109
10.434455881
10.44291182
10.440703512
10.438313467
10.44409195
10.476176959
10.4918149
10.50275283
10.528093454
10.53499237
10.538389296
10.529875277
10.525575224
10.497322317
10.412842062
10.287954639
10.149907162
10.128360943
10.056174867
9.989229564
10.523983252
10.524701667
10.518679161
10.484648204
10.481967805
10.524349443
10.535590448
10.538357348
10.551198476
10.562224163
10.558482381
10.559436699
10.569518838
10.572790018
10.555657719
10.568897464
10.582179033
10.587862307
10.594429766
10.596519654
10.613026837
10.623431441
10.622580887
10.621986819
10.625674309
10.619294082
10.611974531
10.591863066
10.483180629
10.304601511
10.075246044
10.594350534
10.618383512
10.6232169
10.626842837
10.623674749
10.602926774
10.543157868
10.597795542
10.510167235
10.319206014
10.016736227
9.574467672
8.873346822
8.010030644
7.355975855
9.601811382
9.269619636
8.799736701
8.516761195
8.164368789
7.884448773
7.319339674
6.660790265
6.045388538
5.516881433
5.17043641
5.285327137
8.532715334
8.33401696
8.014798187
7.690270062
7.18027075
6.080900335
8.055112396
8.029544679
7.914443155
7.681584336
7.32023308
6.849631558
5.928882838
4.720523656
4.046862893
3.801099926
3.628267832
6.886775264
6.997703439
6.46138906
5.307562522
4.354841854
3.514341827
3.22264326
3.059858811
2.932763794
2.83605866
2.772359818
2.719354713
2.661739399
2.600172726
2.559427465
2.528298946
2.50760352
2.492457216
2.485411773
2.477500782
2.475232828
2.469687609
2.467404068
2.465475417
2.463764519
5.760560768
6.033275344
5.554753639
5.329552651
5.238134676
4.472093666
3.343625834
2.690021816
2.565861839
2.535671457
2.508219758
2.487269263
2.481754997
2.713461789
3.246773154
2.892840997
2.593472851
2.531037423
5.171813025
3.615462499
3.597653875
3.863859046
4.554312438
4.145874438
3.690257195
6.064016462
5.127432708
6.230520757
6.246046904
9.899418192
10.410229296
10.425244799
10.419000196
10.369932242
10.272736648
10.185183398
10.458562271
10.464888624
10.463201315
10.444957774
10.40190727
10.320141915
10.223501413
10.105078708
9.932935302
9.755485878
10.163094762
10.021448149
10.095914258
9.965505597
9.772808758
9.525456584
9.169615944
8.781494013
8.346920579
8.259959354
8.128580298
7.799739208
7.284752477
6.642408874
6.245027847
5.879046452
5.653321662
5.476866902
5.296710674
5.162792455
5.074642099
5.053484592
5.024915057
4.987655596
4.945366845
4.898452701
4.858076115
4.817633408
5.303003828
10.389245231
10.408299284
10.424404123
10.426350515
10.433838167
10.433551114
10.43081319
10.413267222
10.408121264
10.393873324
10.379390847
10.363937205
10.343110838
10.311677253
10.250460761
10.143577145
9.97304146
9.846936509
9.762200908
9.762780313
9.624986066
9.470693148
9.366181279
9.225761022
9.230726831
9.268267355
9.125996411
8.957289378
8.817973141
8.746506238
9.840452924
10.131161039
10.103496162
10.086932353
10.064959604
10.036343816
10.008334033
9.996995109
9.993631932
9.960746319
9.922391937
9.864754022
9.812919125
9.977608072
9.961221023
9.675559672
9.666845441
9.651552667
9.783932878
9.768859714
9.809266246
9.857842913
9.944797922
9.938454928
9.895434362
9.866579684
9.807447153
9.691142581
9.629218871
9.958774899
10.023634027
9.931455629
9.792187661
9.641638665
9.546089586
9.659822436
10.088658752
10.196726755
10.183983783
10.127137649
10.060352188
9.919398172
9.906332249
10.263006353
10.690014003
10.720179942
10.738727708
10.7570689
10.765950825
10.779620846
10.80204653
10.815345156
10.827422102
10.828056226
10.825905583
10.818585994
10.81182222
10.807353346
10.79257371
10.77890876
10.758401557
10.730144121
10.705853729
10.674729708
10.672790626
10.711997402
10.674052975
10.603414954
10.520442545
10.48521264
10.473667421
10.370064354
10.409032672
10.840563874
10.877412014
10.878217067
10.884972062
10.897459614
10.907857317
10.935436938
10.936305089
10.930382015
10.937530229
10.920888152
10.907725379
10.901613235
10.909467122
10.910460705
10.882916788
10.843428291
10.792402567
10.696358699
10.674885214
10.721043063
10.582718075
10.426063568
10.378639575
10.268804484
10.045927112
9.87652175
9.849382397
9.764600996
9.67346378
9.65133794
9.741064515
9.65039151
9.524820232
9.307349169
8.958868632
8.522204753
8.294225199
7.992555911
7.62536876
7.476808084
7.404292541
7.533382061
10.673338761
10.703113274
10.709431736
10.723285695
10.841811699
10.861084474
10.87551455
10.885761631
10.89577574
10.881200619
10.847738303
10.76270026
10.617963666
10.360437067
10.111364467
10.430292437
10.943870219
10.950222929
10.95409934
10.956877353
10.960343772
10.958131935
10.952930418
10.94684038
10.939767105
10.942926658
10.933616417
10.921092124
10.954745644
10.959931797
10.971528601
10.973710394
10.98267221
10.987979338
10.990389397
10.980747648
10.971349178
10.943518009
10.872101851
10.783887832
10.652155362
10.501783105
10.410103068
10.943628915
10.885750433
10.779577593
10.600024536
10.316861802
9.759212879
10.745548013
10.688470592
10.834746179
10.88650334
10.900475317
10.908734185
10.911582605
10.913352481
10.909310294
10.898021367
10.852033858
10.929359178
10.908940614
10.840262434
10.682555692
10.473737164
10.753132863
10.884709926
10.892829196
10.909079758
10.913560618
10.896791691
10.811832375
10.685949261
10.499305664
10.151180483
9.729926943
9.183411378
8.579104693
8.195378802
7.747764949
7.249360199
6.885092741
6.756612077
6.591858747
6.394929147
6.230344203
6.088196062
5.913843427
5.750158006
5.59703032
5.460106176
5.314346519
5.146171286
5.218134754
8.774451899
8.720592009
8.918608043
10.830804663
10.836848283
10.811806293
10.755851701
10.677635926
10.728948922
10.521892627
10.107710646
9.364146165
8.249908006
7.171253362
6.874473269
9.671436721
9.409538964
8.811204971
7.676479115
6.017975415
4.931073211
4.416123801
4.082300923
3.963727585
3.889134168
3.815352363
3.748812248
3.691355153
3.628035723
3.557040263
3.497201064
3.455615975
3.434466139
3.379099106
7.025820766
6.848757692
7.873391129
8.278320619
8.341855285
8.422232099
8.559741924
10.241275941
10.854172789
10.893494946
10.90968271
10.924524176
10.926979347
10.969497084
10.970632652
10.958532642
10.902877982
10.803640019
10.753860499
10.986378923
10.989152904
10.983248899
10.978646788
10.958060223
10.886520586
10.729935569
10.523087655
10.262396579
9.934554985
9.652756772
9.422880408
8.975785043
8.183940808
7.546451472
7.041949975
6.641516275
6.333376444
6.081685329
5.849038354
5.649815734
5.477620036
5.286034903
5.075547029
4.860566156
4.696319656
8.27514768
8.277781099
8.18361148
8.078249375
7.915983328
7.702676268
7.41805411
7.111169824
8.226557148
10.696306331
10.865716901
10.888990514
10.913635044
10.923414946
10.922737461
10.926265603
10.942413986
10.973056787
10.979562947
10.987335068
10.981712009
10.978444771
10.960839421
10.938815562
10.920314821
10.874441495
10.817647317
10.899598356
10.875515855
10.840780064
10.794847898
10.717025076
10.632040037
10.663070399
10.931573813
10.933389563
10.939771512
10.939150899
10.931899726
10.904431755
10.871402139
10.839947126
10.790766752
10.71714722
10.683358514
10.641569648
10.534311266
10.48234942
10.426340393
10.230158968
10.094954911
10.009124794
10.072908753
10.019507398
9.973294056
9.912149132
9.825237094
9.840328692
9.814905664
9.579283684
9.638332278
9.377139575
9.068827706
8.890285998
8.771549287
8.59818927
8.528536387
8.477860157
8.377333923
8.25617029
8.200786689
8.175509486
8.074686538
7.924049067
7.86660961
7.828943261
7.795687276
7.82940499
7.529929273
7.403906468
7.268681983
7.182217205
7.157821921
7.122315318
7.089759851
7.017178186
6.96511035
6.902769726
6.844298144
6.802379991
6.789539649
6.772906309
7.246988081
10.114583996
10.194292295
10.235978385
10.494280063
10.577757004
10.620839091
10.647672177
10.655458758
10.665960558
10.670865394
10.67081911
10.664205527
13.242875916
13.244569513
13.246736368
13.245328389
13.244139857
13.455194513
13.463902078
13.47053197
13.46754389
13.468628836
13.460209445
13.440373021
13.442547765
13.436773426
13.421645704
13.241662482
13.236794348
13.231949592
13.224343734
13.395184085
13.394823695
13.355219648
13.307968424
13.272137317
13.239243694
13.216458152
13.196500972
13.121734837
13.039257403
12.967354871
12.943854455
12.85244707
12.75624902
12.685119405
12.603475968
12.47709288
12.397011495
12.370923168
12.370793719
12.408048777
12.292740707
12.181632042
13.070457451
12.145668864
12.252565119
12.418678488
12.313456329
12.767088404
13.069191873
13.143728753
13.414313744
13.549130118
13.567464249
13.589829636
13.611308223
13.628032559
13.643356298
13.661490924
13.685319294
13.699759283
13.708549795
13.715226718
13.717184702
13.717578236
13.712199515
13.707505545
13.70301789
13.705980608
13.701449505
13.695899611
13.675605229
13.65497094
13.632124617
13.602033705
13.57292736
13.503585642
13.514521604
13.502829941
13.444313257
13.393303629
13.327803299
13.304861611
13.286734439
13.187196645
13.286152017
13.697519479
13.727060792
13.741921931
13.747718216
13.751805008
13.742834031
13.738377926
13.748940539
13.738599302
13.726609601
13.725346817
13.708960429
13.696927928
13.700261093
13.679947119
13.638403282
13.591970192
13.553115681
13.406391089
13.262325948
13.179567586
13.158203212
13.008184251
12.786222026
12.617767637
13.574261844
13.72315552
13.737549797
13.750736583
13.752612298
13.765047198
13.769156018
13.76636128
13.757013534
13.746453772
13.729023205
13.732657118
13.783778214
13.793695273
13.795909334
13.794577753
13.791159604
13.764697355
13.717014075
13.616880707
13.496852732
13.361890208
13.174853724
12.990863807
13.508855247
13.785153197
13.79396078
13.79494761
13.801104523
13.812309668
13.82117609
13.820745725
13.824140992
13.817458325
13.820376488
13.83382475
13.838618532
13.835417834
13.808799641
13.742874226
13.605266184
13.381229146
12.925932516
12.110143587
11.451704979
11.467020611
11.602250272
12.960915812
13.408833206
13.28765657
13.110833914
12.827182757
12.379110862
11.972043136
10.99865113
9.924345823
9.169888564
8.765066695
8.459111884
8.204261386
8.396348757
10.259591805
9.880029659
11.206767205
11.148849507
13.292528751
13.628744885
13.629577332
13.612343789
13.57548972
13.546057987
13.576958552
13.565472349
13.550472161
13.527091788
13.482426735
13.391797043
13.237979594
12.98246624
12.617058292
12.166885604
11.482495908
10.691955153
9.939988478
9.40255911
9.050847789
8.81055299
8.571261774
8.329363845
8.115564147
7.775599013
7.35256018
6.995170968
6.703693732
6.566589553
6.448472523
6.347015529
6.256066959
6.154069491
6.072283057
9.603806533
9.798107237
9.756068934
9.623504783
9.32243923
8.822741463
8.145149237
7.164702763
6.347573579
6.139481023
6.18790951
6.115999542
6.017387679
5.976219438
7.249123352
9.623251414
9.634765754
9.462615358
9.038236489
7.881234474
9.582971136
9.648971944
9.539194905
9.297350794
8.809499925
7.721330229
6.511826416
6.053195486
5.971135673
5.928239122
5.891313501
5.863460644
5.833207277
5.806046415
5.783261663
5.768398416
10.03021673
13.63221976
13.658886838
13.68274236
13.702776507
13.708937458
13.710276437
13.714907597
13.712859652
13.699160257
13.675420009
13.676995861
13.686503446
13.675042951
13.64978341
13.585728621
13.472747685
13.679974391
13.7363219
13.746289706
13.756886769
13.763890322
13.773759728
13.775996127
13.779949786
13.778821022
13.78200409
13.780993139
13.775630177
13.770020512
13.750588176
13.713809332
13.649303634
13.785929308
13.807230091
13.817664804
13.819098296
13.809408925
13.811006056
13.815716652
13.814854593
13.805382511
13.801705893
13.797852767
13.798354926
13.806130027
13.814572238
13.811208182
13.808037695
13.80779586
13.799793268
13.805176739
13.806094201
13.808112175
13.808254145
13.805533136
13.801126352
13.799602613
13.804386463
13.804874613
13.798857172
13.798358533
13.793477139
13.792154287
13.791071903
13.780276077
13.778117372
13.764978042
13.756859852
13.758294213
13.756331502
13.7523913
13.749996238
13.751677455
13.745975868
13.733577731
13.729464175
13.72480979
13.72099358
13.713228224
13.707330837
13.70069982
13.668417608
13.653904223
13.636050723
13.611401613
13.607554667
13.623510108
13.721184117
13.726444755
13.735247097
13.735721895
13.738354301
13.744999343
13.743576521
13.747158773
13.752791122
13.753647186
13.75112866
13.756366999
13.760247726
13.7660071
13.767009431
13.769558874
13.765808957
13.769028798
13.763844524
13.768086734
13.76419679
13.76002448
13.762930095
13.755078648
13.755175067
13.768656151
13.773951052
13.772479314
13.769086588
13.765195448
13.772118851
16.091519401
16.086411688
16.090514383
16.094975366
16.099565271
16.101236154
16.108798103
16.104361881
16.102007795
16.09296023
16.096107681
16.099698302
16.100904138
16.10074784
16.099239405
16.099894011
16.099600449
16.097093428
16.090004911
16.085626629
16.08227992
16.085063585
16.078172631
16.075564171
16.072741939
16.067970494
16.067761197
16.062842393
16.059993831
16.0537378
16.047720627
16.053768275
16.060377388
16.061009687
16.061574158
16.051822414
16.046255325
16.05456392
16.051040631
16.047018289
16.041797959
16.043718217
16.043395666
16.043282532
16.04379884
16.038138705
16.028026331
16.026595327
16.021851179
16.014576918
16.018233562
16.020854026
16.012531045
16.009490949
15.998945855
15.99855391
15.994419774
15.986402867
15.975898444
15.973219499
15.973034147
15.967450065
15.959734514
15.961623552
15.958499813
15.957478573
15.958852836
15.971715244
15.969263669
16.045787339
16.051848067
16.064171385
16.064614417
16.070152312
16.073820217
16.074130865
16.076269524
16.077174454
16.079608861
16.077396803
16.077927486
16.076633108
16.085074934
16.078526967
16.073700456
16.06344616
16.043578453
16.024543181
16.053623224
16.055732939
16.052582046
16.04746567
16.034455053
16.066156016
16.085949528
16.093826001
16.103666902
16.108964258
16.108019301
16.105530104
16.090210839
16.047501347
16.050558105
16.093905453
16.106040213
16.110625897
16.113839378
16.116180599
16.111115471
16.106838256
16.0760304
15.975260172
16.061026406
16.105055069
16.111037437
16.105297921
16.065446423
15.891638668
15.713222028
15.913096183
16.114884839
16.126479209
16.129318716
16.137296422
16.138110752
16.141568059
16.136993204
16.140496246
16.146195905
16.140681928
16.147149603
16.151816406
16.15074957
16.150988969
16.148890693
16.145776083
16.140651483
16.13584507
16.147562751
16.145744431
16.154236386
16.160396329
16.166626436
16.168835105
16.176075452
16.182894186
16.179886668
16.177172568
16.180445395
16.187128103
16.186321887
16.185142336
16.187276792
16.182707805
16.182379493
16.177779917
16.174524454
16.174889435
16.159133266
16.147663736
16.171289864
16.168748608
16.171321766
16.167968075
16.165521981
16.171438288
16.176714783
16.183480204
16.179575531
16.185753119
16.190534895
16.188881582
16.177386719
16.161345358
16.183547241
16.187637692
16.187322994
16.17578011
16.12092059
15.969776851
15.748854612
15.474159298
15.170093286
14.735065893
14.164787313
13.559748518
12.968702889
12.696737538
12.21632033
11.77173112
11.375590069
11.058866588
10.818784579
10.598909923
10.414384685
10.261859249
10.13708533
10.025693876
9.890606075
9.743265189
9.612672458
9.498538153
9.386737772
9.270959999
9.142058218
9.014160593
8.895719594
8.791656469
8.695889673
8.601714214
8.529583258
8.459535894
8.405713454
8.374657389
8.363920856
8.341664682
8.305088462
8.264636114
8.219987087
8.18164825
8.159264067
8.143832719
8.116048449
8.092183312
8.070662756
8.065113904
8.061208563
8.056995479
8.051327609
8.057511399
8.075486424
8.076028828
8.065794393
8.050302004
8.0394483
8.046324993
8.994449938
10.54065212
11.759430835
11.775875156
11.717146205
11.775107427
11.832425695
11.85572311
11.858349489
11.814840094
11.689883883
11.455564953
11.134125541
10.70340973
10.086772508
9.532092377
9.076988752
8.724187984
8.468154615
11.78951644
11.912361064
11.732539605
11.390226447
10.871108658
10.138323173
9.268109857
8.601469533
11.797421277
11.897451639
11.893085442
11.920221857
11.916052497
11.87073656
11.745071049
11.524208201
11.242541164
10.892418962
10.409998235
9.692205275
8.974615514
8.55620859
8.334954491
8.217017344
8.155321436
8.118612752
8.108713315
11.175508104
11.611315937
11.460216138
11.209308184
10.895016148
10.650978447
9.985775149
9.429041497
8.951384203
8.587021208
8.337430571
8.188737775
8.123640443
8.103618361
10.861547823
12.743861733
15.342055734
15.752523784
15.739889492
15.730335411
15.864914996
15.904107202
15.918448648
15.925305297
15.926597995
15.936057831
15.947900128
15.625952041
15.978316083
15.99575259
16.000489728
16.013580301
16.015146619
16.010539315
16.005293068
16.00598221
16.003027095
15.99830973
15.995204091
15.990401215
15.985315145
15.977983869
15.97475001
15.969736053
15.968209281
15.967724572
15.963951936
15.962411819
15.954505041
15.997131375
16.032185942
16.045328235
16.045108036
16.042490194
16.041377059
16.043240538
16.05141356
16.048480722
16.042187695
16.041027566
16.036501374
16.030114834
16.020745503
16.016899474
16.013767213
16.006340464
15.996548874
15.985376294
15.977957446
15.968150883
15.954524808
15.943772505
15.945693447
15.938887671
15.908892939
15.896971146
15.894974128
15.890802056
15.882963251
15.959360078
16.014141678
16.01472572
16.02064857
14.572750486
14.58181972
14.584663706
14.586683039
14.585936207
14.58489347
14.580697727
14.578525675
14.582293948
14.586052502
14.575548218
14.571780342
14.568498071
14.575758081
14.575522338
14.568680108
14.601439413
14.609877343
14.606551937
14.605833721
14.601915208
14.606347096
14.615807138
14.615515415
14.615721683
14.622839309
14.621922867
14.627613594
14.628057449
14.627937138
14.628295673
14.626428547
14.6254035
14.622369827
14.612853462
14.610830995
14.613171644
14.621313971
14.624516394
14.629646567
14.623372178
14.623053793
14.62377974
14.625902362
14.624111449
14.624073552
14.623610968
14.627907629
14.625600698
14.620714516
14.615027041
14.603715657
14.59874974
14.596764774
14.599763657
14.593750683
14.585962899
14.570039849
14.569493136
14.554658518
14.541457525
14.517509403
14.49921915
14.475218801
14.450048485
14.413334276
14.35843975
14.354271433
14.559004266
14.543229036
14.535015486
14.517714473
14.514561684
14.555115714
14.558660943
14.560237013
14.575248697
14.60972808
14.631160101
14.63321497
14.628186132
14.632096711
14.640390424
14.64760275
14.647098561
14.650040421
14.645655009
14.647103909
14.639680131
14.636821549
14.650966719
14.654611877
14.653487499
14.651527357
14.641411175
14.642047003
14.64863647
14.649787908
14.636192634
14.568308945
14.453939393
14.385048924
14.634554309
14.641113178
14.637841202
14.645967039
14.646961907
14.64006065
14.63714194
14.636920676
14.64207489
14.639473829
14.655664209
14.663717543
14.671299304
14.66914973
14.663425804
14.660817987
14.647968291
14.618585372
14.532936025
14.364731236
14.119245427
13.869785571
13.50623707
12.706603528
11.998098688
11.420425909
13.774186254
13.63279579
13.442099684
13.19481611
13.430401138
13.455777023
13.450175862
13.863472423
14.48847214
14.516809471
14.535468359
14.537247801
14.541717039
14.543966488
14.575543474
14.605389112
14.62886091
14.635901244
14.648317819
14.652808152
14.655500931
14.658826991
14.653887027
14.64487405
14.590880525
14.509897624
14.394708148
14.244574762
14.405629553
14.151399373
13.743363169
13.199757415
12.503415258
11.41520729
10.618064026
9.983594453
9.464465296
9.014176114
8.584546297
8.182657441
7.824306658
7.499209171
8.321194923
10.989430934
10.973895327
13.463798385
13.47459483
13.453569996
13.417167381
13.402172776
13.395047364
13.348568292
13.28553976
13.161044431
13.023723832
12.821036294
12.514279726
12.162193713
11.68062782
11.151506864
10.780859712
10.681573811
10.319201609
11.277209406
12.241524031
12.177140115
12.086902874
11.928197359
11.670540626
11.338950383
10.600717183
9.458506953
8.424437254
7.726777345
7.399124521
7.246249759
7.154905046
7.085619456
7.025098028
6.972937577
6.930784977
10.061833839
10.775696951
11.484560252
11.646699949
11.708884967
11.681831699
11.544425648
11.296659096
11.603267637
11.759769397
11.8305224
11.809366183
11.646506751
11.325761735
10.884678223
10.375881808
9.702178969
8.870588946
7.992543526
7.334116351
7.112647083
6.936930187
6.830332568
6.764586571
6.720399331
6.688139273
6.657783198
6.636246596
6.620589321
6.607178568
6.603252466
6.750200773
6.837091044
9.533167595
10.39727277
13.642129232
14.519044029
14.547520027
14.555483133
14.563644935
14.568264135
14.556937089
14.535398488
14.570770975
14.616685552
14.633348741
14.6366895
14.636648993
14.63114782
14.631743882
14.618402258
14.586524981
14.528062511
14.439287995
14.296135236
14.124816176
14.476012647
14.570078108
14.585355718
14.593585419
14.596256536
14.598190823
14.58583765
14.543345246
14.475825004
14.354785176
14.163935286
13.965428459
13.684788252
13.419525093
13.236660133
12.990026699
12.710806879
12.477599235
12.261145892
12.015880556
11.596888506
11.104006378
10.859912606
10.606259511
10.349923786
10.233621605
10.182311745
10.084447919
10.045954957
9.853400462
9.688586318
9.537911758
9.424709065
9.360138824
12.932788015
14.345436115
14.360098773
14.394925692
14.39785846
14.411060771
14.435102315
14.454050137
14.467990669
14.482349881
14.491567379
14.503830527
14.511147439
14.514694403
14.52141323
14.525927274
14.515202204
14.514469625
14.511221049
14.502330751
14.504835834
14.484228264
14.466265503
14.447093991
14.436692526
14.428056383
14.426435565
14.444291833
14.447659801
14.465369867
14.527226632
14.529343533
14.538615843
14.539025812
14.545834076
14.544722645
14.535621539
14.534865626
14.539196074
14.536248881
14.536634693
14.534749384
14.533694877
14.533261142
14.529420674
14.524790454
14.524831617
14.523040904
14.535504034
14.548853322
14.544085114
14.547880453
14.547662732
14.546578327
14.550770853
14.546474386
14.54419447
14.542716092
14.548237811
14.537824913
14.532533356
14.528386494
14.526889331
14.527321628
14.522068532
14.563775805
14.564459438
