20090901
20201231
0.889684191
0.889684191
0.889684191
0.889684191
0.889684191
0.420312657
0.420312657
0.420312657
0.420312657
0.420312657
0.420312657
0.420312657
0.420312657
0.294257262
0.294257262
0.294257262
0.294257262
0.294257262
0.294257262
0.294257262
0.294257262
0.44508211
0.44508211
0.44508211
0.44508211
0.44508211
0.44508211
0.44508211
0.44508211
0.173770194
0.282714309
0.282714309
0.282714309
0.282714309
0.282714309
0.282714309
0.282714309
0.161662602
0.161662602
0.161662602
0.161662602
0.161662602
0.161662602
0.161662602
0.161662602
0.330041621
0.330041621
0.330041621
0.330041621
0.330041621
0.330041621
0.330041621
0.330041621
0.269593865
0.269593865
0.269593865
0.269593865
0.269593865
0.269593865
0.269593865
0.269593865
0.301229138
0.301229138
0.301229138
0.301229138
0.301229138
0.301229138
0.301229138
0.301229138
0.230256086
0.230256086
0.230256086
0.230256086
0.230256086
0.230256086
0.230256086
0.230256086
0.181902308
0.181902308
0.181902308
0.181902308
0.181902308
0.181902308
0.181902308
0.181902308
0.132600416
0.132600416
0.132600416
0.132600416
0.132600416
0.132600416
0.130872004
0.130872004
0.036895478
0.036895478
0.036895478
0.036895478
0.036895478
0.036895478
0.036895478
0.036895478
0.070716333
0.070716333
0.070716333
0.070716333
0.070716333
0.070716333
0.070716333
0.070716333
0.061759822
0.061759822
0.061759822
0.061759822
0.061759822
0.061759822
0.061759822
0.061759822
0.004812454
0.004812454
0.004812454
0.004812454
0.004812454
0.000560705
0.000560705
0.000560705
0.000560705
0.000560705
0.000560705
0.000560705
0.000560705
0.031063065
0.031063065
0.031063065
0.031063065
0.031063065
0.031063065
0.031063065
0.031063065
0.065378221
0.065378221
0.065378221
0.065378221
0.065378221
0.065378221
0.065378221
0.065378221
0.019848962
0.019848962
0.019848962
0.019848962
0.019848962
0.019848962
0.019848962
0.023802858
0.027299323
0.027299323
0.027299323
0.027299323
0.027299323
0.027299323
0.027299323
0.027299323
0.049622908
0.049622908
0.049622908
0.049622908
0.049622908
0.049622908
0.049622908
0.049622908
0.066432836
0.066432836
0.066432836
0.066432836
0.066432836
0.066432836
0.066432836
0.066432836
0.085797874
0.085797874
0.085797874
0.063559146
0.063559146
0.063559146
0.063559146
0.063559146
0.092748535
0.092748535
0.092748535
0.092748535
0.092748535
0.092748535
0.092748535
0.092748535
0.144851096
0.144851096
0.144851096
0.144851096
0.144851096
0.144851096
0.144851096
0.144851096
0.139670726
0.139670726
0.139670726
0.139670726
0.139670726
0.139670726
0.139670726
0.139670726
0.291893886
0.291893886
0.266628771
0.266628771
0.266628771
0.266628771
0.266628771
0.266628771
0.46446186
0.46446186
0.46446186
0.46446186
0.46446186
0.46446186
0.46446186
0.46446186
0.298114626
0.298114626
0.298114626
0.298114626
0.298114626
0.298114626
0.298114626
0.298114626
0.82900618
0.82900618
0.82900618
0.82900618
0.82900618
0.82900618
0.82900618
0.82900618
1.076641739
1.076641739
1.076641739
1.076641739
1.076641739
1.076641739
1.076641739
1.076641739
0.578246983
0.578246983
0.578246983
0.578246983
0.578246983
0.578246983
0.578246983
0.578246983
1.327007686
1.327007686
1.327007686
1.327007686
1.327007686
1.327007686
1.327007686
1.327007686
1.357098343
1.357098343
1.357098343
1.357098343
1.357098343
1.357098343
1.357098343
1.409500298
1.119933754
1.119933754
1.119933754
1.119933754
1.119933754
1.119933754
1.119933754
1.119933754
0.859394664
0.859394664
0.859394664
0.859394664
0.859394664
0.859394664
0.859394664
0.859394664
1.087062945
1.087062945
1.087062945
1.087062945
1.087062945
1.087062945
1.087062945
1.087062945
0.964378971
0.964378971
0.964378971
0.964378971
0.964378971
1.252108847
1.252108847
1.252108847
1.066820375
1.066820375
1.066820375
1.066820375
1.066820375
1.066820375
1.066820375
1.066820375
1.52800614
1.52800614
1.52800614
1.52800614
1.52800614
1.52800614
1.52800614
1.52800614
1.141145871
1.141145871
1.141145871
1.141145871
1.141145871
1.141145871
1.141145871
1.141145871
1.353091721
1.353091721
1.353091721
1.353091721
1.011630026
1.011630026
1.011630026
1.011630026
1.055417583
1.055417583
1.055417583
1.055417583
1.055417583
1.055417583
1.055417583
1.055417583
0.606840566
0.606840566
0.606840566
0.606840566
0.606840566
0.606840566
0.606840566
0.606840566
0.574245344
0.574245344
0.574245344
0.574245344
0.574245344
0.574245344
0.574245344
0.574245344
0.468310872
0.468310872
0.468310872
0.457946864
0.457946864
0.457946864
0.457946864
0.457946864
0.491164813
0.491164813
0.491164813
0.491164813
0.491164813
0.491164813
0.491164813
0.491164813
0.501821438
0.501821438
0.501821438
0.501821438
0.501821438
0.501821438
0.501821438
0.501821438
0.439129761
0.439129761
0.439129761
0.439129761
0.439129761
0.439129761
0.439129761
0.439129761
0.42924118
0.698351201
0.698351201
0.698351201
0.698351201
0.698351201
0.698351201
0.698351201
0.588077001
0.588077001
0.588077001
0.588077001
0.588077001
0.588077001
0.588077001
0.588077001
0.505137057
0.505137057
0.505137057
0.505137057
0.505137057
0.505137057
0.505137057
0.505137057
0.370964908
0.370964908
0.370964908
0.370964908
0.370964908
0.370964908
0.370964908
0.370964908
0.295811348
0.295811348
0.295811348
0.295811348
0.295811348
0.295811348
0.295811348
0.295811348
0.192331554
0.192331554
0.192331554
0.192331554
0.192331554
0.192331554
0.192331554
0.192331554
0.17485918
0.17485918
0.17485918
0.17485918
0.17485918
0.17485918
0.17485918
0.17485918
0.140049878
0.140049878
0.140049878
0.140049878
0.140049878
0.140049878
0.138224363
0.138224363
0.109884359
0.109884359
0.109884359
0.109884359
0.109884359
0.109884359
0.109884359
0.109884359
0.067775389
0.067775389
0.067775389
0.067775389
0.067775389
0.067775389
0.067775389
0.067775389
0.053471707
0.053471707
0.053471707
0.053471707
0.053471707
0.053471707
0.053471707
0.053471707
0.092639733
0.092639733
0.092639733
0.092639733
0.092639733
0.071321695
0.071321695
0.071321695
0.071321695
0.071321695
0.071321695
0.071321695
0.071321695
0.019848962
0.019848962
0.019848962
0.019848962
0.019848962
0.019848962
0.019848962
0.019848962
0.089600683
0.089600683
0.089600683
0.089600683
0.089600683
0.089600683
0.089600683
0.089600683
0.130980723
0.130980723
0.130980723
0.130980723
0.130980723
0.130980723
0.130980723
0.157071969
0
0
0
0
0
0
0
0
0.162047708
0.162047708
0.162047708
0.162047708
0.162047708
0.162047708
0.162047708
0.162047708
0.309033721
0.309033721
0.309033721
0.309033721
0.309033721
0.309033721
0.309033721
0.309033721
0.24824902
0.24824902
0.24824902
0.18390311
0.18390311
0.18390311
0.18390311
0.18390311
0.205620812
0.205620812
0.205620812
0.205620812
0.205620812
0.205620812
0.205620812
0.205620812
0.268382979
0.268382979
0.268382979
0.268382979
0.268382979
0.268382979
0.268382979
0.268382979
0.273065236
0.273065236
0.273065236
0.273065236
0.273065236
0.273065236
0.273065236
0.273065236
0.304944432
0.304944432
0.278549717
0.278549717
0.278549717
0.278549717
0.278549717
0.278549717
0.444350953
0.444350953
0.444350953
0.444350953
0.444350953
0.444350953
0.444350953
0.444350953
0.456362897
0.456362897
0.456362897
0.456362897
0.456362897
0.456362897
0.456362897
0.456362897
0.40358314
0.40358314
0.40358314
0.40358314
0.40358314
0.40358314
0.40358314
0.40358314
0.691500813
0.691500813
0.691500813
0.691500813
0.691500813
0.691500813
0.691500813
0.691500813
1.012857338
1.012857338
1.012857338
1.012857338
1.012857338
1.012857338
1.012857338
1.012857338
0.888112578
0.888112578
0.888112578
0.888112578
0.888112578
0.888112578
0.888112578
0.888112578
1.099526219
1.099526219
1.099526219
1.099526219
1.099526219
1.099526219
1.099526219
1.141982482
1.306336528
1.306336528
1.306336528
1.306336528
1.306336528
1.306336528
1.306336528
1.306336528
0.896917957
0.896917957
0.896917957
0.896917957
0.896917957
0.896917957
0.896917957
0.896917957
1.024052132
1.024052132
1.024052132
1.024052132
1.024052132
1.024052132
1.024052132
1.024052132
0.590966579
0.590966579
0.590966579
0.590966579
0.590966579
0.767285998
0.767285998
0.767285998
0.710688315
0.710688315
0.710688315
0.710688315
0.710688315
0.710688315
0.710688315
0.710688315
0.702021384
0.702021384
0.702021384
0.702021384
0.702021384
0.702021384
0.702021384
0.702021384
0.653302728
0.653302728
0.653302728
0.653302728
0.653302728
0.653302728
0.653302728
0.653302728
0.675889275
0.675889275
0.675889275
0.675889275
0.505324121
0.505324121
0.505324121
0.505324121
0.391829914
0.391829914
0.391829914
0.391829914
0.391829914
0.391829914
0.391829914
0.391829914
0.463794666
0.463794666
0.463794666
0.463794666
0.463794666
0.463794666
0.463794666
0.463794666
0.531635927
0.531635927
0.531635927
0.531635927
0.531635927
0.531635927
0.531635927
0.531635927
0.497469851
0.497469851
0.497469851
0.486460537
0.486460537
0.486460537
0.486460537
0.486460537
0.551072327
0.551072327
0.551072327
0.551072327
0.551072327
0.551072327
0.551072327
0.551072327
0.436921631
0.436921631
0.436921631
0.436921631
0.436921631
0.436921631
0.436921631
0.436921631
0.396407254
0.396407254
0.396407254
0.396407254
0.396407254
0.396407254
0.396407254
0.396407254
0.362901289
0.590419937
0.590419937
0.590419937
0.590419937
0.590419937
0.590419937
0.590419937
0.35175283
0.35175283
0.35175283
0.35175283
0.35175283
0.35175283
0.35175283
0.35175283
0.549028063
0.549028063
0.549028063
0.549028063
0.549028063
0.549028063
0.549028063
0.549028063
0.499670206
0.499670206
0.499670206
0.499670206
0.499670206
0.499670206
0.499670206
0.499670206
0.264929943
0.264929943
0.264929943
0.264929943
0.264929943
0.264929943
0.264929943
0.264929943
0.256667813
0.256667813
0.256667813
0.256667813
0.256667813
0.256667813
0.256667813
0.256667813
0.151020903
0.151020903
0.151020903
0.151020903
0.151020903
0.151020903
0.151020903
0.151020903
0.100364564
0.100364564
0.100364564
0.100364564
0.100364564
0.100364564
0.099056338
0.099056338
0.054407462
0.054407462
0.054407462
0.054407462
0.054407462
0.054407462
0.054407462
0.054407462
0.054006424
0.054006424
0.054006424
0.054006424
0.054006424
0.054006424
0.054006424
0.054006424
0.066839634
0.066839634
0.066839634
0.066839634
0.066839634
0.066839634
0.066839634
0.066839634
0.089431431
0.089431431
0.089431431
0.089431431
0.089431431
0.087357862
0.087357862
0.087357862
0.087357862
0.087357862
0.087357862
0.087357862
0.087357862
0.06201399
0.06201399
0.06201399
0.06201399
0.06201399
0.06201399
0.06201399
0.06201399
0.069078875
0.069078875
0.069078875
0.069078875
0.069078875
0.069078875
0.069078875
0.069078875
0.097338414
0.097338414
0.097338414
0.097338414
0.097338414
0.097338414
0.097338414
0.116728142
0.101128528
0.101128528
0.101128528
0.101128528
0.101128528
0.101128528
0.101128528
0.101128528
0.114979909
0.114979909
0.114979909
0.114979909
0.114979909
0.114979909
0.114979909
0.114979909
0.171461268
0.171461268
0.171461268
0.171461268
0.171461268
0.171461268
0.171461268
0.171461268
0.300427037
0.300427037
0.300427037
0.300427037
0.222556635
0.222556635
0.222556635
0.222556635
0.145050341
0.145050341
0.145050341
0.145050341
0.145050341
0.145050341
0.145050341
0.145050341
0.244672827
0.244672827
0.244672827
0.244672827
0.244672827
0.244672827
0.244672827
0.244672827
0.543739532
0.543739532
0.543739532
0.543739532
0.543739532
0.543739532
0.543739532
0.543739532
0.80524856
0.80524856
0.80524856
0.735549611
0.735549611
0.735549611
0.735549611
0.735549611
0.538808517
0.538808517
0.538808517
0.538808517
0.538808517
0.538808517
0.538808517
0.538808517
0.915091784
0.915091784
0.915091784
0.915091784
0.915091784
0.915091784
0.915091784
0.915091784
1.384012623
1.384012623
1.384012623
1.384012623
1.384012623
1.384012623
1.384012623
1.384012623
0.889429902
0.951799598
0.951799598
0.951799598
0.951799598
0.951799598
0.951799598
0.951799598
0.761420202
0.761420202
0.761420202
0.761420202
0.761420202
0.761420202
0.761420202
0.761420202
0.977118597
0.977118597
0.977118597
0.977118597
0.977118597
0.977118597
0.977118597
0.977118597
0.956376494
0.956376494
0.956376494
0.956376494
0.956376494
0.956376494
0.956376494
0.956376494
0.831783184
0.831783184
0.831783184
0.831783184
0.831783184
0.831783184
0.831783184
0.831783184
0.946375882
0.946375882
0.946375882
0.946375882
0.946375882
0.946375882
0.946375882
0.946375882
0.931508162
0.931508162
0.931508162
0.931508162
0.931508162
0.931508162
0.931508162
0.931508162
0.821567948
0.821567948
0.821567948
0.821567948
0.821567948
0.821567948
1.066689058
1.066689058
1.133004209
1.133004209
1.133004209
1.133004209
1.133004209
1.133004209
1.133004209
1.133004209
0.719880514
0.719880514
0.719880514
0.719880514
0.719880514
0.719880514
0.719880514
0.719880514
0.681404594
0.681404594
0.681404594
0.681404594
0.681404594
0.681404594
0.681404594
0.681404594
0.55297644
0.55297644
0.55297644
0.55297644
0.55297644
0.413429157
0.413429157
0.413429157
0.401058682
0.401058682
0.401058682
0.401058682
0.401058682
0.401058682
0.401058682
0.401058682
0.365027216
0.365027216
0.365027216
0.365027216
0.365027216
0.365027216
0.365027216
0.365027216
0.372292416
0.372292416
0.372292416
0.372292416
0.372292416
0.372292416
0.372292416
0.372292416
0.443079028
0.443079028
0.443079028
0.443079028
0.433273417
0.433273417
0.433273417
0.433273417
0.428665147
0.428665147
0.428665147
0.428665147
0.428665147
0.428665147
0.428665147
0.428665147
0.207084148
0.207084148
0.207084148
0.207084148
0.207084148
0.207084148
0.207084148
0.207084148
0.326515154
0.326515154
0.326515154
0.326515154
0.326515154
0.326515154
0.326515154
0.326515154
0.199307692
0.199307692
0.324262378
0.324262378
0.324262378
0.324262378
0.324262378
0.324262378
0.309267586
0.309267586
0.309267586
0.309267586
0.309267586
0.309267586
0.309267586
0.309267586
0.504824666
0.504824666
0.504824666
0.504824666
0.504824666
0.504824666
0.504824666
0.504824666
0.292554641
0.292554641
0.292554641
0.292554641
0.292554641
0.292554641
0.292554641
0.292554641
0.284276266
0.246509456
0.246509456
0.246509456
0.246509456
0.246509456
0.246509456
0.246509456
0.136663759
0.136663759
0.136663759
0.136663759
0.136663759
0.136663759
0.136663759
0.136663759
0.164159045
0.164159045
0.164159045
0.164159045
0.164159045
0.164159045
0.164159045
0.164159045
0.155896914
0.155896914
0.155896914
0.155896914
0.155896914
0.155896914
0.155896914
0.153864838
0.104804546
0.104804546
0.104804546
0.104804546
0.104804546
0.104804546
0.104804546
0.104804546
0.063497652
0.063497652
0.063497652
0.063497652
0.063497652
0.063497652
0.063497652
0.063497652
0.061091426
0.061091426
0.061091426
0.061091426
0.061091426
0.061091426
0.061091426
0.061091426
0.004277737
0.004277737
0.004277737
0.004277737
0.004277737
0.004277737
0.027474552
0.027474552
0.027474552
0.027474552
0.027474552
0.027474552
0.027474552
0.027474552
0.020970373
0.020970373
0.020970373
0.020970373
0.020970373
0.020970373
0.020970373
0.020970373
0.051360592
0.051360592
0.051360592
0.051360592
0.051360592
0.051360592
0.051360592
0.051360592
0.053715553
0.053715553
0.053715553
0.053715553
0.053715553
0.053715553
0.053715553
0.064415645
0.137437973
0.137437973
0.137437973
0.137437973
0.137437973
0.137437973
0.137437973
0.137437973
0.05379177
0.05379177
0.05379177
0.05379177
0.05379177
0.05379177
0.05379177
0.05379177
0.074770561
0.074770561
0.074770561
0.074770561
0.074770561
0.074770561
0.074770561
0.074770561
0.129772646
0.129772646
0.129772646
0.0961357
0.0961357
0.0961357
0.0961357
0.0961357
0.083782511
0.083782511
0.083782511
0.083782511
0.083782511
0.083782511
0.083782511
0.083782511
0.204823833
0.204823833
0.204823833
0.204823833
0.204823833
0.204823833
0.204823833
0.204823833
0.142260911
0.142260911
0.142260911
0.142260911
0.142260911
0.142260911
0.142260911
0.142260911
0.16866087
0.16866087
0.15406229
0.15406229
0.15406229
0.15406229
0.15406229
0.15406229
0.310126571
0.310126571
0.310126571
0.310126571
0.310126571
0.310126571
0.310126571
0.310126571
0.25816581
0.25816581
0.25816581
0.25816581
0.25816581
0.25816581
0.25816581
0.25816581
0.300207617
0.300207617
0.300207617
0.300207617
0.300207617
0.300207617
0.300207617
0.300207617
0.504334983
0.504334983
0.504334983
0.504334983
0.504334983
0.504334983
0.504334983
0.504334983
0.735906442
0.735906442
0.735906442
0.735906442
0.735906442
0.735906442
0.735906442
0.735906442
0.652645888
0.652645888
0.652645888
0.652645888
0.652645888
0.652645888
0.652645888
0.652645888
0.728797646
0.728797646
0.728797646
0.728797646
0.728797646
0.728797646
0.728797646
0.75693888
1.279331894
1.279331894
1.279331894
1.279331894
1.279331894
1.279331894
1.279331894
1.279331894
1.363683447
1.363683447
1.363683447
1.363683447
1.363683447
1.363683447
1.363683447
1.363683447
1.393520028
1.393520028
1.393520028
1.393520028
1.393520028
1.393520028
1.393520028
1.393520028
1.045494014
1.045494014
1.045494014
1.045494014
1.045494014
1.357425186
1.357425186
1.357425186
1.448296641
1.448296641
1.448296641
1.448296641
1.448296641
1.448296641
1.448296641
1.448296641
0.9137046
0.9137046
0.9137046
0.9137046
0.9137046
0.9137046
0.9137046
0.9137046
1.149944119
1.149944119
1.149944119
1.149944119
1.149944119
1.149944119
1.149944119
1.149944119
1.337464982
1.337464982
1.337464982
1.337464982
0.999946798
0.999946798
0.999946798
0.999946798
0.787194249
0.787194249
0.787194249
0.787194249
0.787194249
0.787194249
0.787194249
0.787194249
0.890576083
0.890576083
0.890576083
0.890576083
0.890576083
0.890576083
0.890576083
0.890576083
0.752733638
0.752733638
0.752733638
0.752733638
0.752733638
0.752733638
0.752733638
0.752733638
0.633937798
0.633937798
0.633937798
0.619908365
0.619908365
0.619908365
0.619908365
0.619908365
0.533119274
0.533119274
0.533119274
0.533119274
0.533119274
0.533119274
0.533119274
0.533119274
0.435001518
0.435001518
0.435001518
0.435001518
0.435001518
0.435001518
0.435001518
0.435001518
0.362901289
0.362901289
0.362901289
0.362901289
0.362901289
0.362901289
0.362901289
0.362901289
0.358293018
0.582922541
0.582922541
0.582922541
0.582922541
0.582922541
0.582922541
0.582922541
0.502325534
0.502325534
0.502325534
0.502325534
0.502325534
0.502325534
0.502325534
0.502325534
0.346129783
0.346129783
0.346129783
0.346129783
0.346129783
0.346129783
0.346129783
0.346129783
0.253037116
0.253037116
0.253037116
0.253037116
0.253037116
0.253037116
0.253037116
0.253037116
0.166326161
0.166326161
0.166326161
0.166326161
0.166326161
0.166326161
0.166326161
0.166326161
0.149937345
0.149937345
0.149937345
0.149937345
0.149937345
0.149937345
0.149937345
0.149937345
0.065419817
0.065419817
0.065419817
0.065419817
0.065419817
0.065419817
0.065419817
0.065419817
0.054719682
0.054719682
0.054719682
0.054719682
0.054719682
0.054719682
0.054006424
0.054006424
0.008154435
0.008154435
0.008154435
0.008154435
0.008154435
0.008154435
0.008154435
0.008154435
0.045049913
0.045049913
0.045049913
0.045049913
0.045049913
0.045049913
0.045049913
0.045049913
0.039569063
0.039569063
0.039569063
0.039569063
0.039569063
0.039569063
0.039569063
0.039569063
0.03662812
0.03662812
0.03662812
0.03662812
0.03662812
0.026801706
0.026801706
0.026801706
0.026801706
0.026801706
0.026801706
0.026801706
0.026801706
0.053266989
0.053266989
0.053266989
0.053266989
0.053266989
0.053266989
0.053266989
0.053266989
0.047435656
0.047435656
0.047435656
0.047435656
0.047435656
0.047435656
0.047435656
0.047435656
0
0
0
0
0
0
0
0
0
0
0
0
0
0
0
0
0.048009155
0.048009155
0.048009155
0.048009155
0.048009155
0.048009155
0.048009155
0.048009155
0.127486496
0.127486496
0.127486496
0.127486496
0.127486496
0.127486496
0.127486496
0.127486496
0.033485377
0.033485377
0.033485377
0.024805999
0.024805999
0.024805999
0.024805999
0.024805999
0.087767411
0.087767411
0.087767411
0.087767411
0.087767411
0.087767411
0.087767411
0.087767411
0.115263217
0.115263217
0.115263217
0.115263217
0.115263217
0.115263217
0.115263217
0.115263217
0.117853402
0.117853402
0.117853402
0.117853402
0.117853402
0.117853402
0.117853402
0.117853402
0.231323414
0.231323414
0.211301026
0.211301026
0.211301026
0.211301026
0.211301026
0.211301026
0.247063862
0.247063862
0.247063862
0.247063862
0.247063862
0.247063862
0.247063862
0.247063862
0.25388883
0.25388883
0.25388883
0.25388883
0.25388883
0.25388883
0.25388883
0.25388883
0.504410676
0.504410676
0.504410676
0.504410676
0.504410676
0.504410676
0.504410676
0.504410676
0.617783574
0.617783574
0.617783574
0.617783574
0.617783574
0.617783574
0.617783574
0.617783574
0.569969618
0.569969618
0.569969618
0.569969618
0.569969618
0.569969618
0.569969618
0.569969618
0.766289241
0.766289241
0.766289241
0.766289241
0.766289241
0.766289241
0.766289241
0.766289241
0.695980328
0.695980328
0.695980328
0.695980328
0.695980328
0.695980328
0.695980328
0.722854379
0.611093628
0.611093628
0.611093628
0.611093628
0.611093628
0.611093628
0.611093628
0.611093628
0.910673126
0.910673126
0.910673126
0.910673126
0.910673126
0.910673126
0.910673126
0.910673126
1.052169317
1.052169317
1.052169317
1.052169317
1.052169317
1.052169317
1.052169317
1.052169317
0.9143142
0.9143142
0.9143142
0.9143142
0.9143142
1.187106867
1.187106867
1.187106867
1.26799822
1.26799822
1.26799822
1.26799822
1.26799822
1.26799822
1.26799822
1.26799822
0.84870262
0.84870262
0.84870262
0.84870262
0.84870262
0.84870262
0.84870262
0.84870262
0.771356829
0.771356829
0.771356829
0.771356829
0.771356829
0.771356829
0.771356829
0.771356829
0.658686731
0.658686731
0.658686731
0.658686731
0.492462753
0.492462753
0.492462753
0.492462753
0.577288873
0.577288873
0.577288873
0.577288873
0.577288873
0.577288873
0.577288873
0.577288873
0.484608483
0.484608483
0.484608483
0.484608483
0.484608483
0.484608483
0.484608483
0.484608483
0.453780471
0.453780471
0.453780471
0.453780471
0.453780471
0.453780471
0.453780471
0.453780471
0.338813589
0.338813589
0.338813589
0.331315436
0.331315436
0.331315436
0.331315436
0.331315436
0.179818549
0.179818549
0.179818549
0.179818549
0.179818549
0.179818549
0.179818549
0.179818549
0.233485697
0.233485697
0.233485697
0.233485697
0.233485697
0.233485697
0.233485697
0.233485697
0.272175967
0.272175967
0.272175967
0.272175967
0.272175967
0.272175967
0.272175967
0.272175967
0.216876723
0.352846201
0.352846201
0.352846201
0.352846201
0.352846201
0.352846201
0.352846201
0.259441142
0.259441142
0.259441142
0.259441142
0.259441142
0.259441142
0.259441142
0.259441142
0.267719516
0.267719516
0.267719516
0.267719516
0.267719516
0.267719516
0.267719516
0.267719516
0.272873976
0.272873976
0.272873976
0.272873976
0.272873976
0.272873976
0.272873976
0.272873976
0.131245969
0.131245969
0.131245969
0.131245969
0.131245969
0.131245969
0.131245969
0.131245969
0.066097041
0.066097041
0.066097041
0.066097041
0.066097041
0.066097041
0.066097041
0.066097041
0.052281676
0.052281676
0.052281676
0.052281676
0.052281676
0.052281676
0.052281676
0.052281676
0.080995964
0.080995964
0.080995964
0.080995964
0.080995964
0.080995964
0.079940202
0.079940202
0.02553274
0.02553274
0.02553274
0.02553274
0.02553274
0.02553274
0.02553274
0.02553274
0.017779343
0.017779343
0.017779343
0.017779343
0.017779343
0.017779343
0.017779343
0.017779343
0.016977267
0.016977267
0.016977267
0.016977267
0.016977267
0.016977267
0.016977267
0.016977267
0.01283321
0.01283321
0.01283321
0.01283321
0.01283321
0.004149218
0.004149218
0.004149218
0.004149218
0.004149218
0.004149218
0.004149218
0.004149218
0.003700654
0.003700654
0.003700654
0.003700654
0.003700654
0.003700654
0.003700654
0.003700654
0.040819335
0.040819335
0.040819335
0.040819335
0.040819335
0.040819335
0.040819335
0.040819335
0.051697015
0.051697015
0.051697015
0.051697015
0.051697015
0.051697015
0.051697015
0.061995015
0.037116322
0.037116322
0.037116322
0.037116322
0.037116322
0.037116322
0.037116322
0.037116322
0.097901022
0.097901022
0.097901022
0.097901022
0.097901022
0.097901022
0.097901022
0.097901022
0.022592544
0.022592544
0.022592544
0.022592544
0.022592544
0.022592544
0.022592544
0.022592544
0.007665327
0.007665327
0.007665327
0.005678482
0.005678482
0.005678482
0.005678482
0.005678482
0.068639893
0.068639893
0.068639893
0.068639893
0.068639893
0.068639893
0.068639893
0.068639893
0.116558309
0.116558309
0.116558309
0.116558309
0.116558309
0.116558309
0.116558309
0.116558309
0.223253993
0.223253993
0.223253993
0.223253993
0.223253993
0.223253993
0.223253993
0.223253993
0.266290907
0.266290907
0.243241879
0.243241879
0.243241879
0.243241879
0.243241879
0.243241879
0.451812918
0.451812918
0.451812918
0.451812918
0.451812918
0.451812918
0.451812918
0.451812918
0.4774748
0.4774748
0.4774748
0.4774748
0.4774748
0.4774748
0.4774748
0.4774748
0.676217884
0.676217884
0.676217884
0.676217884
0.676217884
0.676217884
0.676217884
0.676217884
0.88071164
0.88071164
0.88071164
0.88071164
0.88071164
0.88071164
0.88071164
0.88071164
0.725876223
0.725876223
0.725876223
0.725876223
0.725876223
0.725876223
0.725876223
0.725876223
0.735224777
0.735224777
0.735224777
0.735224777
0.735224777
0.735224777
0.735224777
0.735224777
0.872336894
0.872336894
0.872336894
0.872336894
0.872336894
0.872336894
0.872336894
0.906020642
1.44055057
1.44055057
1.44055057
1.44055057
1.44055057
1.44055057
1.44055057
1.44055057
0.981876356
0.981876356
0.981876356
0.981876356
0.981876356
0.981876356
0.981876356
0.981876356
1.140869931
1.140869931
1.140869931
1.140869931
1.140869931
1.140869931
1.140869931
1.140869931
0.974695348
0.974695348
0.974695348
0.974695348
0.974695348
1.265503195
1.265503195
1.265503195
1.174500423
1.174500423
1.174500423
1.174500423
1.174500423
1.174500423
1.174500423
1.174500423
1.674818693
1.674818693
1.674818693
1.674818693
1.674818693
1.674818693
1.674818693
1.674818693
1.362415237
1.362415237
1.362415237
1.362415237
1.362415237
1.362415237
1.362415237
1.362415237
1.466155771
1.466155771
1.466155771
1.466155771
1.096161611
1.096161611
1.096161611
1.096161611
1.089878194
1.089878194
1.089878194
1.089878194
1.089878194
1.089878194
1.089878194
1.089878194
0.852875585
0.852875585
0.852875585
0.852875585
0.852875585
0.852875585
0.852875585
0.852875585
0.948206792
0.948206792
0.948206792
0.948206792
0.948206792
0.948206792
0.948206792
0.948206792
0.507680402
0.507680402
0.507680402
0.496445123
0.496445123
0.496445123
0.496445123
0.496445123
0.453626611
0.453626611
0.453626611
0.453626611
0.453626611
0.453626611
0.453626611
0.453626611
0.331411441
0.331411441
0.331411441
0.331411441
0.331411441
0.331411441
0.331411441
0.331411441
0.471387653
0.471387653
0.471387653
0.471387653
0.471387653
0.471387653
0.471387653
0.471387653
0.33189147
0.53996871
0.53996871
0.53996871
0.53996871
0.53996871
0.53996871
0.53996871
0.393613291
0.393613291
0.393613291
0.393613291
0.393613291
0.393613291
0.393613291
0.393613291
0.337226625
0.337226625
0.337226625
0.337226625
0.337226625
0.337226625
0.337226625
0.337226625
0.236480366
0.236480366
0.236480366
0.236480366
0.236480366
0.236480366
0.236480366
0.236480366
0.145061334
0.145061334
0.145061334
0.145061334
0.145061334
0.145061334
0.145061334
0.145061334
0.146144892
0.146144892
0.146144892
0.146144892
0.146144892
0.146144892
0.146144892
0.146144892
0.089393539
0.089393539
0.089393539
0.089393539
0.089393539
0.089393539
0.089393539
0.089393539
0.018285042
0.018285042
0.018285042
0.018285042
0.018285042
0.018285042
0.018046701
0.018046701
0.083683222
0.083683222
0.083683222
0.083683222
0.083683222
0.083683222
0.083683222
0.083683222
0.04571831
0.04571831
0.04571831
0.04571831
0.04571831
0.04571831
0.04571831
0.04571831
0.055343217
0.055343217
0.055343217
0.055343217
0.055343217
0.055343217
0.055343217
0.055343217
0.013768965
0.013768965
0.013768965
0.013768965
0.013768965
0.018166847
0.018166847
0.018166847
0.018166847
0.018166847
0.018166847
0.018166847
0.018166847
0.029493091
0.029493091
0.029493091
0.029493091
0.029493091
0.029493091
0.029493091
0.029493091
0.017942565
0.017942565
0.017942565
0.017942565
0.017942565
0.017942565
0.017942565
0.017942565
0.068181746
0.068181746
0.068181746
0.068181746
0.068181746
0.068181746
0.068181746
0.081763491
0.071677534
0.071677534
0.071677534
0.071677534
0.071677534
0.071677534
0.071677534
0.071677534
0.099783734
0.099783734
0.099783734
0.099783734
0.099783734
0.099783734
0.099783734
0.099783734
0.129772646
0.129772646
0.129772646
0.129772646
0.129772646
0.129772646
0.129772646
0.129772646
0.182219622
0.182219622
0.182219622
0.182219622
0.134988469
0.134988469
0.134988469
0.134988469
0.127616405
0.127616405
0.127616405
0.127616405
0.127616405
0.127616405
0.127616405
0.127616405
0.20552119
0.20552119
0.20552119
0.20552119
0.20552119
0.20552119
0.20552119
0.20552119
0.310523291
0.310523291
0.310523291
0.310523291
0.310523291
0.310523291
0.310523291
0.310523291
0.292989733
0.292989733
0.292989733
0.267629767
0.267629767
0.267629767
0.267629767
0.267629767
0.343250418
0.343250418
0.343250418
0.343250418
0.343250418
0.343250418
0.343250418
0.343250418
0.343614417
0.343614417
0.343614417
0.343614417
0.343614417
0.343614417
0.343614417
0.343614417
0.605147212
0.605147212
0.605147212
0.605147212
0.605147212
0.605147212
0.605147212
0.605147212
0.928286723
0.993381185
0.993381185
0.993381185
0.993381185
0.993381185
0.993381185
0.993381185
1.158052059
1.158052059
1.158052059
1.158052059
1.158052059
1.158052059
1.158052059
1.158052059
0.694130094
0.694130094
0.694130094
0.694130094
0.694130094
0.694130094
0.694130094
0.694130094
1.217259564
1.217259564
1.217259564
1.217259564
1.217259564
1.217259564
1.217259564
1.217259564
1.209645778
1.209645778
1.209645778
1.209645778
1.209645778
1.209645778
1.209645778
1.209645778
1.168177988
1.168177988
1.168177988
1.168177988
1.168177988
1.168177988
1.168177988
1.168177988
1.113865297
1.113865297
1.113865297
1.113865297
1.113865297
1.113865297
1.113865297
1.113865297
1.534308232
1.534308232
1.534308232
1.534308232
1.534308232
1.534308232
1.992080882
1.992080882
1.182510768
1.182510768
1.182510768
1.182510768
1.182510768
1.182510768
1.182510768
1.182510768
1.900684159
1.900684159
1.900684159
1.900684159
1.900684159
1.900684159
1.900684159
1.900684159
1.589725192
1.589725192
1.589725192
1.589725192
1.589725192
1.589725192
1.589725192
1.589725192
1.182116816
1.182116816
1.182116816
1.182116816
1.182116816
0.883801775
0.883801775
0.883801775
0.679394388
0.679394388
0.679394388
0.679394388
0.679394388
0.679394388
0.679394388
0.679394388
0.671540118
0.671540118
0.671540118
0.671540118
0.671540118
0.671540118
0.671540118
0.671540118
0.697557389
0.697557389
0.697557389
0.697557389
0.697557389
0.697557389
0.697557389
0.697557389
0.423737887
0.423737887
0.423737887
0.423737887
0.414360307
0.414360307
0.414360307
0.414360307
0.396215243
0.396215243
0.396215243
0.396215243
0.396215243
0.396215243
0.396215243
0.396215243
0.407351896
0.407351896
0.407351896
0.407351896
0.407351896
0.407351896
0.407351896
0.407351896
0.329107306
0.329107306
0.329107306
0.329107306
0.329107306
0.329107306
0.329107306
0.329107306
0.430777271
0.430777271
0.700850333
0.700850333
0.700850333
0.700850333
0.700850333
0.700850333
0.520756632
0.520756632
0.520756632
0.520756632
0.520756632
0.520756632
0.520756632
0.520756632
0.531534139
0.531534139
0.531534139
0.531534139
0.531534139
0.531534139
0.531534139
0.531534139
0.393144704
0.393144704
0.393144704
0.393144704
0.393144704
0.393144704
0.393144704
0.393144704
0.310673348
0.26939962
0.26939962
0.26939962
0.26939962
0.26939962
0.26939962
0.26939962
0.181766863
0.181766863
0.181766863
0.181766863
0.181766863
0.181766863
0.181766863
0.181766863
0.226734522
0.226734522
0.226734522
0.226734522
0.226734522
0.226734522
0.226734522
0.226734522
0.10822036
0.10822036
0.10822036
0.10822036
0.10822036
0.10822036
0.10822036
0.106809735
0.02740425
0.02740425
0.02740425
0.02740425
0.02740425
0.02740425
0.02740425
0.02740425
0.001470472
0.001470472
0.001470472
0.001470472
0.001470472
0.001470472
0.001470472
0.001470472
0.02379491
0.02379491
0.02379491
0.02379491
0.02379491
0.02379491
0.02379491
0.02379491
0.087559921
0.087559921
0.087559921
0.087559921
0.087559921
0.087559921
0.014466193
0.014466193
0.014466193
0.014466193
0.014466193
0.014466193
0.014466193
0.014466193
0.028483822
0.028483822
0.028483822
0.028483822
0.028483822
0.028483822
0.028483822
0.028483822
0.053827694
0.053827694
0.053827694
0.053827694
0.053827694
0.053827694
0.053827694
0.053827694
0.071433836
0.071433836
0.071433836
0.071433836
0.071433836
0.071433836
0.071433836
0.085663394
0.080284217
0.080284217
0.080284217
0.080284217
0.080284217
0.080284217
0.080284217
0.080284217
0.13340359
0.13340359
0.13340359
0.13340359
0.13340359
0.13340359
0.13340359
0.13340359
0.179395554
0.179395554
0.179395554
0.179395554
0.179395554
0.179395554
0.179395554
0.179395554
0.201719139
0.201719139
0.201719139
0.14943373
0.14943373
0.14943373
0.14943373
0.14943373
0.194562716
0.194562716
0.194562716
0.194562716
0.194562716
0.194562716
0.194562716
0.194562716
0.235109069
0.235109069
0.235109069
0.235109069
0.235109069
0.235109069
0.235109069
0.235109069
0.249155839
0.249155839
0.249155839
0.249155839
0.249155839
0.249155839
0.249155839
0.249155839
0.313113476
0.313113476
0.286011682
0.286011682
0.286011682
0.286011682
0.286011682
0.286011682
0.456453897
0.456453897
0.456453897
0.456453897
0.456453897
0.456453897
0.456453897
0.456453897
0.579303331
0.579303331
0.579303331
0.579303331
0.579303331
0.579303331
0.579303331
0.579303331
0.817267234
0.817267234
0.817267234
0.817267234
0.817267234
0.817267234
0.817267234
0.817267234
1.058626298
1.058626298
1.058626298
1.058626298
1.058626298
1.058626298
1.058626298
1.058626298
1.083750535
1.083750535
1.083750535
1.083750535
1.083750535
1.083750535
1.083750535
1.083750535
1.315516756
1.315516756
1.315516756
1.315516756
1.315516756
1.315516756
1.315516756
1.315516756
1.408223244
1.408223244
1.408223244
1.408223244
1.408223244
1.408223244
1.408223244
1.462599297
1.01636542
1.01636542
1.01636542
1.01636542
1.01636542
1.01636542
1.01636542
1.01636542
1.242921151
1.242921151
1.242921151
1.242921151
1.242921151
1.242921151
1.242921151
1.242921151
1.114067579
1.114067579
1.114067579
1.114067579
1.114067579
1.114067579
1.114067579
1.114067579
1.036290188
1.036290188
1.036290188
1.036290188
1.036290188
1.345475328
1.345475328
1.345475328
1.185531062
1.185531062
1.185531062
1.185531062
1.185531062
1.185531062
1.185531062
1.185531062
1.384607833
1.384607833
1.384607833
1.384607833
1.384607833
1.384607833
1.384607833
1.384607833
0.899259715
0.899259715
0.899259715
0.899259715
0.899259715
0.899259715
0.899259715
0.899259715
0.861571699
0.861571699
0.861571699
0.861571699
0.64414835
0.64414835
0.64414835
0.64414835
0.651708085
0.651708085
0.651708085
0.651708085
0.651708085
0.651708085
0.651708085
0.651708085
0.9004921
0.9004921
0.9004921
0.9004921
0.9004921
0.9004921
0.9004921
0.9004921
0.764416865
0.764416865
0.764416865
0.764416865
0.764416865
0.764416865
0.764416865
0.764416865
0.924840338
0.924840338
0.924840338
0.904373053
0.904373053
0.904373053
0.904373053
0.904373053
0.838705201
0.838705201
0.838705201
0.838705201
0.838705201
0.838705201
0.838705201
0.838705201
0.58179413
0.58179413
0.58179413
0.58179413
0.58179413
0.58179413
0.58179413
0.58179413
0.400151474
0.400151474
0.400151474
0.400151474
0.400151474
0.400151474
0.400151474
0.400151474
0.331795464
0.539812514
0.539812514
0.539812514
0.539812514
0.539812514
0.539812514
0.539812514
0.646494212
0.646494212
0.646494212
0.646494212
0.646494212
0.646494212
0.646494212
0.646494212
0.420635156
0.420635156
0.420635156
0.420635156
0.420635156
0.420635156
0.420635156
0.420635156
0.33410271
0.33410271
0.33410271
0.33410271
0.33410271
0.33410271
0.33410271
0.33410271
0.200458239
0.200458239
0.200458239
0.200458239
0.200458239
0.200458239
0.200458239
0.200458239
0.084517528
0.084517528
0.084517528
0.084517528
0.084517528
0.084517528
0.084517528
0.084517528
0.090477097
0.090477097
0.090477097
0.090477097
0.090477097
0.090477097
0.090477097
0.090477097
0.122983839
0.122983839
0.122983839
0.122983839
0.122983839
0.122983839
0.121380776
0.121380776
0.118306152
0.118306152
0.118306152
0.118306152
0.118306152
0.118306152
0.118306152
0.118306152
0.082613788
0.082613788
0.082613788
0.082613788
0.082613788
0.082613788
0.082613788
0.082613788
0.03836595
0.03836595
0.03836595
0.03836595
0.03836595
0.03836595
0.03836595
0.03836595
0.006951322
0.006951322
0.006951322
0.006951322
0.006951322
0.007849872
0.007849872
0.007849872
0.007849872
0.007849872
0.007849872
0.007849872
0.007849872
0.020858232
0.020858232
0.020858232
0.020858232
0.020858232
0.020858232
0.020858232
0.020858232
0.034315155
0.034315155
0.034315155
0.034315155
0.034315155
0.034315155
0.034315155
0.034315155
0.061453285
0.061453285
0.061453285
0.061453285
0.061453285
0.061453285
0.061453285
0.073694725
0.035906007
0.035906007
0.035906007
0.035906007
0.035906007
0.035906007
0.035906007
0.035906007
0.054060729
0.054060729
0.054060729
0.054060729
0.054060729
0.054060729
0.054060729
0.054060729
0.028240679
0.028240679
0.028240679
0.028240679
0.028240679
0.028240679
0.028240679
0.028240679
0.105566349
0.105566349
0.105566349
0.078203652
0.078203652
0.078203652
0.078203652
0.078203652
0.111676808
0.111676808
0.111676808
0.111676808
0.111676808
0.111676808
0.111676808
0.111676808
0.164078236
0.164078236
0.164078236
0.164078236
0.164078236
0.164078236
0.164078236
0.164078236
0.129907723
0.129907723
0.129907723
0.129907723
0.129907723
0.129907723
0.129907723
0.129907723
0.150529577
0.150529577
0.137500366
0.137500366
0.137500366
0.137500366
0.137500366
0.137500366
0.272907743
0.272907743
0.272907743
0.272907743
0.272907743
0.272907743
0.272907743
0.272907743
0.282007701
0.282007701
0.282007701
0.282007701
0.282007701
0.282007701
0.282007701
0.282007701
0.476291805
0.476291805
0.476291805
0.476291805
0.476291805
0.476291805
0.476291805
0.476291805
0.692572002
0.692572002
0.692572002
0.692572002
0.692572002
0.692572002
0.692572002
0.692572002
1.329247444
1.329247444
1.329247444
1.329247444
1.329247444
1.329247444
1.329247444
1.329247444
1.269747796
1.269747796
1.269747796
1.269747796
1.269747796
1.269747796
1.269747796
1.269747796
1.659173476
1.659173476
1.659173476
1.659173476
1.659173476
1.659173476
1.659173476
1.723239529
1.096367913
1.096367913
1.096367913
1.096367913
1.096367913
1.096367913
1.096367913
1.096367913
1.60217381
1.60217381
1.60217381
1.60217381
1.60217381
1.60217381
1.60217381
1.60217381
1.248281622
1.248281622
1.248281622
1.248281622
1.248281622
1.248281622
1.248281622
1.248281622
1.404240969
1.404240969
1.404240969
1.404240969
1.404240969
1.823207051
1.823207051
1.823207051
1.168722469
1.168722469
1.168722469
1.168722469
1.168722469
1.168722469
1.168722469
1.168722469
1.076537843
1.076537843
1.076537843
1.076537843
1.076537843
1.076537843
1.076537843
1.076537843
0.98054502
0.98054502
0.98054502
0.98054502
0.98054502
0.98054502
0.98054502
0.98054502
0.961635353
0.961635353
0.961635353
0.961635353
0.718960275
0.718960275
0.718960275
0.718960275
0.885372629
0.885372629
0.885372629
0.885372629
0.885372629
0.885372629
0.885372629
0.885372629
0.657696966
0.657696966
0.657696966
0.657696966
0.657696966
0.657696966
0.657696966
0.657696966
0.735257886
0.735257886
0.735257886
0.735257886
0.735257886
0.735257886
0.735257886
0.735257886
0.551566138
0.551566138
0.551566138
0.53935964
0.53935964
0.53935964
0.53935964
0.53935964
0.297905476
0.297905476
0.297905476
0.297905476
0.297905476
0.297905476
0.297905476
0.297905476
0.47167567
0.47167567
0.47167567
0.47167567
0.47167567
0.47167567
0.47167567
0.47167567
0.298673521
0.298673521
0.298673521
0.298673521
0.298673521
0.298673521
0.298673521
0.298673521
0.374997998
0.610100602
0.610100602
0.610100602
0.610100602
0.610100602
0.610100602
0.610100602
0.387521657
0.387521657
0.387521657
0.387521657
0.387521657
0.387521657
0.387521657
0.387521657
0.308642803
0.308642803
0.308642803
0.308642803
0.308642803
0.308642803
0.308642803
0.308642803
0.300833016
0.300833016
0.300833016
0.300833016
0.300833016
0.300833016
0.300833016
0.300833016
0.173098398
0.173098398
0.173098398
0.173098398
0.173098398
0.173098398
0.173098398
0.173098398
0.064878038
0.064878038
0.064878038
0.064878038
0.064878038
0.064878038
0.064878038
0.064878038
0.090747987
0.090747987
0.090747987
0.090747987
0.090747987
0.090747987
0.090747987
0.090747987
0.110252032
0.110252032
0.110252032
0.110252032
0.110252032
0.110252032
0.108814924
0.108814924
0.028206326
0.028206326
0.028206326
0.028206326
0.028206326
0.028206326
0.028206326
0.028206326
0.062695577
0.062695577
0.062695577
0.062695577
0.062695577
0.062695577
0.062695577
0.062695577
0.076464542
0.076464542
0.076464542
0.076464542
0.076464542
0.076464542
0.076464542
0.076464542
0.029543118
0.029543118
0.029543118
0.029543118
0.029543118
0.02612886
0.02612886
0.02612886
0.02612886
0.02612886
0.02612886
0.02612886
0.02612886
0.034988001
0.034988001
0.034988001
0.034988001
0.034988001
0.034988001
0.034988001
0.034988001
0.056519079
0.056519079
0.056519079
0.056519079
0.056519079
0.056519079
0.056519079
0.056519079
0.029605232
0.029605232
0.029605232
0.029605232
0.029605232
0.029605232
0.029605232
0.035502568
0.07719119
0.07719119
0.07719119
0.07719119
0.07719119
0.07719119
0.07719119
0.07719119
0.093194242
0.093194242
0.093194242
0.093194242
0.093194242
0.093194242
0.093194242
0.093194242
0.062936371
0.062936371
0.062936371
0.062936371
0.062936371
0.062936371
0.062936371
0.062936371
0.025416611
0.025416611
0.025416611
0.01882865
0.01882865
0.01882865
0.01882865
0.01882865
0.056286705
0.056286705
0.056286705
0.056286705
0.056286705
0.056286705
0.056286705
0.056286705
0.177726516
0.177726516
0.177726516
0.177726516
0.177726516
0.177726516
0.177726516
0.177726516
0.176431424
0.176431424
0.176431424
0.176431424
0.176431424
0.176431424
0.176431424
0.176431424
0.199444218
0.199444218
0.182181161
0.182181161
0.182181161
0.182181161
0.182181161
0.182181161
0.243241879
0.243241879
0.243241879
0.243241879
0.243241879
0.243241879
0.243241879
0.243241879
0.540901508
0.540901508
0.540901508
0.540901508
0.540901508
0.540901508
0.540901508
0.540901508
0.733911618
0.733911618
0.733911618
0.733911618
0.733911618
0.733911618
0.733911618
0.733911618
0.717306716
0.717306716
0.717306716
0.717306716
0.717306716
0.717306716
0.717306716
0.717306716
0.921222038
0.921222038
0.921222038
0.921222038
0.921222038
0.921222038
0.921222038
0.921222038
0.930278449
0.930278449
0.930278449
0.930278449
0.930278449
0.930278449
0.930278449
0.930278449
0.801735839
0.801735839
0.801735839
0.801735839
0.801735839
0.801735839
0.801735839
0.832693452
1.161098121
1.161098121
1.161098121
1.161098121
1.161098121
1.161098121
1.161098121
1.161098121
1.191844971
1.191844971
1.191844971
1.191844971
1.191844971
1.191844971
1.191844971
1.191844971
1.386945866
1.386945866
1.386945866
1.386945866
1.386945866
1.386945866
1.386945866
1.386945866
1.51286635
1.51286635
1.51286635
1.51286635
1.51286635
1.96424165
1.96424165
1.96424165
1.817035146
1.817035146
1.817035146
1.817035146
1.817035146
1.817035146
1.817035146
1.817035146
1.730234522
1.730234522
1.730234522
1.730234522
1.730234522
1.730234522
1.730234522
1.730234522
1.138125577
1.138125577
1.138125577
1.138125577
1.138125577
1.138125577
1.138125577
1.138125577
0.920007822
0.920007822
0.920007822
0.920007822
0.687837729
0.687837729
0.687837729
0.687837729
0.592310165
0.592310165
0.592310165
0.592310165
0.592310165
0.592310165
0.592310165
0.592310165
0.570907279
0.570907279
0.570907279
0.570907279
0.570907279
0.570907279
0.570907279
0.570907279
0.592604701
0.592604701
0.592604701
0.592604701
0.592604701
0.592604701
0.592604701
0.592604701
0.487062942
0.487062942
0.487062942
0.47628394
0.47628394
0.47628394
0.47628394
0.47628394
0.619332332
0.619332332
0.619332332
0.619332332
0.619332332
0.619332332
0.619332332
0.619332332
0.582466169
0.582466169
0.582466169
0.582466169
0.582466169
0.582466169
0.582466169
0.582466169
0.507581776
0.507581776
0.507581776
0.507581776
0.507581776
0.507581776
0.507581776
0.507581776
0.351764635
0.57230123
0.57230123
0.57230123
0.57230123
0.57230123
0.57230123
0.57230123
0.589482763
0.589482763
0.589482763
0.589482763
0.589482763
0.589482763
0.589482763
0.589482763
0.451093328
0.451093328
0.451093328
0.451093328
0.451093328
0.451093328
0.451093328
0.451093328
0.091686906
0.091686906
0.091686906
0.091686906
0.091686906
0.091686906
0.091686906
0.091686906
0.111877369
0.111877369
0.111877369
0.111877369
0.111877369
0.111877369
0.111877369
0.111877369
0.066503375
0.066503375
0.066503375
0.066503375
0.066503375
0.066503375
0.066503375
0.066503375
0.06406537
0.06406537
0.06406537
0.06406537
0.06406537
0.06406537
0.06406537
0.06406537
0.055126016
0.055126016
0.055126016
0.055126016
0.055126016
0.055126016
0.054407462
0.054407462
0.05119916
0.05119916
0.05119916
0.05119916
0.05119916
0.05119916
0.05119916
0.05119916
0.022190759
0.022190759
0.022190759
0.022190759
0.022190759
0.022190759
0.022190759
0.022190759
0.060957746
0.060957746
0.060957746
0.060957746
0.060957746
0.060957746
0.060957746
0.060957746
0.031414628
0.031414628
0.031414628
0.031414628
0.031414628
0.035212283
0.035212283
0.035212283
0.035212283
0.035212283
0.035212283
0.035212283
0.035212283
0.062798977
0.062798977
0.062798977
0.062798977
0.062798977
0.062798977
0.062798977
0.062798977
0.024671027
0.024671027
0.024671027
0.024671027
0.024671027
0.024671027
0.024671027
0.024671027
0.039922207
0.039922207
0.039922207
0.039922207
0.039922207
0.039922207
0.039922207
0.047874676
0.07033274
0.07033274
0.07033274
0.07033274
0.07033274
0.07033274
0.07033274
0.07033274
0.034157774
0.034157774
0.034157774
0.034157774
0.034157774
0.034157774
0.034157774
0.034157774
0.061053659
0.061053659
0.061053659
0.061053659
0.061053659
0.061053659
0.061053659
0.061053659
0.125200345
0.125200345
0.125200345
0.125200345
0.092748535
0.092748535
0.092748535
0.092748535
0.172147657
0.172147657
0.172147657
0.172147657
0.172147657
0.172147657
0.172147657
0.172147657
0.086671563
0.086671563
0.086671563
0.086671563
0.086671563
0.086671563
0.086671563
0.086671563
0.205421568
0.205421568
0.205421568
0.205421568
0.205421568
0.205421568
0.205421568
0.205421568
0.231622282
0.231622282
0.231622282
0.211574025
0.211574025
0.211574025
0.211574025
0.211574025
0.385747223
0.385747223
0.385747223
0.385747223
0.385747223
0.385747223
0.385747223
0.385747223
0.328235488
0.328235488
0.328235488
0.328235488
0.328235488
0.328235488
0.328235488
0.328235488
0.777318418
0.777318418
0.777318418
0.777318418
0.777318418
0.777318418
0.777318418
0.777318418
0.910632804
0.974489317
0.974489317
0.974489317
0.974489317
0.974489317
0.974489317
0.974489317
0.638428296
0.638428296
0.638428296
0.638428296
0.638428296
0.638428296
0.638428296
0.638428296
1.167497993
1.167497993
1.167497993
1.167497993
1.167497993
1.167497993
1.167497993
1.167497993
0.887820436
0.887820436
0.887820436
0.887820436
0.887820436
0.887820436
0.887820436
0.887820436
1.122765701
1.122765701
1.122765701
1.122765701
1.122765701
1.122765701
1.122765701
1.122765701
1.304920554
1.304920554
1.304920554
1.304920554
1.304920554
1.304920554
1.304920554
1.304920554
0.958411655
0.958411655
0.958411655
0.958411655
0.958411655
0.958411655
0.958411655
0.958411655
1.388766403
1.388766403
1.388766403
1.388766403
1.388766403
1.388766403
1.80311553
1.80311553
1.765558831
1.765558831
1.765558831
1.765558831
1.765558831
1.765558831
1.765558831
1.765558831
1.501611397
1.501611397
1.501611397
1.501611397
1.501611397
1.501611397
1.501611397
1.501611397
1.45249879
1.45249879
1.45249879
1.45249879
1.45249879
1.45249879
1.45249879
1.45249879
1.298857746
1.298857746
1.298857746
1.298857746
1.298857746
0.971082355
0.971082355
0.971082355
1.229978742
1.229978742
1.229978742
1.229978742
1.229978742
1.229978742
1.229978742
1.229978742
1.006721107
1.006721107
1.006721107
1.006721107
1.006721107
1.006721107
1.006721107
1.006721107
0.766380433
0.766380433
0.766380433
0.766380433
0.766380433
0.766380433
0.766380433
0.766380433
0.717291243
0.717291243
0.717291243
0.717291243
0.701417147
0.701417147
0.701417147
0.701417147
0.610499814
0.610499814
0.610499814
0.610499814
0.610499814
0.610499814
0.610499814
0.610499814
0.653318325
0.653318325
0.653318325
0.653318325
0.653318325
0.653318325
0.653318325
0.653318325
0.409848043
0.409848043
0.409848043
0.409848043
0.409848043
0.409848043
0.409848043
0.409848043
0.482332295
0.482332295
0.784727451
0.784727451
0.784727451
0.784727451
0.784727451
0.784727451
0.588545588
0.588545588
0.588545588
0.588545588
0.588545588
0.588545588
0.588545588
0.588545588
0.371589691
0.371589691
0.371589691
0.371589691
0.371589691
0.371589691
0.371589691
0.371589691
0.088562991
0.088562991
0.088562991
0.088562991
0.088562991
0.088562991
0.088562991
0.088562991
0.2352308
0.203979803
0.203979803
0.203979803
0.203979803
0.203979803
0.203979803
0.203979803
0.130839635
0.130839635
0.130839635
0.130839635
0.130839635
0.130839635
0.130839635
0.130839635
0.113096371
0.113096371
0.113096371
0.113096371
0.113096371
0.113096371
0.113096371
0.113096371
0.071785721
0.071785721
0.071785721
0.071785721
0.071785721
0.071785721
0.071785721
0.070850012
0.047188782
0.047188782
0.047188782
0.047188782
0.047188782
0.047188782
0.047188782
0.047188782
0.03475661
0.03475661
0.03475661
0.03475661
0.03475661
0.03475661
0.03475661
0.03475661
0.053872745
0.053872745
0.053872745
0.053872745
0.053872745
0.053872745
0.053872745
0.053872745
0.045450951
0.045450951
0.045450951
0.045450951
0.045450951
0.045450951
