20090901
20201231
22.3109375
23.690598958
21.967447915
23.096770832
23.558333332
24.591171877
25.052291668
25.391901043
25.98875
24.385052082
23.9853125
22.750234372
22.06434896
21.185026042
22.230572915
21.890963542
21.468281252
22.000781252
21.99372396
22.329296872
23.053749997
20.967265625
19.26497396
18.137291668
18.561484375
20.088359377
20.744505207
20.013880208
18.385416665
19.861119792
21.38138021
18.129479168
17.656015622
17.672343752
17.632864585
18.091328125
16.466744793
18.472083332
15.442031248
14.48046875
14.160390625
15.618567708
16.526692708
16.419322918
15.780963542
15.337708332
14.806041668
14.568697915
16.774921875
18.030442708
17.79953125
16.102838542
14.406458335
14.427424478
15.706875
14.667239585
14.27861979
14.52578125
15.770520835
13.805260418
13.306927082
13.656875
13.871119792
14.215156252
14.177369792
14.593619792
15.186361608
15.787547335
16.227482637
16.588489585
15.638593752
15.590755207
15.436979165
16.1640625
15.988984375
15.32640625
12.140973958
11.167450521
10.162734373
11.004549479
13.001822915
13.570989585
12.091416667
11.975070312
10.801466147
9.524052083
8.899979168
9.508921874
11.043755208
10.778770834
8.845713541
8.068567708
7.984138021
6.152726562
4.299708333
4.80059375
6.780221354
5.648953125
6.238078125
2.51253125
1.586158854
2.372067708
5.689231771
7.996774493
6.552494792
3.53465625
3.488908854
4.709138021
5.203239583
4.640015625
4.260299479
5.677330729
8.089539062
8.883770834
4.902523438
4.46333073
4.39653125
4.222692708
3.916585938
3.77096875
3.968721354
3.714328125
2.666945313
2.664747396
2.642416667
2.158320312
2.580231771
2.963770833
0.443763021
-0.882833333
-0.872992188
-0.503307292
0.633861979
1.146867188
2.573247396
5.78934375
6.467838542
6.810869792
6.81317448
6.998458334
7.415736979
7.726658854
7.868833333
8.425919271
9.481588542
7.516223958
6.387125
5.750744792
8.477807292
5.747895833
4.084994792
3.981617188
4.029119791
3.966744364
3.854368197
3.980421875
4.827864583
6.2820625
5.102091146
5.230502604
5.040442708
2.826653646
2.907205729
3.438166667
4.357216146
5.987653646
3.87090625
3.234955729
3.421492187
4.269601562
6.049960938
7.183421875
7.313895834
7.123835938
4.911588542
5.212101562
5.177677084
5.924278646
5.168752604
6.27878125
7.059052083
6.507200521
6.308184896
6.749559896
8.100174479
10.385924478
11.244635418
11.203281252
10.68203125
11.613406248
10.848375
10.349677083
10.092307292
10.571971355
9.872377604
10.705130208
10.773036458
9.783783854
10.368960937
11.882026042
6.808367188
5.659856771
7.962265625
10.607695312
12.05328125
11.422583332
11.148263022
11.0546875
11.069635418
11.833244792
13.767070312
15.937500002
17.000520833
16.488255207
14.793156248
16.84091146
17.5990625
18.894921875
15.048533852
13.66514323
14.42829948
16.255625
17.533333332
17.7915625
17.62690104
17.798046875
17.78106771
16.995260417
15.00546875
14.243645832
14.702630208
14.790807292
16.925963542
17.490625
18.79125
17.858567708
17.35158854
15.490260415
15.063057292
15.89583854
18.756484378
18.874895833
16.71221354
17.488385418
15.931692708
17.170523435
18.733958333
19.405286458
19.433932292
17.266536457
16.143125
17.3134375
18.359010415
19.479765625
17.377265625
16.01140625
17.216328125
18.464076755
18.63997396
19.176015625
19.671223958
20.339401043
20.5153125
21.686484373
22.655364585
23.02059896
22.59294271
22.698177082
22.810598957
22.954114583
23.030598958
23.346484375
23.4959375
24.540390625
24.630989582
24.329140625
24.727630207
25.171406252
25.394713542
24.986171875
26.279921875
25.640208332
24.904114583
25.991197917
26.432500002
26.69640625
23.82434896
23.594114582
25.450364583
26.35513021
26.883255207
27.230416665
27.445468752
27.19263021
27.687291665
27.4653125
27.678854165
27.24125
27.67252604
26.468619793
25.537994793
26.123541665
25.852265627
25.647005208
25.561197915
24.717916667
24.905937503
25.659375
26.24653646
26.041927085
25.27841146
24.664583333
24.917838543
26.205442708
25.277161458
27.033437502
27.721510417
27.907161457
28.17341146
28.338125
28.100338545
27.977838542
28.010104167
27.874895833
27.622578125
28.022630205
28.006614585
27.468489582
27.157135418
26.281015628
26.817708333
27.128958335
27.065989585
27.43221354
28.10171875
27.822369792
27.700703123
27.80986979
27.816328125
27.721692708
28.167421875
28.177916665
28.243072918
28.257005208
28.49877604
28.795520833
29.091640622
29.202135418
28.807239585
28.69638021
28.166171873
28.272708335
28.274713543
29.553854165
29.256197917
29.311953123
29.39033854
26.037135415
25.024322915
24.24205729
24.519088543
24.899453125
26.300625
27.62752604
28.02591146
26.61815104
26.482265625
23.724140625
22.469270835
23.564609375
26.099791667
24.94341146
23.616380208
25.060989582
26.981328122
26.324765627
24.980755207
25.278645833
25.899453125
26.191041667
26.091249998
25.63763021
25.70205729
25.532838542
25.265546875
25.388828125
25.583958335
25.467421875
25.327578125
24.158541665
22.35294271
20.28846354
20.891328127
20.926380207
20.867135415
20.355572917
20.00786458
18.137901043
17.357549478
17.708177083
18.532500003
19.48263021
19.405390625
19.41627604
19.971666667
19.422265625
19.135130208
18.890234373
17.05958854
17.820182293
17.87450521
17.673645833
18.433880207
19.253125
18.338515625
18.14796875
18.091510418
18.386223958
18.318671875
17.564348957
17.025208333
15.83726823
14.256757812
13.637239585
14.596513022
15.50861979
15.11565104
15.137265628
14.953385418
13.708674478
11.958562499
12.078838542
13.204078125
14.837890628
15.805651045
15.661822915
16.682760415
15.63698698
12.715020833
11.428567708
12.36675
11.764062498
11.568320312
10.490395832
10.600723958
12.986617188
15.443151042
16.238203125
13.308242188
16.06231771
10.43096875
7.98769271
8.533359374
9.943794272
12.053257812
8.125486978
7.29296875
8.080950522
9.181497395
9.850403645
7.486403646
6.040544271
6.896950521
7.947382813
7.701445313
8.271484375
9.268906251
5.758455729
5.150820313
6.344619791
8.309869792
8.253273437
7.886234375
7.305135417
7.404979167
10.272046875
9.809861979
8.382820314
7.794200521
8.024122396
5.989984375
3.496440104
4.703158854
6.079091146
9.537630208
11.537611978
8.956395833
4.785132813
3.245263021
5.478820312
6.393833333
5.280947917
6.446804688
7.527513021
5.527005208
5.567877604
4.845434896
1.948773437
1.407864583
2.548890625
3.734544271
5.3675
6.17428125
6.762231771
6.565604167
5.90328125
3.59611198
2.510010417
4.627708334
4.550804687
3.956412911
6.061630208
4.974742188
5.577903646
8.360414062
8.484703125
6.802924479
7.4839375
3.330632813
3.18509375
3.027664062
3.1429375
3.120151042
3.533942708
4.258572917
4.412708334
1.417523437
1.594588542
1.712765625
4.082541667
5.699041667
6.622835937
8.872973958
10.24874479
13.050130208
12.83028646
14.121718748
14.789010418
11.904606771
10.048273438
13.277708332
13.743078125
9.089760418
10.390729165
14.111380208
11.468554688
10.780908853
11.209773435
12.133489585
12.696580728
9.722296877
9.566812501
11.370104165
12.478958332
11.516614582
11.129677082
12.162104165
13.84588802
13.368671875
10.69973698
10.753015624
13.830864585
17.482760417
17.328255207
17.30140625
18.615078125
17.803046873
18.746640627
16.307484377
15.215460938
17.406223957
14.887265622
11.736684894
12.034114585
11.539322914
11.076911459
12.869335938
15.505278645
16.939648438
20.829635418
16.603395835
15.57813802
19.143515625
20.479403042
21.680052083
22.846927085
22.6865625
20.388679685
19.558
20.292041665
22.06622396
17.444270835
18.104283855
18.91345573
23.061536458
23.887109372
19.153776042
18.201484375
22.977109375
19.142994793
16.550911457
17.982395832
17.404924477
16.082929688
16.96126302
18.734427082
20.12815104
14.79419271
13.865072917
15.39199479
17.298223957
18.16768229
19.21186458
22.268854168
23.680729168
24.97234375
23.33015625
20.945546875
21.338619793
20.14200521
19.349505208
19.1209375
19.65575781
20.150494792
21.805911457
22.701770832
20.443958335
22.6953125
24.892213543
24.45981771
23.566145833
22.35015625
21.965
23.331302085
25.795703125
26.58705729
25.979270832
25.995390625
26.43859375
26.63421875
27.103255205
27.079244792
27.3025
28.01192708
28.847421872
29.33510417
29.500130207
28.982838542
28.989140625
29.818125
30.698776043
30.362604165
28.601015623
29.566796875
31.018333332
31.65361979
31.384765627
31.817578127
30.368828125
29.993411458
30.53986979
32.114661458
32.923854167
33.416927083
33.672109373
32.562135418
28.488233695
29.62771125
29.51966725
29.37046375
29.638001
29.61742125
29.69459525
29.9981475
30.34800475
34.402697048
36.078968347
35.361484375
34.247682293
32.629661458
30.541770835
31.007421875
32.304505208
32.839270832
32.651041667
33.08690104
33.264609375
33.640130208
33.493046878
33.585729168
33.926380208
34.480494792
33.111979165
33.605546878
35.257213542
35.191484375
34.254557292
34.831510418
35.400703122
35.676953125
35.99625
36.361979165
36.682265625
37.04596354
37.223333335
34.954427083
36.907083335
36.469427082
34.780833333
28.253385417
29.52002604
29.205
30.120703125
30.357291668
31.104140628
30.359479167
31.34075521
30.85309896
30.837734377
29.731354168
30.884791665
31.323776043
31.313463542
30.932369792
30.093333335
30.69231771
31.20640625
30.52544271
30.574166665
31.36330729
31.296979167
30.687239585
30.887031248
28.166015625
26.676796875
25.428541667
24.542890625
26.138125
25.342578125
26.09203125
26.740052083
27.23065104
29.400781252
28.53216146
22.920729167
20.712005207
23.851796875
24.94203125
23.915833335
23.379635418
24.256640625
20.549635417
20.650078125
22.429973957
22.683541668
22.296927082
23.20877604
24.084166667
25.051640622
23.376380207
21.598015623
21.803895833
22.484268227
22.904609375
21.919653647
24.897578125
24.877552082
23.204921875
19.83109375
20.448958332
20.5125
21.787343752
19.908541667
19.492343752
20.001458333
20.384192707
20.152395835
17.737708335
15.626427082
14.996427082
15.72513021
17.479114582
18.183177085
17.943854167
19.129296872
18.793984375
15.126432292
14.496049478
13.470388022
14.23049479
14.094823878
15.833750002
15.614322917
12.883367188
11.396072916
12.812138023
15.762708335
17.486874997
16.315624998
13.674033852
12.428263023
12.000760416
13.091953128
14.564453128
14.94817626
15.149765625
12.784718752
10.641690104
11.865273435
14.76208333
12.261666668
11.191562502
11.571818395
10.968914062
10.947820312
13.140755208
12.62109375
9.138513022
7.356614584
7.977026042
7.643713542
9.0741875
9.036450521
10.66850521
9.304653646
7.346872396
5.938479167
4.203520833
5.137502604
5.294984375
4.921161458
5.240763021
7.322164062
8.774125
11.424296875
9.431192708
7.590416667
6.263578125
7.801166667
9.820911459
9.054445312
7.646554687
6.996432292
6.249807292
4.680421875
5.508265625
7.613601563
6.578971354
5.734776042
6.294260416
7.445434896
7.164395833
7.414078125
5.56203125
5.089132812
6.067565104
5.755520834
6.487416667
7.711304688
8.305638021
7.6376875
7.870979167
6.302617188
4.292526042
3.555700521
4.280346354
5.169002604
9.433763021
6.887895833
4.443372396
5.758
6.229268229
5.260955729
7.545877604
7.102114583
7.296424479
8.455059896
7.724382812
7.52446875
6.882908854
5.833674479
7.4376875
10.478588542
8.754901042
8.950023438
12.049921875
9.281633362
7.88638125
6.888575521
8.553601562
7.127114583
5.886794271
6.748648438
3.665583334
3.309101562
4.716421875
5.685770833
8.929872395
8.905109375
9.605416666
9.344523437
8.720166667
8.732403646
8.26646875
9.305473958
10.740135416
9.562505209
9.094664063
10.942812498
11.446718752
12.370572915
11.719052085
11.932122395
12.41303646
11.018015625
10.979497394
12.682518232
13.7159375
15.096666668
10.841601564
10.22420052
9.635018228
11.0690308
13.308333332
14.512890625
16.29301782
17.464036458
17.46299479
17.970625
17.50658854
15.91127604
15.421145832
14.436249998
13.603255208
13.862111978
14.706880208
15.54361979
16.3240625
17.218333333
17.586473412
18.22752604
18.505390625
18.969479168
19.855208335
20.445416665
17.835442708
17.6346875
16.616822917
16.432760415
17.062968748
16.870677083
17.645260415
18.13356771
18.036171875
17.921197915
18.332709703
19.268906252
18.295755208
16.265338543
16.176119792
17.20221354
18.49651042
17.25703125
15.401786458
15.503593752
14.88323698
16.516822918
19.216062843
19.540734375
21.461242533
20.469713542
20.42575521
21.055520833
21.24080729
22.150911458
23.093645835
22.567916665
22.797135418
23.319088543
21.005833332
20.163255208
19.329687503
19.576796878
18.422442435
18.700278785
18.95390625
18.88106771
18.782996552
21.39650479
20.94605569
21.297838545
22.39203125
20.27091146
20.1121875
20.564296875
22.54783854
23.913671875
24.647317708
24.679609375
24.447239585
25.06903646
24.083072915
23.474557293
23.07247396
21.227760415
21.807526043
23.474713542
24.74203125
24.636406252
22.935442708
22.236770835
22.254505207
23.405390625
24.881354165
25.699791668
24.803046878
23.453333333
24.92200521
25.623489582
25.98640625
26.093098958
26.244401043
26.284895833
26.0928125
25.122395833
25.935651043
26.241614585
26.144322915
26.226354168
26.667760415
26.959322917
26.479322915
26.646588545
26.78080729
26.651666665
26.75690104
27.210833333
27.39713542
27.468958335
27.550807295
27.264661455
26.793151042
26.307291667
25.800989585
26.49234375
26.48903646
26.718749997
26.945078125
26.56471354
27.036197918
27.58763021
28.062916665
28.737630208
29.09143229
28.931666668
28.981510417
29.3034375
29.533046877
30.173255207
29.917734375
29.7190625
29.923229168
30.039921875
30.524270833
30.95658854
31.655468752
32.266302083
32.493567708
32.543984375
31.843958335
31.758515625
30.342317708
30.448177085
30.411796873
29.480312498
28.37138021
29.903645832
29.041640625
27.751666668
29.763958332
27.336484375
26.988811633
24.561171875
24.601927085
25.147083332
25.65609375
25.387317705
24.764036457
25.711875003
27.106848957
26.06359375
26.753984372
27.003020835
25.739791665
25.945729168
26.976328125
27.211041668
27.52434896
28.10234375
28.05203125
28.06559896
28.070807292
27.550156247
24.90580729
23.904973957
24.243645835
24.3128125
25.23924479
22.458437503
20.939166668
21.06283854
21.599739585
22.611354168
22.76596354
22.097135417
23.494348958
24.400364585
24.529947915
23.997870887
24.54684896
26.218958335
24.776015623
22.721796875
22.659765625
22.388385415
21.774453125
21.169010415
21.319135415
20.935933398
20.080376785
18.624818788
15.752104842
15.426728235
15.270085833
16.760684
16.937813412
18.53080751
20.22491204
20.572528515
19.564432132
19.143960192
19.672546845
20.27867414
18.028777193
17.219732263
17.794310293
20.434417377
20.851083903
20.922757185
20.775082037
19.44895327
16.340999045
14.930022242
14.216180968
14.264620165
15.002622765
15.887069418
16.337737772
17.190004798
17.055615483
15.92494811
15.784417592
15.169984773
15.157514648
16.13443372
18.312688533
18.733047015
15.99401575
12.04831901
11.137765908
11.118086132
11.043599947
11.327363742
10.849557608
12.00149277
14.020528525
13.87766638
13.841003475
15.40737491
13.789660462
11.089540683
11.68846899
11.20222283
10.142534405
9.861903828
11.581440432
12.500376772
14.40984595
13.883816895
15.88901649
14.280338152
11.95466465
12.701362785
12.49942406
12.537609435
11.198698182
8.262644315
6.690073367
6.790545704
8.752905718
9.913686525
10.310961102
10.20444478
9.040531115
8.475283015
9.732538405
8.215982056
6.547476339
7.206145307
7.695406165
6.654029353
5.646756836
4.573927002
4.195353129
4.247407103
3.354167374
2.851205844
4.738898095
4.59467169
4.629449692
4.014845152
4.129814356
5.653079468
4.774438992
4.250746525
5.702485051
7.786702338
9.699207948
9.94055592
8.271168526
4.878544652
3.811921923
3.155191137
3.079571225
4.425655556
4.98291549
6.005061199
6.469936169
5.831933817
6.796984003
7.497585938
7.745463542
6.812177083
6.904283854
9.545807291
12.37627604
13.03359375
9.454546874
7.86278125
7.231164062
7.524924479
8.049057292
10.466697916
9.512703126
10.658854165
11.73643229
9.768815105
8.529682292
10.333981771
9.041440104
7.859608553
8.613385416
8.625880208
8.287578125
7.956346354
8.730041667
10.390752604
8.518695312
6.962028646
6.752216146
6.450796875
6.124231771
7.30285677
7.259697917
7.62075
7.568903646
7.222184896
6.659317708
6.8811875
8.159789063
10.667265626
9.355885416
8.185817708
9.896739584
10.743645832
11.91106716
9.872022757
9.258388021
9.286088542
9.955093749
11.248135418
12.882864582
14.613385415
11.973359375
12.136950523
11.043752602
11.812713542
11.376484375
10.693023437
10.247007812
9.627796876
8.628544271
8.676052084
10.967390625
13.302666665
14.44049479
16.250677083
15.534739585
14.887445312
9.667132812
8.765166667
9.81854427
11.282494518
14.011145832
14.224713542
16.706484375
17.293046875
10.895921874
11.69108073
12.530849645
14.210689968
16.113854165
17.618880207
15.97424479
16.68747396
14.068671875
13.702518233
14.70669271
15.92830729
16.648151043
13.920026042
13.599875
14.14024479
15.475260415
15.606380207
16.369765625
18.100260417
19.100989585
19.30861979
14.499130207
14.206989585
14.37248177
14.866875
15.722395835
17.327135417
18.328385418
18.020729168
18.66450521
18.185651042
17.486015625
18.640468747
19.764791665
18.86825521
18.401744793
19.36018229
21.520989583
22.08151042
21.762838545
18.991666665
19.26168832
19.785885415
20.96716146
20.934088542
21.755442708
22.414010415
22.52828125
21.996223957
22.05234375
22.97421875
22.740755208
21.783776043
21.834218747
22.725677085
22.93703125
22.636536458
22.126953125
22.141328125
22.978333335
24.229479165
24.935078125
25.68393229
25.90875
25.829609377
24.609348957
25.705312497
24.792265625
24.967526043
24.1371875
25.921067708
26.004375
26.246354165
26.34393229
26.106041668
26.036249998
26.281484372
26.531953122
26.443255208
25.640911457
24.816380207
23.53661458
22.947838543
23.062916667
23.44828125
24.202057293
24.931432292
25.60216146
25.848125003
26.703020833
26.463098685
26.681041665
26.191953122
26.637291668
23.934921878
22.844921875
23.91609375
24.492291667
24.994739582
25.403333333
25.680026042
26.130442708
26.674062497
27.201927082
25.967395832
25.450052085
24.82171875
24.67838542
24.954010418
25.5459375
25.905520835
26.290546877
26.344010418
26.786510418
26.816953127
27.082656253
27.113229165
27.160130207
26.933463543
26.562838542
26.2715625
25.806041668
25.766927083
26.633515625
25.280104165
25.03388021
24.729765625
23.971718752
23.790052082
23.850625
24.221666668
24.496614583
24.519765625
24.911614583
25.475625
25.7646875
26.059895833
25.817552085
24.886067708
25.531197915
26.0875
26.415130207
26.531562503
26.190989585
26.35794271
25.025807293
25.34981771
25.778429275
26.069854712
26.359166665
26.467005208
26.123645835
26.045546875
25.821380207
25.859609372
25.254375002
24.699192707
25.155208332
25.590260417
24.930651042
25.27721354
25.04513021
22.95296875
21.893411458
21.373203125
21.55893229
22.357421875
22.295338542
23.585208332
23.777083332
21.740911458
19.80296875
20.20908854
21.22205729
22.402291667
24.0990625
24.230052085
19.94713542
18.526380208
18.091432293
18.174869792
18.87513021
19.530546878
21.303593748
20.772994793
20.345546875
20.136328125
18.906718748
17.09268229
16.335036457
15.13757511
14.402057292
14.842359375
14.962109377
14.778953125
15.351510415
14.986484375
14.410989585
15.04359375
16.002578127
16.298697918
18.194609375
18.972864583
18.19924479
16.077968748
14.870963542
13.876380208
15.199244792
16.168072917
14.364453125
13.035804688
13.104729165
13.988489585
14.68877604
14.892057292
12.215757677
10.173648437
10.565757813
12.022395835
14.148463542
14.922421875
13.381171875
13.421770832
13.510833332
13.928604165
9.857750001
9.03905729
7.822546875
7.828445312
8.225111979
6.744335938
6.829518229
7.151653646
8.750385417
9.329955729
9.745911459
10.263390624
9.039573822
6.429315104
5.768424479
5.540223958
5.435502604
5.109067709
4.086432292
4.109565104
3.810677084
5.714174479
6.026091146
5.374307292
5.919942708
6.186502604
6.768533854
9.32375
7.936164062
6.124835938
5.853661458
4.160958333
4.970630208
5.108598958
4.688979167
4.881476563
5.717210938
5.110333333
3.816252604
3.969626316
5.05771875
3.763247396
3.773552084
5.477575521
3.5685625
1.529789063
2.432882813
3.459885417
4.338356771
5.938325521
5.514565104
6.435341146
7.111533854
5.760768229
5.497140625
6.147463542
6.177302083
6.511966146
6.118442708
5.051396581
6.9024545
6.11013175
5.73969525
4.4020075
5.58534675
6.85615
6.30564
5.014257
4.484327
5.31266425
6.51143825
6.4805685
5.73969525
5.2920845
5.11201125
4.19620975
3.35758225
3.270118
3.5428005
3.9698315
3.6765695
3.51193075
4.56150125
5.17889525
6.449699
6.532018
7.39637
9.03246525
8.3533315
8.939856
10.1952245
8.7855075
9.042755
9.366887
8.58999925
8.4871
7.4735445
7.16484725
8.73405775
9.2897125
6.8201355
4.71584975
5.19947525
6.331365
7.4735445
8.02919925
7.98803975
8.27101225
9.30514775
10.997837
10.66341525
9.97913625
10.95667725
11.337404
10.20036925
9.227973
10.4216025
10.66856
10.60167575
11.86218925
11.3785635
10.56566125
10.67885025
11.13675075
9.9585565
12.16059625
12.12458175
12.16059625
12.958064
14.59930425
14.604449
15.8649625
17.58852175
15.33503225
14.34720125
13.282196
13.92531525
13.68864725
14.3163315
15.93184675
16.9865625
18.020698
18.40656925
14.4295205
13.6680675
14.40379575
14.31118675
15.376192
16.2714135
16.2817035
17.19236
18.11845175
18.211061
18.6998315
17.7325805
18.715266
20.02208425
18.6638165
17.21294025
16.688155
16.69329975
17.49591225
18.38084425
19.47157425
20.52114475
21.560425
21.99774625
21.96687625
22.018326
21.98745625
22.774634
21.1899885
19.075413
18.92106425
18.5763525
19.36867525
20.0992585
20.608609
21.98231125
23.01644675
23.85507425
24.32326475
23.49492725
22.5945605
23.001012
22.774634
22.35789275
22.68202475
23.34057875
23.402318
23.6852905
24.081452
24.82747025
25.172182
27.100968445
26.984079793
25.054718458
24.709368875
22.914483125
22.895485585
22.790078793
24.046745167
23.734287375
24.169730125
25.105109875
25.42861025
25.803148625
26.155670415
26.395902458
24.836146832
25.357829917
25.67767221
25.462458875
24.791794875
25.244671543
25.705724458
25.19547475
25.467626917
25.587083917
26.331500332
26.870027
26.717812165
25.769519
25.388647707
25.5504205
26.55351354
26.946687
27.368010668
27.602414542
25.825542457
26.632424543
26.740269543
26.835985167
26.962988
26.116163125
25.281314958
23.053846167
21.82601325
21.815317625
23.01742004
24.445529208
26.10260779
27.18318171
27.508000168
27.65217375
28.014048332
28.693665542
28.70303904
26.89279421
27.18185304
24.559528875
23.708295458
24.322765208
24.68084525
25.082358707
25.449840665
25.40680929
25.86339554
26.50612675
27.124742082
28.154597582
27.698511125
28.035578335
27.000030332
27.12809675
27.483575667
28.37691771
27.27503579
28.287734458
28.910035875
29.264571917
28.779496868
27.814895418
29.319014
29.03089675
29.14923025
29.45278275
29.545392
29.2829995
28.8250985
27.12211925
26.885451
27.37422175
28.217994
28.10995025
28.34661775
28.66560475
29.0154615
25.84617075
24.87377475
25.86675075
26.376101
26.58189925
24.765731
22.121225
20.03237425
21.28259775
22.46593675
23.93739325
24.631962
24.302685
24.2563805
24.83776
24.82747025
23.947683
23.39717325
23.5721015
23.37144825
23.43833275
23.633841
23.5926815
23.95797325
24.05572725
24.930369
25.07442775
22.7437645
21.34433725
21.7507885
22.332168
22.7437645
23.119346
23.57724675
22.8312285
19.188602
19.2349065
18.524903
16.8322135
17.21808525
17.70171075
18.37569925
18.185336
17.92294325
19.0188185
19.74940175
19.48186425
20.063244
19.87288075
20.3307815
20.3153465
20.42853575
19.49215425
17.99497275
17.7120005
17.09975125
15.3041625
15.25271325
16.01931075
15.1806835
14.270027
13.740097
13.10212275
13.69893725
12.85516475
14.21857775
12.29951025
9.16108875
8.25043225
8.12902963
8.231412584
7.905467108
7.02477055
6.064578983
6.800643592
7.586515601
10.25010413
12.228109052
12.63228315
10.733424482
9.434863605
9.158223625
8.475424038
9.108574972
10.65510691
11.63602419
8.588150098
7.903095756
8.364097715
9.834729867
11.755883395
11.311981032
10.763851362
11.049642292
9.940735921
9.515810249
10.7032697
11.036696393
12.04348746
12.974362772
11.338198678
9.471697465
8.538098958
8.764508513
8.945596138
8.973067071
9.149729433
9.806016452
9.165698458
8.400847987
7.480479312
8.990793789
7.642739127
6.16259873
5.811102551
5.284936202
3.986210392
4.238525486
4.965056635
5.675569222
4.386997774
3.119538038
3.703902689
3.053333295
1.894169889
2.017977435
2.265547197
3.582495002
4.000642777
3.38402588
3.400446342
4.384751333
4.37817894
4.815213336
5.172076788
5.958666272
6.440040633
6.095430272
5.902307289
5.966090381
5.79502753
6.610148109
6.561971747
7.7555365
8.395819234
8.736752772
7.864669262
7.802968359
7.574276872
5.44641006
5.788616902
5.718746792
4.961888776
5.604083798
7.389539686
8.228689398
8.929584666
9.157725988
8.810311522
7.644564928
7.65599871
8.558988272
8.151997532
6.245212946
5.960159602
6.001850155
5.870708967
6.596861699
7.771666765
5.921506097
3.792436791
4.596265734
5.82473532
4.912849835
2.984356969
3.354445542
3.657542968
4.050373948
5.96294685
5.210246182
4.481540322
4.857528793
6.303686314
8.346854858
8.68573086
9.592293343
10.115105242
10.750360378
10.544436968
11.19504024
11.84843088
12.5442208
12.79861378
12.62579242
12.371967798
11.950454647
11.99528304
13.535131862
13.99118952
15.380321022
14.797825005
13.25386032
12.81612569
13.44894418
14.69344705
14.812433678
16.558128917
17.651207405
18.819027062
17.330915958
16.1378406
14.654237388
16.90092873
19.57160033
19.576235473
20.202273027
17.977348135
17.162886742
19.259499455
17.461054825
15.87416557
17.203051263
17.517006308
18.29761431
18.777985127
18.018984375
16.90653646
17.61434896
17.176380207
16.997161457
17.9703125
19.075078945
19.094311952
16.487213543
15.55497396
16.308359375
16.999596482
17.712916665
18.5065625
19.017447915
19.948567708
18.69393229
19.2028125
19.527447918
19.347005208
19.220859375
20.006874997
19.088723958
18.317916665
17.545364582
19.843932292
20.766663198
20.839635417
21.579921875
22.026354165
20.901015625
19.767890625
19.355885417
17.93296875
18.367604168
18.471927082
19.286119792
19.95830729
20.673906247
21.028359375
21.122265625
20.656041665
19.915026042
20.704869792
22.151145832
23.185182293
23.782083335
24.12846354
24.08612919
24.966723345
24.569140625
24.559609375
25.024244792
25.457708332
25.480390625
23.60880208
24.156276043
23.917213543
23.892864582
23.271692708
23.304583333
24.17111979
25.291015625
25.206197917
25.6640625
25.640208335
25.71736979
25.958203125
25.846640625
25.109635415
24.438828125
24.732109375
25.145364583
25.881901042
25.708541668
25.00763021
25.391328125
25.946692707
26.151953125
24.775026042
23.998098957
24.238906253
24.988802085
25.561536458
25.840729168
26.229895835
26.554322915
26.467317708
26.299010415
26.525859375
26.858125
26.891510418
26.874062502
25.854374998
25.539921875
26.655260415
26.780625
26.743125
26.730208333
26.845078127
26.942421875
26.734791668
26.89955729
26.651614585
26.481302085
25.830442708
25.375833333
25.286302085
26.290494792
27.140104167
27.303359375
27.064947917
27.111328122
26.5184375
26.689374997
25.627213543
25.285364582
24.347291665
24.547942707
24.5865625
24.93268229
25.542343752
23.216848955
22.001197915
23.92997396
25.036822918
24.27234529
24.331171875
24.471171875
25.099947915
24.951484375
24.34817417
24.674791665
24.811614585
24.55484375
24.575208332
24.525677082
24.530390625
24.709453125
25.021796875
25.535520835
25.860755207
25.981328125
24.886067708
24.01466146
23.507421878
22.329791668
22.352630207
22.585
23.067604168
24.367890625
25.056614582
25.203463542
23.21184896
21.575625
22.576640627
23.321484375
23.162812497
22.7146875
22.767421875
22.08822917
21.709973957
21.625598957
21.58731771
22.012317707
20.935651043
19.53734375
18.915104165
18.985052083
18.504791665
18.75846354
19.499348958
20.065
19.426171872
18.633359375
19.879375
19.827213545
18.417890625
18.718854167
19.643854168
18.901979165
17.74140625
17.30268229
17.443619793
18.874583335
19.831354167
19.428932293
20.065234373
18.69591146
17.01171875
15.930651042
16.710390623
16.162265625
15.441276042
15.341015625
15.812552082
14.956510418
15.61375
16.496015625
17.421744793
18.172760418
16.181223957
15.432552082
14.102447915
13.85734375
14.71609375
16.420494793
13.613776042
12.553864583
12.35486979
13.760625
14.67580729
15.31502604
13.472552085
12.60439323
12.769114582
11.528544271
9.414166668
9.702783856
11.194080728
13.589218748
14.49184896
9.637197915
8.173138021
8.613088542
9.14323698
8.100294271
7.911856771
7.988429688
8.306260417
8.513026042
8.505341146
8.485414062
9.028611979
9.766239584
10.243138019
10.549706041
13.21591146
12.66280469
10.673411459
10.146622396
8.574539062
7.513979167
6.837520834
7.581335937
9.760859375
9.382921875
8.850184047
10.115064363
9.114873471
9.099536458
10.974445635
6.976109306
5.564648646
4.894250171
5.91670008
6.530528059
7.678556993
7.286275588
7.005859201
6.82757936
6.553383536
6.878750879
7.471715618
7.602672577
7.351939022
6.64086537
6.35099027
6.300729361
6.358142542
6.631595093
7.095455298
7.206007372
6.723920404
6.277005823
6.130457009
6.265653098
6.289283347
6.039367922
6.008478949
6.359568165
7.114821492
6.947421327
6.659804863
6.795959796
7.202711707
7.805146535
8.533249917
8.558705264
8.963080557
8.375642646
7.662427607
7.394716026
7.912511884
7.799020511
7.811524461
7.452168942
7.463372131
7.940901472
8.189688551
8.324049298
8.743756051
9.115956958
9.290583502
9.276269569
9.901184267
10.923082953
11.806099135
12.105619382
11.730350768
11.100413378
10.318078015
9.972591246
9.527300092
9.736736268
10.599996028
11.027715338
11.60282007
11.268569665
11.54573117
11.432111222
11.69415625
11.86893085
12.401742182
12.850836678
13.026547935
13.287493258
13.327694835
13.465312548
13.650385578
13.842019713
14.091384418
13.76792153
13.788203478
13.63910994
12.832389782
12.301392725
11.952979022
12.54191751
13.55377632
13.634648832
13.099706422
13.428907452
13.507967205
13.090265352
13.483993605
14.481343868
14.83661729
14.420947345
13.812424125
13.82461171
14.246231638
14.711347582
15.274988858
15.061753305
14.999376352
14.827070372
15.322627058
15.767308242
15.42803232
15.51765352
15.371797315
15.474376728
16.085613393
16.401580828
16.55808773
16.71200049
16.93144866
16.989658093
17.026765095
17.15944053
17.5500337
18.163522955
18.731087475
18.53831181
18.226529475
18.129935707
18.123012802
17.86440636
17.444194795
16.969398258
17.001074848
17.178472683
17.309653285
17.524079355
17.874937272
18.212156343
18.448408572
19.033279345
19.323976268
19.106080832
18.90496913
18.258557392
18.081053753
18.18302887
17.804441548
17.343733215
17.379163695
17.958749485
18.738079867
19.23537684
19.803052782
20.66678235
20.60973764
21.12185283
20.586312758
20.622509825
20.812678575
20.847355485
20.904967685
20.859286537
20.840432558
20.825417082
20.848657688
20.743948045
20.709278555
20.961642412
21.160794303
21.457828452
21.775310488
22.06312199
22.07804507
22.16958635
22.619878048
23.238889562
23.666725232
23.95825167
23.98238102
24.035090158
24.084014175
24.17787782
24.38859963
24.587994218
24.583462543
24.616435095
25.022876865
25.069727395
24.884858947
24.74386051
24.66014755
24.757008515
25.086909255
25.202985353
25.26266646
25.531022015
25.74503271
25.650729617
25.479446272
25.376846387
25.457643815
25.58737904
25.737954268
25.671887008
25.05315023
25.104571277
25.296105897
25.313658007
25.381915837
25.49892004
25.623190815
25.724438388
25.746227045
25.826829377
25.908709472
25.85787871
25.815525847
25.836032927
26.925785958
25.448930545
25.58251244
25.740047473
25.806107217
25.870788767
25.98457482
26.031525622
26.17546793
26.231316352
26.229894105
26.37466962
26.616018503
26.775398802
26.79706953
26.625957038
26.16335268
25.901950128
25.659836075
25.579816122
25.619438162
25.446413005
25.186346815
24.718198495
24.16244548
24.478770685
25.076788635
25.438424637
25.566026217
25.501925753
25.490412627
25.492979785
25.58947755
25.6215353
25.363350442
24.933174273
24.517934045
24.45254013
24.838485193
25.241983308
25.513784415
25.875568632
26.010506005
25.500720552
24.310112293
23.9717099
24.167657648
24.147554662
24.018517078
23.999966837
23.978223152
23.57898302
23.915984795
24.397628978
24.65684343
24.571191532
24.371640815
24.458471742
24.259737177
23.589904915
22.697214853
22.261277545
21.96081768
21.439118885
21.254142025
21.260505703
21.309459675
21.58334477
22.12660643
22.783604187
22.34226262
21.202347625
20.603420097
20.475302118
20.370423442
20.684787023
20.09520334
19.873545952
20.543651673
21.26841042
21.884635277
22.05691863
21.94476529
21.56817943
20.403457945
19.66805183
19.450382585
19.549663365
19.802049377
20.225281338
20.335169205
20.448520535
20.52403503
20.35570391
20.138963227
20.371386208
20.848034623
20.648807653
20.163822433
19.99416482
19.757751447
19.494058835
19.383006965
18.967597967
18.035447663
17.6971073
17.282455253
16.680609298
16.465231593
16.208703487
16.16990314
16.46754553
16.422710447
15.1160777
14.14846633
13.96660464
14.734747462
14.837365443
14.26298204
14.002259875
13.326298103
13.718217008
14.17431762
13.652527548
12.997084682
12.272955675
12.124656247
12.405037068
12.41809978
11.9142343
11.716727428
11.061784598
10.200523128
9.447128374
9.453895249
10.18572163
10.16499008
9.898733458
9.270172462
8.678175169
9.148053235
9.256188812
7.513959433
6.50329929
6.395200333
6.759764889
7.260573374
7.621353474
8.195745458
9.829413362
10.467374602
9.916139755
9.814842128
9.70621829
8.966681778
9.118272452
8.085084102
10.387085447
8.214462378
6.089676088
4.611105486
3.925947038
3.050157228
3.042682161
4.559542397
7.548530551
8.133943006
8.29007027
7.5661535
6.73781625
6.74296125
7.77195175
7.627893
8.63630375
9.71159875
9.57268525
9.2897125
9.68072925
8.80608725
9.2176835
9.00159525
7.293471
6.583468
6.403394
7.1391225
8.0240545
8.60028925
8.7649275
7.705067
7.15455725
7.11339775
7.77195175
10.0820355
10.997837
9.8865275
8.47166525
9.57268525
12.07313225
12.15030675
10.9772575
9.56239525
8.68775325
8.919276
9.917397
11.50718725
12.510453
13.4519795
12.72654125
12.45385875
13.4725595
12.212046
9.901962
9.59841
11.4094335
13.46226925
12.4898735
10.8589235
10.83834325
10.61711075
11.69240575
13.86872075
13.15871725
11.93936325
13.80698125
14.506695
13.323356
11.430013
11.56378175
11.16247575
11.527767
12.58762775
15.149814
16.23539925
17.29011425
18.082437
18.46316375
17.9332335
18.1493215
18.55577275
16.693697298
15.326605108
16.143424479
15.318714113
14.921620752
14.877797027
15.260097044
15.452706773
15.448270557
16.476158355
16.689475013
15.802450402
15.173675134
15.577165467
17.358785613
18.656494983
18.441518207
17.046011539
17.589823624
17.521470203
19.052351592
20.040955813
19.658944827
18.722880297
19.125606057
20.390450153
19.904808893
18.681490778
16.728185322
16.715691082
16.780142991
18.559228812
16.935910715
16.050940386
17.912528393
17.125622643
15.366789549
15.516886772
16.652948422
16.830910938
16.530636042
16.714992949
17.483314853
18.564852054
19.243943855
20.166753662
20.430409232
20.736800344
20.168315902
19.734678146
20.51821161
22.299532167
21.563759911
21.943831155
22.004147147
20.584168142
20.460163594
19.800373157
19.466062056
19.212026527
19.06588256
20.128813082
22.343518497
23.41949067
23.151996249
22.153461272
21.868416779
22.28206748
22.326053756
21.452362022
21.88649866
22.450581407
23.376444952
23.604754935
24.1174665
23.3868835
23.644131
24.2563805
24.652542
25.04870325
25.37283525
25.6969675
26.3246515
26.92146625
27.23016275
25.97993975
25.8513155
26.6384935
25.09608859
24.068855562
24.101305269
24.059845778
23.382634138
23.575723652
24.469792486
25.318783431
26.071773835
25.450068602
24.695742487
24.873095415
25.359515138
24.768553798
25.375387498
25.692953655
25.94394897
26.018273093
27.20443825
27.50799075
27.79610775
27.904152
27.93502175
28.06879025
28.06879025
27.7549485
27.80639775
27.8269775
28.017341
28.17168925
28.439227
28.66560475
28.67074975
28.2745885
28.428937
28.8096635
28.5884305
28.77879375
28.81995375
27.999760083
27.86813725
26.700233
26.3143615
26.386391
26.29378175
26.6642185
26.3092165
26.03138925
25.588923
25.91820025
26.185738
26.53044975
25.57863325
25.27508075
26.1908825
26.684798
27.12211925
27.031359346
27.289181208
27.6416195
27.405565
27.283689417
27.198339958
25.949174917
25.671788583
25.528166167
25.579720375
25.734142042
25.701173292
24.86442075
24.416452625
24.455666583
24.228581208
24.620158083
25.043189583
25.288133042
24.502403083
23.170696292
22.766136375
22.781429083
22.75776225
22.747680875
22.605221333
22.281743042
22.211657
22.74270525
23.798636333
24.432033
24.755723333
24.002397958
24.71484175
25.268391667
25.892312417
25.632148375
25.098234125
24.79532275
24.362071167
23.608607292
22.018413458
21.234272042
21.409733458
21.656933667
21.736305667
21.8057535
22.551044
23.05414425
23.369663875
23.472293
22.973449292
21.397099292
21.382116333
19.780776417
18.57422875
19.086915333
20.649999333
21.780504375
20.433226458
18.632754333
17.895945375
17.84974375
18.019160375
18.575561917
19.725515292
18.634437083
17.381371542
16.587653875
15.978408167
16.295482958
15.012075417
13.272816667
13.472328958
14.039232958
13.24615625
13.574198667
15.123361417
15.340306
15.43359025
16.872902042
15.482215667
14.365746125
13.267833958
12.567564347
12.810597292
13.604573208
14.286986167
14.396467
15.319303458
16.0180365
14.907177315
16.528928212
15.338698446
12.732187411
12.084417997
12.166131557
11.020203448
10.862149108
11.804302436
12.232109782
11.562654138
12.284221041
13.64443113
13.255012196
11.912718941
12.300291498
12.616176758
13.237176942
15.074616837
11.733447617
10.053827974
8.398015286
6.847629885
7.654881297
7.944037301
8.374306894
8.482538671
8.183292873
8.156277941
7.562115014
7.734814274
9.061001753
9.582443297
11.020302942
11.805305652
11.055410973
8.280701208
7.302448592
6.941997792
5.801847779
4.936675822
4.193557229
5.165421982
6.004542635
5.109484004
3.314903078
4.899785875
4.339290025
4.188772455
4.481642612
4.890391875
5.569435883
7.112916
7.560609685
7.527420983
8.257498742
8.480372658
6.69738835
6.249531033
6.352633867
6.127046517
5.020909702
3.900987583
3.897967443
4.715784674
6.485865125
8.499203163
8.597854302
7.60395009
7.266294226
7.322237006
8.453550728
9.165357152
8.485143808
8.222138598
7.530298977
8.36926619
9.015890833
8.432454408
8.230878916
8.047729454
6.954087913
6.317260742
6.198096862
6.388569783
7.423790192
7.504146011
6.556631165
5.810369314
6.503960026
8.017982675
10.13165105
10.620681433
10.066151681
9.551020817
11.175582914
11.669569005
6.328990025
5.77032975
6.304769192
8.018042025
8.30670085
8.882395058
9.244461569
11.149966286
11.228624584
10.838257267
11.449991708
11.960144368
12.51156213
11.75058109
11.189852668
10.927889127
11.652411831
12.585122806
12.955238758
12.116274375
11.534968619
11.06791279
12.375801282
13.187747036
13.129347826
13.038888889
13.474178948
11.87762375
13.35809872
13.4214152
14.79995725
15.268145838
15.22857304
15.862181809
15.705732842
14.662016893
14.703948862
14.821527778
15.214204545
14.318315609
12.909375
14.352834815
13.330208333
12.956332917
14.251878258
12.779145133
11.86481435
12.67433335
13.306820883
14.44670597
16.36916775
17.7222905
16.376184195
15.074678808
14.89879971
16.379458
17.320984
16.47206675
16.1736595
14.89771125
14.372926
15.916412
17.18721525
16.1685145
15.798078
16.79619875
16.759333659
17.040515087
17.765061221
18.467640917
19.341496083
19.795856083
19.80966675
19.50045725
19.828561917
20.642089917
20.817690167
21.284029623
21.29407
21.349179978
21.95930875
22.34179375
22.917780417
22.377610859
22.246008583
22.542766583
22.860553406
23.493569214
22.54335571
22.2136825
22.771078221
23.3854475
23.880708417
23.333426083
23.654307917
24.33268825
24.5649455
24.685909917
25.091621917
25.28664421
25.678747978
25.889062833
25.030867333
23.950541333
24.20332825
25.00199725
24.30377675
23.842842417
24.824120583
25.068277583
25.569898917
25.4577505
25.61979275
25.933635
26.00566425
26.0982735
26.10341825
26.1239985
25.73298175
25.33167525
25.21334125
24.84290475
24.42616375
24.53935275
23.7213055
25.0950075
25.7689965
26.185738
26.29378175
26.10341825
25.52203875
26.453275
27.240453
27.266178
27.451396
27.96074675
27.909297
27.79610775
27.59545475
27.008434197
27.085992802
27.325778553
27.39258339
27.484480342
27.597988687
27.63132202
27.838593101
27.772097927
27.539299634
27.854996187
28.007309778
28.080147093
27.791144855
27.270511427
27.199401753
27.170360523
27.140587288
27.295854414
27.518189983
26.870617962
26.257617343
25.879166667
25.406775362
25.551041667
25.569886364
25.897708333
26.249725877
26.4475
26.29129902
25.89985119
26.051864035
26.250012255
25.867916667
25.7
25.474007113
26.152847222
26.257323232
26.535274176
26.811960251
26.313704333
25.659882333
25.078401772
25.157704932
25.486731446
26.114494833
26.449905752
26.643787283
27.411043
27.4340895
27.50156325
28.254009
28.0276305
26.987364803
26.84738275
26.432932389
25.544215491
25.617814048
25.695830167
25.297241861
24.717792679
23.960989461
23.050184469
23.311234391
23.800193393
24.001764472
24.259397909
24.438278455
24.64841675
24.891629536
25.141441548
25.189286083
25.213716167
24.175019222
22.401639636
22.254476893
22.61838975
22.942161397
21.800052719
20.448233417
20.756649689
21.205127917
21.953843583
22.587546639
22.778321175
23.243079139
23.617904583
23.774230075
23.675417869
22.648082697
22.903629028
22.50021625
21.456464262
20.056787522
19.469968222
18.893784289
18.447334706
16.83367925
17.250694444
17.073029891
17.527083333
17.699232456
17.689583333
17.261041667
16.965277778
17.225
16.946017157
16.738480392
16.654385965
16.770208333
16.935416667
16.947083333
17.766761364
16.843959618
15.835174724
15.302670083
15.037111944
14.938680083
14.985833222
15.058315639
15.295475333
14.770696601
13.869171601
12.635163306
12.6179745
11.907075111
10.240711194
9.375854083
9.635497649
11.051082251
11.431890917
11.257291667
10.635396081
10.965514069
10.485279942
10.389305507
11.733654537
11.730747086
11.882282619
10.83593289
10.212642885
10.037063542
10.134169389
11.4078125
12.151058115
10.3135585
9.6498595
10.26427779
9.473359422
10.015432749
10.052589764
9.50013309
9.265251464
8.796107562
8.497374605
9.477979725
9.904151733
9.207598587
8.907708842
8.767741831
8.823592133
9.251501892
9.7584865
9.918458358
9.521741208
9.247840787
9.267241675
8.957097642
9.0499437
10.501577328
11.064334692
9.792267483
8.744652167
8.145699608
8.407835158
8.287607325
7.345257758
6.531377265
6.918604883
7.219545761
7.834661895
9.011547963
8.9089865
7.8902855
8.312174267
8.48520545
8.581073233
7.969769883
7.843337958
7.777839225
8.2562196
8.583064725
8.5497773
8.468469908
7.367302889
7.145909142
8.138396483
7.327778967
6.950098775
6.624249383
6.365147017
6.915930375
7.0946752
6.437469667
6.139067808
6.043378953
7.429337158
8.89606115
10.344583225
10.999682483
10.616507
10.127503333
9.215981925
7.629385933
7.184373317
7.345751317
8.0714658
8.727951075
8.4713223
9.231492142
9.445048133
8.048973842
8.006024458
7.587891442
7.115382292
7.435724908
8.063077942
8.6261547
9.386186792
9.303209292
9.196982258
9.295094042
8.526978283
7.118369542
6.836109458
6.942692325
6.628301267
5.706592758
5.516917583
6.006367021
7.1829672
8.246092733
9.5087964
9.538491075
9.258799797
10.439925842
11.849665225
12.190468359
11.471482435
10.973810119
10.994431083
11.364156742
11.691139617
12.367861342
12.265155919
12.537952065
13.325870358
14.421230167
14.206302483
13.811312833
13.924237517
14.656064275
15.0974124
14.356245092
12.962782117
12.744557258
12.82273965
13.62300935
14.274409692
14.76329855
15.492115092
16.079242025
16.508583708
16.758563608
17.576576067
17.656328133
15.975809967
14.769344792
13.290503042
14.435210868
15.727680306
16.555445517
17.222349167
16.628220405
16.295753341
16.8865147
17.182509273
17.291498
16.91967775
17.356999
17.6862755
18.37055425
18.62265725
18.54358575
18.366543917
18.092727
17.989828
17.89207375
17.72743525
18.087582
19.6722275
20.1044035
19.615633
18.62265725
17.40844825
16.95054725
17.43417275
18.40656925
19.7699815
20.6343335
21.267163
21.38549675
20.814407
20.61889875
20.56744925
20.62918875
20.47484025
21.7199185
22.450502
22.54311125
22.90840275
23.1450705
22.97528725
21.683904
21.6273095
22.38361775
22.759199
23.103911
23.44862275
23.053481935
23.339027583
23.04220075
23.118173333
23.576044667
23.138075667
22.629218
22.250644167
22.560612583
22.341296529
22.428534583
23.4181805
23.47883175
23.286978667
23.628473
23.848250917
24.239124333
25.35790225
25.598292917
24.88896575
24.314227833
24.57072625
25.100803833
25.422213884
25.711682446
25.732654167
25.741387333
25.467256583
25.596775167
25.816353167
25.8635385
25.93886975
25.717753333
25.612690083
25.77241675
25.861455167
26.309930833
26.4534325
25.87010575
25.771989167
25.973969
25.863110667
26.286572583
26.816684583
26.994885583
27.122776
27.26389775
27.1758115
26.81538075
25.948958333
25.2875
25.079166667
24.859375
24.822916667
25.219791667
25.913541667
26.253125
26.30530303
26.511458333
26.621875
26.563541667
26.20625
26.352853261
26.664929183
27.030434783
27.242708333
27.25625
27.436458333
27.690625
27.876041667
27.764583333
27.413541667
27.404166667
27.755208333
28.085909091
28.191666667
28.08125
28.189583333
28.212907609
28.11254529
27.625
27.14375
26.698958333
27.229166667
26.848214286
26.426041667
26.727083333
26.222916667
25.435416667
25.947916667
26.21875
26.333333333
26.479166667
26.4875
26.430208333
26.5
26.464583333
26.439583333
26.664583333
26.822916667
27.017708333
26.65625
26.209935897
26.781458333
26.585416667
26.473958333
26.460416667
26.421875
26.20625
25.711458333
25.960416667
26.017708333
26.455208333
26.554166667
26.653125
26.513541667
26.529166667
26.533333333
26.517708333
26.677083333
26.569791667
26.05625
25.054166667
25.191666667
24.957291667
23.401041667
22.157291667
22.3
23.047916667
20.345833333
18.086458333
17.804166667
18.703125
20.635416667
20.016666667
18.835416667
18.929347826
19.28754529
19.083333333
19.229166667
18.075
17.736458333
17.634375
14.645833333
14.082230392
15.042725642
15.062719308
14.231905779
11.80719075
11.299642857
11.255561987
11.70676905
11.790088925
12.538935683
13.477327775
14.685496492
14.270939283
12.68473735
12.641009517
13.259664542
13.294005525
10.716281775
9.831028117
9.8393757
9.9414622
10.183109075
10.9163435
11.051932936
11.654148217
12.576529075
13.674239167
12.527537492
11.619357692
11.228794417
11.131690821
11.398571858
11.110068958
10.792423933
10.739331392
11.382998292
10.7643211
10.042552158
9.831133383
9.933207217
10.947656017
11.167397833
10.496653908
10.7070611
11.099713225
10.102957742
9.204130775
9.493699858
9.570774483
9.610344358
9.268736275
8.718809875
7.997066242
7.508625883
7.295137233
7.604475817
8.382489242
8.8417756
8.488702825
8.711579142
9.35732225
10.126993633
10.339457217
11.149749642
10.760185308
9.548891567
8.630281667
8.171635929
9.007357083
9.447908483
8.876096
8.63552085
8.487636642
8.236638492
8.087718158
9.480241292
10.816493867
9.756168217
8.658421683
8.708442267
10.159291633
11.226821892
10.512308992
9.295880542
9.498973875
8.495979475
7.984618467
7.75547555
7.740924675
8.124216842
8.155397653
8.15439195
9.183380542
9.236481792
9.70308515
8.8011316
8.673046975
8.690061711
8.438011627
9.11759151
10.113441675
9.759305858
8.257452825
7.40136665
7.175370108
7.883582342
9.338573042
9.289587
8.630333892
8.563690975
8.229359492
7.683583925
8.180400367
8.807393475
9.696842275
10.234240175
9.723877342
9.399482402
8.183695652
8.777083333
9.714583333
10.211458333
10.211458333
9.614583333
8.73754529
9.44375
9.908333333
11.355208333
11.66875
11.495833333
11.632291667
11.103125
10.913541667
10.933333333
11.221875
12.407608696
12.608333333
13.821875
14.511458333
14.134375
13.042708333
12.642708333
12.609375
13.161458333
13.83125
15.494791667
14.842708333
13.221875
13.421875
13.975
15.170833333
15.501041667
16.370833333
17.541666667
17.597916667
16.447916667
15.84375
15.484253247
15.620700075
15.779261364
15.380397727
12.352048583
12.860589083
14.50591925
16.102608
16.773263889
17.111458333
16.252083333
16.11875
16.167708333
14.620833333
13.519791667
12.807291667
13.63125
14.217708333
13.353125
14.442708333
14.723958333
15.615126812
16.436956522
16.5875
17.166666667
17.157291667
16.769791667
17.342708333
18.119791667
18.379166667
17.68125
18.294791667
19.275
20.154166667
20.889583333
20.716666667
19.461458333
18.995833333
18.923449833
17.87573275
18.066530417
17.735997667
16.904333417
17.189777667
18.893862167
19.760488408
19.177299
19.575909142
19.660488408
20.063490942
20.31108085
20.752829317
20.952502558
21.886285483
22.143423975
19.435319292
21.057089312
20.955103235
21.065513225
21.360642
22.123958333
22.168303571
22.307532685
22.686116601
23.379667208
24.129166667
24.503125
25.033333333
25.348958333
25.297916667
25.340625
24.172916667
23.5125
23.573958333
23.796875
24.113541667
24.3375
24.729166667
25.177083333
25.377083333
25.14375
24.389583333
24.613541667
24.097916667
24.669791667
24.323958333
24.625
25.091666667
25.607291667
25.834375
26.096875
26.463541667
26.847916667
27.2125
26.991666667
27.183333333
26.969791667
27.051041667
26.725
26.735416667
27.235416667
26.879166667
26.620833333
27.196875
27.261458333
27.540625
27.471875
27.5625
27.660416667
27.769791667
27.696875
27.577083333
27.522916667
27.397916667
27.5875
27.719791667
27.622916667
27.572916667
27.595833333
27.058333333
27.09375
27.255208333
27.008333333
26.323958333
26.021875
25.95
25.514583333
25.064583333
25.290625
25.925
26.751041667
26.707291667
26.963541667
26.976041667
27.044791667
27.370833333
27.50625
27.558333333
27.54375
27.185416667
26.721875
26.05625
25.657291667
25.607291667
25.705208333
25.616666667
25.688541667
25.695833333
25.878125
25.91875
25.828125
26.49375
26.46875
26.707291667
25.588541667
25.135416667
25.464583333
25.694791667
25.835416667
25.9625
26.019791667
26.1
24.546875
22.753125
22.357291667
22.421875
22.76875
22.88125
23.105208333
23.40625
23.554166667
23.34375
22.8375
22.334375
22.152083333
22.315625
22.330208333
22.383333333
22.517708333
22.7875
23.134375
22.533333333
21.333333333
20.897916667
20.954166667
20.122916667
19.872916667
19.771875
19.398958333
19.648958333
20.138541667
20.647916667
20.864583333
21.154166667
21.332291667
21.489583333
20.357291667
20.2375
20.717708333
19.782291667
19.237228261
19.717708333
18.891666667
18.9625
19.941666667
20.853125
20.39375
18.608333333
17.663541667
14.654166667
11.628125
10.485416667
10.958333333
11.670833333
12.378125
13.080208333
12.991666667
13.239583333
13.8875
14.590625
15.070833333
15.744791667
15.871875
16.471875
16.585416667
15.10625
14.771875
14.601041667
15.111458333
14.876041667
13.713541667
13.505208333
13.469791667
14.236458333
15.286458333
16.197916667
15.329166667
13.7875
14.190625
13.823958333
12.860416667
12.660416667
12.089583333
11.951041667
10.77567402
9.708478738
9.642708333
9.677395833
9.089583333
9.130208333
9.336458333
9.282291667
9.425
9.428125
9.641666667
10.782291667
9.884375
9.010416667
7.866666667
7.4875
7.288541667
7.086458333
7.553125
8.552083333
8.072916667
8.048958333
8.451041667
9.663541667
8.080208333
7.447916667
7.564583333
8.3625
8.584375
9.153125
8.922916667
7.147916667
