20090901
20201231
3.03700246
3.022451553
3.010567814
3.009364811
3.002058127
2.989445953
2.976519683
2.961324893
2.942594216
2.926917059
2.917666793
3.3942311
7.67194741
8.671790831
10.124729737
10.454502127
10.886648562
10.92572305
10.920666088
10.926895683
10.912965801
10.941049912
10.925424092
10.899094751
10.889466535
10.852203622
10.772870344
10.50023223
10.098032738
9.745144132
9.285080928
8.449351446
7.83097005
9.207654311
9.579723613
9.581240718
9.506361507
9.869833229
11.56428342
11.810123663
11.887103467
11.93300346
11.947467221
11.953300349
11.966414874
12.009565226
11.954598397
11.94335021
11.950617985
11.954207943
11.9653325
12.193257011
12.205760878
12.221278023
12.217196781
12.205727265
12.186224067
12.181898064
12.30161771
12.381148109
12.396794682
12.397438065
12.399438072
12.370845259
12.363603976
12.352083408
12.337851875
12.317184087
12.292280026
12.289473563
12.264581519
12.256232325
12.247209663
12.222958974
12.207328452
12.176481336
12.148785456
12.099270099
12.061756061
12.051821265
12.039461848
12.034582671
12.012088115
11.963291817
11.91621716
11.8320891
11.765750367
11.720423742
11.686219114
11.651227698
11.77187823
11.716620522
12.028939855
12.047997417
12.035939497
12.033596259
12.03810731
12.039473035
12.033391388
12.016486084
12.011915307
12.010623099
12.020800633
12.040911677
12.018237765
12.001000409
11.996818485
12.001157973
12.004808525
11.979207389
11.984515286
11.990316453
11.989582749
11.990676232
12.105334159
12.243359528
12.252559555
12.26009602
12.279787464
12.286353094
12.298023515
12.293359955
12.365798081
12.362921075
12.358017647
12.351633555
12.339737896
12.339094767
12.305400748
12.162796619
12.153406123
12.158885438
12.15715944
12.132787886
12.13688021
12.280362686
12.279987213
12.287871008
12.291937867
12.305116055
12.320268612
12.306945919
12.402853985
12.43117789
12.430402421
12.425745553
12.434286087
12.426963486
12.437277007
12.427638601
12.454166203
12.456280527
12.463402927
12.463552164
12.465380467
12.478185593
12.484714879
12.498045258
12.489196519
12.479386456
12.493783591
12.503603658
12.505333828
12.486816979
12.50311446
12.514031846
12.503890598
12.509928163
12.505532268
12.50867594
12.513830668
12.503745181
12.510022577
12.517203079
12.528471172
12.539358339
12.536091978
12.535142057
12.532636254
12.552110729
12.554223056
12.539455307
12.546302961
12.550672968
12.56017333
12.557374551
12.554423076
12.55097601
12.560839576
12.57998755
12.577539246
12.583598029
12.581768646
12.583626367
12.589462135
12.592215916
12.585314615
12.575095287
12.579161651
12.561556204
12.569706845
12.571264247
12.597172622
12.606779864
12.598840066
12.601839289
12.618422018
12.595904499
12.597128666
12.598498979
12.601996125
12.595395755
12.590376178
12.585234971
12.599463227
12.608282543
12.593743246
12.579641083
12.57379882
12.569949934
12.56706357
12.550666733
12.528729242
12.475425695
12.382949053
12.224643262
12.004384064
11.821224129
12.253662158
12.589669685
12.614599158
12.615931267
12.626444109
12.63230509
12.654589658
12.650130339
12.653162124
12.646768735
12.634303871
12.621389318
12.582578754
12.510173958
12.39417708
12.25901124
11.980815124
11.719279767
11.239192676
10.564474895
9.519858088
8.400286619
7.854942579
7.811887006
7.624180679
7.33755484
10.045476771
12.244252955
12.438094132
12.459770306
12.496742948
12.521168123
12.527517952
12.508667412
12.488286699
12.414044038
12.264654432
12.011719595
11.622987151
11.143929051
10.387530418
9.300956982
8.346824425
7.527216762
6.930810605
6.606396966
6.222983556
5.920718693
5.624982465
5.275951486
4.912129167
4.582061406
4.253937637
3.941549125
3.738312749
3.606528645
3.465161535
3.336543785
4.242965632
12.420317738
12.48040763
12.511764492
12.488563845
12.444291291
12.352039314
12.113159418
11.864215183
11.529168016
11.060320663
10.368145759
9.573284621
8.709829272
11.977461639
12.322348232
12.310910148
12.262286616
12.215022236
12.418337278
12.586351609
12.627012
12.636747639
12.612833191
12.588027729
12.605509611
12.687942904
12.702661041
12.717200618
12.739282196
12.738551002
12.721370934
12.68016364
12.578307604
12.378546658
12.124332159
11.820354815
11.320880153
10.624831327
9.643188611
8.446980535
7.398256494
6.541041454
7.020732685
6.82844067
6.160278185
5.218344099
4.481355633
4.021739562
3.709821496
3.476049965
3.281438854
3.136347541
3.04717786
2.954901947
2.881745874
2.827585731
2.790075518
2.747331652
2.708368831
2.670420829
2.62875037
2.60101388
2.58109321
2.56552266
2.551590997
2.53386545
2.513517412
2.493460086
2.476065153
2.458414726
2.443156441
2.439540456
2.422353873
2.408775403
2.398330543
2.394540601
2.389401012
2.386953576
2.386238087
2.398258668
4.021984376
5.128637666
5.266856913
5.126926505
4.906557441
7.263443702
12.47974339
12.531626786
12.560176309
12.584279848
12.620669646
12.650675225
12.668802331
12.657288209
12.622966871
12.608848037
12.577522468
12.524274713
12.451523129
12.362548762
12.247407658
12.310331425
12.282733908
12.099054785
11.833397931
11.537797187
11.15097607
10.79338869
10.422864398
9.984975476
9.501172865
9.11019452
8.736464174
8.387558839
7.99779585
7.538264571
7.082488764
6.878164515
10.352652805
10.294694342
10.213820418
10.141723649
10.065560699
9.981988027
9.891682192
9.823407142
9.718245552
9.626993439
9.476905538
11.236227737
12.435923371
12.481448142
12.527298415
12.541826976
12.536631233
12.502742605
12.474837595
12.472007403
12.460235614
12.443157615
12.421578368
12.399325675
12.352956476
12.297164215
12.254570435
12.191102294
12.117281116
12.042711196
11.95517415
11.905359513
11.837325267
11.854087609
11.824377186
11.761735637
11.797485999
11.873060343
11.818841034
11.765574746
11.734637196
11.718708476
11.701239859
11.612522648
11.575960303
11.397651154
11.288471018
11.193107302
11.129384954
11.058728902
10.884870614
10.803223262
10.733086041
10.697996576
10.569104931
10.418386696
10.329651623
10.234015372
10.182801721
10.103973309
10.025914712
9.962957443
9.777500041
9.692271709
9.630923243
9.62521757
9.535993791
9.44655917
9.520385602
9.53705804
9.61547247
9.603008499
9.537190204
9.450243793
9.398149462
9.332412451
9.200915594
9.169369523
9.172861473
9.250626268
9.316526419
9.223425252
9.628608626
9.618108779
9.672605807
9.661475348
9.60978468
9.631846565
9.592680165
9.50480753
9.439967941
9.380578606
9.249121961
9.159253469
9.135138285
9.116442315
9.139173848
9.105522152
9.137184636
9.047910159
9.002786055
8.86685924
8.832151927
8.844376622
8.722017448
8.710276676
8.680662079
8.650926995
8.63144517
8.656131195
8.623337295
8.506717946
8.473021982
8.310574466
8.250873724
8.24042888
8.281712905
8.465913212
11.618036418
12.729736475
12.763850262
12.78962865
12.492926659
12.548194097
12.862024597
12.865817083
12.86992577
12.879524847
12.888330318
12.906892069
12.901098418
12.90550862
12.905681249
12.877163037
12.8709673
12.878878695
12.865538201
12.863447276
12.872540685
12.869819819
12.820239988
12.807368945
12.791076198
12.778282185
12.763823728
12.73561865
12.717701593
12.699008525
12.69315214
12.677119282
12.658860206
12.640825028
12.61302852
12.567381795
12.53376718
12.495273718
12.469813666
12.456265342
12.403735084
12.337514326
12.253635511
12.174203882
12.082578788
11.886186005
11.68322643
11.52241712
11.208417847
11.052535905
10.946613888
10.820029259
10.754558764
10.605022877
10.335126991
10.023072822
9.774327601
9.204040417
8.811337756
8.459686973
8.100468743
7.804247823
7.47628844
7.121635619
6.792179801
6.527659739
6.246797819
5.994446689
5.787029405
5.621621892
5.458586612
5.299682818
5.105881588
4.982180152
4.938555122
4.883283214
4.809985868
5.111461533
9.320193584
9.562512589
10.453685221
12.322938636
12.517441319
12.410928818
12.314183077
12.263073009
12.209023318
12.116206645
11.969294448
11.769317738
11.437036601
11.003634675
10.501172809
9.918535513
10.359798741
10.887000187
10.73884077
10.604478985
10.381391679
10.067794428
9.709970671
9.318673989
8.843701259
12.171853719
12.964991957
13.013284902
13.040167269
13.029361363
12.994814518
12.934877282
12.83714994
12.616398904
12.08332992
11.154477437
10.165902953
9.335205588
8.39825789
7.52601122
6.814430724
6.264054361
5.74198886
5.251869682
7.239666045
4.490786633
4.209991354
3.938718088
3.674404636
3.429005428
3.241156863
3.160127498
3.099311491
3.049977951
3.006866627
2.969726645
2.938682491
2.915189368
2.900271425
2.889071052
2.881586212
2.876936572
2.872927898
2.868991193
2.863294367
2.861077629
2.85880508
2.854450472
2.851946287
2.849885979
2.845771487
2.844850632
2.842851819
2.842154393
2.841123884
2.839902945
2.838439096
2.8369768
2.834033089
2.844870785
2.858319387
2.871327456
2.877311129
2.875328628
2.870263741
2.862570335
2.852991619
2.845901177
2.8402839
2.837556128
2.836071046
2.832470983
2.833128915
2.832307775
2.831397956
2.830468587
2.830834449
2.830365616
2.829911403
2.829706143
2.828528528
2.828482814
2.827358671
2.826425386
2.825118853
2.825791947
2.825053944
2.824393168
4.207914512
7.547880691
8.093575144
10.789261151
11.513471995
11.855302275
11.957832775
11.94058326
11.791336561
11.568699032
11.273409492
11.036244092
10.649205373
10.128539617
9.477033269
8.784216615
8.004141402
7.124051632
6.190351827
5.454545779
4.946417359
4.682802006
4.550316845
4.449577067
4.361124344
4.286065029
4.222235244
4.160148955
4.098593999
4.041963092
3.979692239
3.932038487
3.885133142
3.831810852
3.775356814
3.740320737
4.974634096
8.227877046
8.257942519
7.867887359
7.286182922
6.645361253
6.195362619
6.350491305
6.056983014
5.482309271
4.858183188
4.389943278
4.027692293
3.721247017
3.558078638
3.484597455
3.429529494
3.385931195
3.34729324
3.303736204
3.274045983
3.245146237
3.533968936
8.679733753
12.936449767
12.955501145
12.97020947
12.949565754
12.921743833
12.88220757
12.810127668
12.711538908
12.526406741
12.287940635
11.994084866
11.77544514
11.756039031
12.339869284
12.21761728
12.03704189
11.77129079
12.322536637
12.677169436
12.714237966
12.730876936
12.718482092
12.701483855
12.660727552
12.573242336
12.460547583
12.348712328
12.250824599
12.616519477
12.906313229
12.927435427
12.926407187
12.930489436
12.919782513
12.904682512
12.877822297
12.841359533
12.776361549
12.671199908
12.576707194
12.524787115
12.420480588
12.473415222
12.729160068
12.706083137
12.671775978
12.662811203
12.692985399
12.697121487
12.680738528
12.670102588
12.652442586
12.638646666
12.624906879
12.752631398
12.874951144
12.883657698
12.877179696
12.874807233
12.868274677
12.870810484
12.843571771
12.826116418
12.812283204
12.818069351
12.850525582
12.845841785
12.844520134
12.818173624
12.816944707
12.835785161
12.948953483
12.948423833
12.952372947
12.945027049
12.928271183
12.92080261
12.914778424
12.909787379
12.884873583
12.875747038
12.855724091
12.83869087
13.471326363
13.43637293
13.381207548
13.355400671
13.306923813
13.250638061
13.184425827
13.116824496
13.045502481
13.302260626
13.331052926
13.281194489
13.239669075
13.213420009
13.160109748
13.143341663
13.076592899
12.974279227
12.894888154
12.795439002
12.644190442
12.54665457
12.430343159
12.5404353
13.323361082
13.41125114
13.46096075
13.496677815
13.490351192
13.495585691
13.5131585
13.496588192
13.490929765
13.501366401
13.502888973
13.50907119
13.489692032
13.478788041
13.473120833
13.439503886
13.468394865
13.44362814
13.431838561
13.429988716
13.444414525
13.456314695
13.464136646
13.461272734
13.478315593
13.502650662
13.517671985
13.533013663
13.526081346
13.530027962
13.513216725
13.488238427
13.445638922
13.413874315
13.41871364
13.439512202
13.378427548
13.278400388
13.146055246
12.969270174
12.732808127
12.522786731
12.38846932
13.150593847
13.278587462
13.206111684
13.503410762
13.552894476
13.587490747
13.622599296
13.651462681
13.68112673
13.676298577
13.662582553
13.722844376
13.773297623
13.785752824
13.798248967
13.815849701
13.817657535
13.813741897
13.787608994
13.76136798
13.715551642
13.628206279
13.472361089
13.298267521
12.994833622
12.488583346
13.270560227
13.55118515
13.444153822
13.309517484
13.212461896
13.12426625
13.028098333
12.836591675
12.481705929
12.045051928
11.714156039
11.487071281
11.248375985
11.269469006
10.748935812
10.078938962
9.436299296
11.953771897
11.786619238
11.536638468
11.097038511
10.524935273
9.581996225
8.729638445
8.156741993
7.541977044
7.035538412
6.571288163
6.114215809
5.71601917
5.378086997
5.11451137
4.965514069
4.834631244
4.748314514
4.684475936
4.611093662
4.528155459
6.264169246
9.257549981
9.231032698
9.188399493
9.136394233
8.983659797
8.778110917
8.513167227
8.22852698
9.267480909
9.316565897
9.329520796
9.311458259
9.261163528
9.173180641
9.02544044
8.793761942
8.505239005
8.54466813
9.369615224
9.316667961
9.155375815
9.263319917
9.359393503
9.342140238
9.264040618
9.387660994
9.493367635
9.947210671
10.321357328
10.572443612
10.653955627
10.522804886
11.595647731
12.478443249
12.486443644
12.455989033
12.35989283
12.120261335
11.626646606
10.92916024
10.209266647
9.683220843
8.795081246
7.62187264
6.540518702
5.630740665
4.882336425
4.391731021
4.207730185
4.110453732
4.01524007
3.925471697
3.845925774
3.764216103
3.691962931
3.634897772
3.590270561
3.565671361
3.959565165
8.235922698
7.983844535
7.357246687
6.219240736
4.72169389
3.728989968
3.586158387
3.564640897
3.554013745
3.54451055
3.533636252
3.525048039
3.518231724
3.514089547
3.50972445
3.508116832
3.505615495
3.503838992
3.503858354
3.500754043
3.499118801
3.498061469
3.49770268
3.497445981
3.496833619
3.495370673
3.494432162
3.493552203
3.493163383
3.501458458
3.508126022
3.50856165
3.506247446
3.504304768
3.498436409
3.491723749
3.492680827
4.684276543
8.164423776
8.223178107
8.305723456
8.265712094
8.185652946
8.084365563
7.939053828
7.834554083
7.768688015
13.404909033
13.593862211
13.519330615
13.365313388
13.106647973
12.79325475
12.44292569
12.006172795
11.511344639
10.923062793
10.296045273
9.677994778
8.824371497
7.729820086
6.784666285
5.824606488
4.943408114
5.603582559
4.046203788
4.005021641
3.985157
3.938692789
3.853568531
3.758194575
3.68204332
3.632980755
3.597364727
3.572804074
3.553567856
3.545218386
3.539333033
5.713684718
8.324452026
8.326016623
8.340606625
9.894727301
11.652791866
11.651772059
11.637253992
11.615527412
11.580678097
11.509419791
11.399917204
11.247804137
11.088781163
10.910063841
10.812728018
10.754217096
10.715263069
10.631734193
10.343944648
10.062331808
9.799075608
9.368802212
8.968573971
8.664320955
8.491260135
8.307965441
8.255145966
8.129233616
7.906438247
7.489403797
7.240342578
7.066541304
6.905578784
6.77360959
6.609689009
7.782112523
6.48157084
6.418932068
6.244753728
6.113422225
5.937606945
5.845105489
5.81471288
5.859435388
5.775115899
8.7008684
9.398582867
9.24613763
9.099564312
8.973755668
8.86951213
8.72579119
8.639397427
8.661004089
8.56527947
8.502467856
8.490822253
8.269591035
7.904136884
7.822547317
7.663379914
7.43846474
7.267500335
7.299537523
7.319242238
7.422739585
7.325516891
7.421713907
7.201057834
6.897723119
6.878365695
6.761188604
6.674155961
6.505001156
6.209339567
5.99886771
5.89017269
5.945997049
5.981252668
5.999629423
6.067142414
6.087434732
6.090971145
6.181291384
6.083798151
5.914491898
5.915166501
5.946476082
5.826951576
5.717968624
5.73870549
6.08583964
7.157385862
8.717838468
8.94097319
8.99695006
7.736137146
7.715977939
7.690295283
7.669218869
7.673906355
7.667817664
7.619485248
7.628947558
7.728152301
7.887420919
7.919883905
7.957620506
8.001886057
8.263426034
8.686094806
9.08557372
9.440374765
9.718110858
9.917256064
10.055858188
10.134074662
10.156486157
10.188381876
10.198561857
10.181181523
10.174560172
10.194533888
10.249897608
10.328200147
10.521333578
10.520639789
10.527954879
10.535005679
10.547095668
10.564748498
10.574635336
10.586584663
10.627238175
10.66019618
10.651630886
10.687031615
10.695969359
10.722563266
10.924046772
11.359859574
11.686429521
11.887138819
11.99607354
12.036761557
12.036236291
12.172874669
12.380158925
12.373553236
12.376854203
12.394752155
12.403499057
12.442133937
12.444206459
12.439566302
12.421329754
12.406434088
12.400403331
12.403602825
12.347828255
12.313972346
12.307207553
12.28985812
12.300375105
12.304887087
12.289755821
12.284399346
12.281379506
12.282589734
12.283469425
12.281878665
12.230926196
12.21600881
12.183206658
12.151526432
12.104490057
12.054412811
12.008953251
11.992989928
11.905748743
11.848048366
11.808438581
11.796738361
12.030793208
12.123477433
12.129036095
12.11056466
12.267130407
12.347667802
12.375040588
12.395270314
12.431222767
12.445509382
12.461577831
12.472127109
12.491594757
12.504125884
12.521445255
12.528780692
12.527016327
12.53541428
12.515909353
12.523911555
12.572542465
12.567737969
12.576309313
12.572257376
12.56891511
12.543534071
12.521801144
12.510546936
12.511365494
12.578176185
12.590012114
12.607784628
12.600953334
12.605754517
12.577511636
12.550247833
12.534425214
12.517138162
12.516494033
12.488377339
12.467019036
12.479370157
12.476937114
12.437490686
12.398262212
12.333130065
12.262795264
12.283737038
12.418103642
12.425846166
12.424691483
12.436838962
12.431610828
12.542095864
12.571929813
12.594948171
12.604681791
12.605223841
12.59756106
12.59017727
12.579954976
12.567986163
12.566353395
12.594218672
12.602136076
12.583700995
12.548052599
12.541678435
12.60348514
12.640873876
12.63918971
12.619612948
12.617261549
12.621288962
12.558110752
12.42447424
12.247038532
12.012143291
12.178306133
12.04954886
12.076933605
11.876292064
11.608169168
11.313545129
10.825269919
10.294851467
9.768521235
9.254971158
8.809101491
8.388872354
8.018997516
7.460016927
6.815301724
6.265499263
5.85511102
5.527663709
5.221932691
4.922824699
4.614859415
4.295938289
3.930411818
3.572273343
3.208938691
2.89398138
2.772164136
7.287332442
6.965048719
7.290127076
7.400729501
10.074398858
10.621738856
10.666652427
10.696593946
10.721619932
10.728932654
10.709648672
10.667931512
10.759347683
10.767983263
11.931991911
12.508691237
12.519965496
12.519802704
12.520951876
12.512679506
12.475041469
12.377939375
12.231038065
12.057076964
11.828463299
11.491960079
10.982155861
10.60127218
12.015934833
11.697067206
11.315861467
10.796839622
11.396863443
11.382702358
11.262422245
11.22520563
11.156638458
11.124233
11.039349743
10.854260511
10.567619398
10.163955214
9.690599791
9.081397129
8.247256141
7.282707444
6.331887401
5.720957586
5.19503021
4.708151898
4.23081056
3.775387249
3.413036366
3.026871876
2.748908726
2.568470946
2.459561599
2.396929452
2.360073199
2.333022408
2.314955209
2.303953814
2.673316083
7.057559755
6.757380789
6.307534013
5.768965259
5.139983964
5.602849364
5.429314315
4.960899783
4.609410718
4.18846608
3.762306141
3.46193505
3.214835774
2.933992773
2.603789092
5.858479599
7.100802809
7.057856869
6.976330953
6.88970403
6.784465501
6.619609229
7.117804183
7.101944472
7.048581036
6.948444555
6.827067402
6.672936734
6.537276223
6.314269726
6.056803376
6.971057564
7.16963493
7.150528033
7.141139839
7.13327732
7.124302791
7.1182334
7.106989145
7.078536601
7.039522278
6.965795176
6.862099087
7.021049932
7.184243518
7.19279013
7.212253721
7.276639799
10.106254316
10.430332619
10.433496903
10.429887681
10.43404143
10.472725124
10.510559536
10.50464794
10.505088961
10.503224254
10.5088511
10.517481281
10.500144898
10.445804616
10.419705849
10.498652524
10.506071204
10.508638133
10.456347421
10.397000471
10.311280194
10.291722695
10.185225896
10.37061302
10.414903202
10.458283242
10.463247514
10.451041446
10.45102611
10.438112312
10.435292128
10.441569634
10.438401742
10.448699447
10.436875114
10.381900865
10.390490525
10.437970842
10.432983872
10.444690333
10.451930828
10.469410112
10.47723048
10.490418312
10.513454979
10.52298157
10.529897926
10.541128711
10.540133317
10.550744219
10.573166224
11.931290334
12.400297669
12.405530119
12.417755478
12.427866485
12.426002441
12.438505301
12.43778112
12.431328808
12.414039419
12.402286923
13.298519863
13.279061626
13.250857208
13.226614846
13.201135392
12.978645856
12.953811678
13.113103988
13.135951341
13.156030582
13.151476138
13.13273158
13.115659978
13.053816536
13.017660228
12.982711923
12.92658053
12.875846933
12.812254898
12.731756919
12.648121665
12.535089567
12.438798364
12.76748726
12.336458822
12.337908129
12.240250473
12.072271058
12.667136921
11.946094834
11.962619089
11.918660853
11.80958674
11.958988588
12.874103638
12.890046125
12.438629016
12.408528988
12.829178127
12.831711491
12.854104118
12.463272475
12.887774013
12.899197893
12.905688019
12.907928183
12.904623079
12.909675252
12.882906896
12.859806456
12.867624068
12.79307808
12.731643984
12.648376681
12.553866187
12.4496633
12.344304585
12.235945074
12.188247025
12.07666819
11.875770185
12.400909579
12.754048214
12.739253689
12.742597842
12.741824923
12.718394623
12.709401047
12.688535108
12.656713358
12.563077888
12.446517963
12.334160195
12.550632179
12.928184397
13.135410571
13.167532694
13.182952557
13.181678948
13.172628918
13.133597958
13.086587959
13.009353036
12.900862814
13.020268369
13.161023871
13.131714438
13.084974134
12.997333768
12.851257729
12.578996796
12.388411197
12.125046176
11.379789939
10.865974107
11.699419407
13.02432586
12.959321422
12.861315911
12.714656309
12.418376917
12.009535493
12.20128652
12.587043392
12.444942837
12.279057417
12.020564371
11.793635529
11.335256554
10.720531134
12.058263349
12.073616567
11.998469503
12.00332377
11.88491474
11.76456238
11.646753746
11.39034303
10.99031308
10.582115598
10.128429899
9.611957346
8.964676253
8.254290035
7.457034691
6.695687181
6.089787173
6.344065706
8.056749087
7.626260043
6.825477913
5.820654022
5.477381859
5.147367398
4.917746245
4.779082406
4.650752114
4.558821995
4.481509714
4.415480963
4.348991485
4.285366275
4.525195911
9.530679375
9.543506313
9.507670935
9.483943015
9.471785258
9.381305184
9.207549568
9.008375878
8.759596639
8.45008806
8.150962066
7.875190167
7.314840591
9.052255145
9.229637841
12.843233868
13.367857405
13.373798033
13.411362899
13.44202041
13.46680646
13.461553568
13.445242017
13.388626113
13.278890307
13.097203876
13.279626958
13.372003479
13.351774626
13.290479665
13.340694782
13.349320869
13.332687072
13.271065983
13.163973009
12.926108887
12.542967365
11.737790798
10.559039252
9.691451326
8.991108247
8.411794619
8.013163845
7.688853078
7.379544163
6.996586407
8.213551453
10.684424882
9.413078856
7.071565751
5.305825843
4.685088799
4.39487277
4.168147406
4.244252731
5.97751925
6.160514549
5.252650998
4.052187835
3.642448297
3.488745895
3.386867223
3.322921042
3.277460612
3.245124379
3.224852809
3.21701784
6.22806766
8.023585153
8.000564608
7.905080198
7.643519328
7.181883355
6.436038174
5.468327227
4.442945758
3.71715302
3.343572141
3.268905484
3.244976255
3.223945077
3.209594561
3.197635463
3.194250005
3.18652995
3.187914867
3.186323105
4.973840821
3.180793637
3.178160313
3.177260689
3.174531028
3.172931061
3.170921562
3.172290673
3.170498394
3.166804786
3.165322045
3.177801575
3.190049259
3.189396826
3.175591015
3.173267019
3.168816014
3.166756439
5.379963859
7.972072513
7.88465303
7.760069815
7.601835996
7.286750208
7.63584986
7.853346949
7.694272169
7.552844802
7.48805574
7.326843092
7.04048056
6.854857674
6.65778084
6.367732902
5.870184769
5.178267754
4.497691281
3.845818913
3.384337174
3.244173442
3.203628626
3.187453457
3.175001851
3.17025101
3.166384671
3.158174491
3.151681337
3.150249625
7.403234755
7.585278959
7.058304527
6.555942536
6.201387431
7.954410215
7.901703057
7.987114063
7.96043481
7.910953531
7.802577036
7.627912922
7.461133174
7.274730645
7.19588819
7.050883701
6.835918151
6.744137693
6.68990148
6.608368964
6.335992487
6.03555
5.553397939
5.116283834
4.78235074
4.427445262
4.155820133
3.99474702
3.869845358
7.859575769
7.980816512
7.962567082
7.935121294
7.898197803
7.82390155
7.748661686
7.549954255
7.316917526
7.167414859
7.040674889
6.953971461
6.821337873
6.994024008
7.426306587
7.374929521
7.292987355
7.290955629
7.932518173
8.039437192
8.393956838
6.458815597
8.845119417
9.110376987
9.356228886
9.584280166
9.761202001
9.723650766
9.694709934
9.712498374
10.009969874
10.173675663
10.205021695
10.227893926
10.270555724
10.257361476
10.193659261
10.176936108
10.185634421
10.268838181
10.450849036
10.543801312
10.542161891
10.593348881
10.824921716
11.401708892
11.583801968
11.610165837
11.638365921
11.65587909
11.662411874
11.646618351
11.649973623
11.65664059
11.676197949
11.682293216
11.679623005
11.654633993
11.721580838
11.737985753
11.804089993
11.813867447
11.537199822
11.553142397
11.572818125
11.572549249
11.574466413
11.563457084
11.551397745
11.801926179
11.586561614
11.815585726
11.834619257
11.831542344
11.829158856
11.819273922
11.81133545
11.802438408
11.764739965
11.951247204
12.001788289
12.017906918
12.036102122
12.046306147
12.062781855
12.073118276
12.084878832
12.061119666
12.116838419
13.22570529
13.362846831
13.365955104
13.364024443
13.354302339
13.341421234
13.321665896
13.307399453
13.305462467
13.270776638
13.233150003
13.194511664
13.143506356
13.101879545
13.0285126
13.070940888
13.139032374
13.099928149
13.01304783
12.947847069
12.933167595
12.833487792
12.726805586
12.835415872
12.939678011
12.844315367
12.69141954
12.662793448
12.851896242
12.980876911
12.984807589
12.999905141
13.010894363
13.023698619
13.035493614
13.032238295
13.104859927
13.331407698
13.354225363
13.376268835
13.398969444
13.45200637
13.457843617
13.461419095
13.444282001
13.422818987
13.414518818
13.398177527
13.390101299
13.394657104
13.38415743
13.3686883
13.360629432
13.477165638
13.465069054
13.471976368
13.444051724
13.380695009
13.303634867
13.44302241
13.39804201
13.265119926
12.971735798
12.832693058
13.099015676
13.033124019
12.710954398
12.352235391
11.566776052
10.887251394
10.363836462
13.121759591
13.333698333
13.369116695
13.391926044
13.415566632
13.422429156
13.423626045
13.381449588
13.288743182
13.323449803
13.345468394
13.313347343
13.229312484
13.000586533
13.179380837
13.429797673
13.429212746
13.41922653
13.393709764
13.303652613
13.073720679
12.732935815
12.806370246
13.481035712
13.511601222
13.548275156
13.578767033
13.599055668
13.604564314
13.592158051
13.584669157
13.61583695
13.634519345
13.636953083
13.651233965
13.65112608
13.652538478
13.669363569
13.667845025
13.662166324
13.680155158
13.689064814
13.684666845
13.686176498
13.685489254
13.692029634
13.700053783
13.694379675
13.694501027
13.69200657
13.688790365
13.680844171
13.677668912
13.65930143
13.637654161
13.576407769
13.500257165
13.39042957
13.264331804
13.056973506
12.929769017
13.652464655
13.657391281
13.657781254
13.676274401
13.686192486
13.703058873
13.703415588
13.713454804
13.703306924
13.689464841
13.669205598
13.569787657
13.38679356
13.090288701
12.61187427
11.80343412
10.784231121
9.816549175
8.813013898
8.160805663
13.357855907
13.526871083
13.529319983
13.516797684
13.522768923
13.591891154
13.608835329
13.616527003
13.612770794
13.598644815
13.532644799
13.374728863
13.074708701
12.532303412
11.857205732
11.143558087
10.364175256
9.520877899
9.494245831
13.480763453
13.508339825
13.504217442
13.506227039
13.47334217
13.324366702
12.983798815
12.382353736
11.644259075
10.899754255
10.220443735
9.477530471
8.912291147
10.610427284
11.110966721
10.574917073
9.74897003
8.546963223
7.332578395
6.263268379
5.591840319
5.088962068
4.806776291
4.994982313
7.719873291
7.330057814
6.287524697
5.199646567
4.433116547
4.377041148
4.358878793
4.362210731
4.278222364
4.232357283
4.142584049
4.037839301
3.946746308
3.87201374
3.844203681
3.795181211
3.743570854
3.691448428
3.643465678
3.600268487
3.559290149
3.524878174
3.492618016
3.462569908
3.431926303
3.424300987
3.434064242
3.42968322
3.425827261
3.411512392
3.385510224
3.408300442
3.446921247
3.469563248
3.454734642
3.401722445
6.477431918
8.149877101
8.140718692
8.1016291
8.022111441
7.935926723
7.781301758
7.616111683
7.468779465
7.290630149
7.122029875
6.81869909
6.588733976
6.384620954
6.230397133
5.886327178
5.799970796
5.677283757
5.475727308
5.126604638
4.924950118
4.754584269
4.450526318
4.145510043
3.855543511
3.596695866
3.432194499
3.38367805
3.348593947
3.324321685
3.309269892
3.3003719
3.995493288
8.125402379
8.113503431
8.091587163
8.067324718
8.04735895
8.078013663
8.061869998
8.506432538
11.371271704
11.388797849
11.399712918
11.425582734
11.44424722
11.469143724
11.487018628
11.487616879
11.483480869
11.478349272
11.47647427
11.475806098
11.418447225
11.353772402
11.286900462
11.475249723
11.515040817
12.514578404
13.39862551
13.413792737
13.42242058
13.419184726
13.390387719
13.374910487
13.3331196
13.337064094
13.397850948
13.515344636
13.52749604
13.529552215
13.538123239
13.539191693
13.547484694
13.550519923
13.105241163
13.54084274
13.541555687
13.531842124
13.528989845
13.517895828
13.520920928
13.506492683
13.523759539
13.54970463
13.563206483
13.56771652
13.55641962
13.5474389
13.547034348
13.542824757
13.537364229
13.536644284
13.525906781
13.504921976
13.483708733
13.467798359
13.517599573
13.580278862
13.572062723
13.578171345
13.578991236
13.584295339
14.693771213
14.681075371
14.684128598
14.67931513
14.674000733
14.663406384
14.669416808
14.663891875
14.674037237
14.673265185
14.676477098
14.681138048
14.675795076
14.668730353
14.666465899
14.661571605
14.657611324
14.643810717
14.637901291
14.632033993
14.620852785
14.615723723
14.608902704
14.593891866
14.595829882
14.580256184
14.556017011
14.543777122
14.505740173
14.471946849
14.424304128
14.388018317
14.625548084
14.639202931
14.640219974
14.635563847
14.642572871
14.641141305
14.619406808
14.600807653
14.588717938
14.581262066
14.563381041
14.530076299
14.512438924
14.483499799
14.391470638
14.283566754
14.199442587
14.13755512
14.087803978
13.886042164
13.658407873
14.519174421
14.643616769
14.644927136
14.642948922
14.648986257
14.656049711
14.653032926
14.68117093
14.682949868
14.685908233
14.687494499
14.677931988
14.665791816
14.666917124
14.690432305
14.707491108
14.711969903
14.712676965
14.723259888
14.721120389
14.716470837
14.714452877
14.673918325
14.600182928
14.549614774
14.500185655
14.334531941
14.170760714
14.047411589
13.956757891
13.630175189
13.364184422
13.260936868
12.950049223
12.791206545
12.706223652
14.136300895
14.457742449
14.160240709
13.871043378
13.514441412
13.080353712
12.446759049
11.76689977
10.983278124
10.355760884
9.81501712
9.771859066
13.409550818
13.263870081
13.199270949
13.127770079
12.986373729
12.775374452
13.856748386
14.455391953
14.503178982
14.535857577
14.569247937
14.603562933
14.614423326
14.611587083
14.608517427
14.615939027
14.657147438
14.677232042
14.691280182
14.723826436
14.732687065
14.73704991
14.726114921
14.720592145
14.684305497
14.575803204
14.415403928
14.238102524
14.210429618
14.117717364
14.031736104
14.718547495
14.719470191
14.71173518
14.668027488
14.664584917
14.719017812
14.733455207
14.737008877
14.753501392
14.767662244
14.762856482
14.764082162
14.777031166
14.781232509
14.759228624
14.776233104
14.793291298
14.800590617
14.809025539
14.811709689
14.832910704
14.846273866
14.845181458
14.844418466
14.849154497
14.840960046
14.831559174
14.805728996
14.666142608
14.436784354
14.142211448
14.808923778
14.839790554
14.845998321
14.850655296
14.84658636
14.819938679
14.743174429
14.813348377
14.70080288
14.45554166
14.067064311
13.499036287
12.598551078
11.489750152
10.649714282
13.534155205
13.107504431
12.504009851
12.14057
11.68797449
11.32845896
10.602660569
9.75685203
8.966460257
8.287671671
7.842714688
7.990274699
12.161060713
11.905862274
11.495873349
11.079065355
10.424047269
9.012069866
11.547650941
11.514813021
11.366982272
11.067909834
10.603808016
9.999390519
8.816826055
7.264868828
6.399652009
6.084006116
5.862029057
10.047096072
10.189566776
9.500750909
8.018832735
6.79520507
5.715708088
5.341064766
5.131992409
4.968757806
4.844554479
4.762742812
4.694665657
4.620667376
4.541594163
4.489262949
4.449283007
4.422702819
4.403249649
4.394200827
4.384040338
4.381127489
4.374005484
4.371072615
4.368595551
4.366398157
8.600641449
8.950902665
8.336312874
8.047075778
7.929663018
6.945797542
5.496448845
4.656991925
4.497526943
4.458751899
4.423494283
4.396586497
4.389504243
4.687097075
5.372056016
4.917482925
4.532989173
4.452800173
7.844482745
5.845582515
5.822709993
6.164610849
7.051395298
6.526817577
5.941645153
8.990385049
7.787482844
9.204234993
9.224176015
13.916386785
14.572447496
14.591732671
14.58371241
14.520691938
14.395858688
14.28340959
14.634523997
14.642649255
14.640482157
14.617051049
14.561759095
14.456743685
14.332623368
14.180527058
13.959434516
13.731527186
14.25504003
14.073116072
14.168756689
14.001266205
13.753775843
13.43608885
12.979064598
12.480579838
11.92243505
11.81074632
11.642009509
11.219662153
10.558238471
9.733243874
9.222867187
8.752818646
8.462908804
8.236278972
8.004895155
7.832897167
7.719681176
7.692507512
7.655814204
7.607959981
7.553646385
7.493392161
7.441534456
7.389591827
8.012977773
14.545496592
14.569968683
14.590652948
14.593152799
14.602769571
14.602400895
14.598884439
14.57634926
14.569740043
14.551440688
14.532840106
14.512992206
14.486243843
14.445872089
14.367248631
14.229972561
14.010944897
13.848981888
13.740151641
13.7408958
13.563919631
13.365753381
13.231523466
13.05117458
13.057552421
13.105767627
12.92304181
12.706362777
12.52743184
12.435643257
13.840654689
14.214025924
14.178494514
14.15722077
14.12900005
14.092247336
14.056272946
14.041709788
14.037390289
13.995153622
13.945893136
13.871865827
13.80529163
14.01681003
13.995763308
13.628873889
13.617681759
13.59804047
13.768063116
13.748703884
13.80060005
13.862989538
13.974670283
13.966523654
13.911270149
13.874210617
13.798263696
13.648887813
13.569356039
12.866531977
12.949833857
12.831444447
12.652575505
12.459217763
12.336499215
12.482572106
13.033348423
13.172145661
13.155779214
13.082768829
12.996992862
12.815958441
12.799177211
13.257271925
13.805699592
13.844443243
13.868265083
13.891821611
13.903229118
13.920786224
13.949588671
13.966668773
13.98217981
13.982994248
13.980232068
13.970831147
13.962144087
13.956404485
13.937422246
13.919871655
13.89353321
13.857240746
13.826043358
13.786069193
13.783578732
13.833933991
13.785200031
13.694476023
13.587910334
13.542662774
13.527834661
13.394771966
13.444820962
13.999058457
14.0463844
14.04741837
14.056094154
14.072132553
14.085486852
14.120908764
14.122023775
14.114416469
14.123597284
14.102223018
14.085317398
14.07746726
14.087554407
14.088830516
14.053454462
14.002737373
13.937202438
13.813848408
13.786268918
13.845551794
13.667893969
13.466694609
13.405785559
13.26471876
12.978466001
12.760890069
12.726033617
12.617144545
12.500092379
12.471675036
12.586915446
12.470459487
12.309181901
12.029872742
11.582301443
11.021471789
10.72866604
10.341216813
9.869619657
9.678815617
9.585680213
9.751476456
13.784282729
13.822523652
13.830638775
13.84843212
14.000661102
14.025414109
14.04394739
14.057108237
14.069969869
14.051250297
14.008272941
13.899054253
13.713161676
13.382407151
13.062510529
13.47212596
14.131740056
14.139899165
14.144877838
14.148445781
14.152897879
14.150057104
14.143376531
14.135554786
14.126470218
14.130528192
14.118570577
14.102484989
14.145707919
14.152368759
14.167263124
14.170065313
14.18157543
14.188391644
14.191487005
14.179103616
14.167032682
14.131287695
14.039564287
13.92626653
13.757075812
13.563945066
13.446195726
14.131430137
14.057093855
13.920730672
13.690121537
13.32644122
12.610224313
13.877024748
13.80371731
13.991586495
14.058060853
14.076005774
14.086613058
14.090271429
14.092544571
14.087352985
14.072854041
14.013789941
14.113102787
14.086878186
13.998671302
13.796120503
13.527924235
13.886766357
14.055757479
14.066185472
14.087056896
14.092811892
14.071274706
13.96215713
13.800479037
13.560763161
13.113648266
12.572610894
11.870693126
11.094551279
10.601712578
10.026819315
9.386692717
8.918845472
8.753831213
8.542230122
8.28930341
8.077918586
7.89535049
7.671420524
7.461191002
7.264521318
7.088662668
6.901456118
6.685460104
6.777886449
11.345445643
11.276270644
11.530592719
13.986524205
13.994286334
13.962123631
13.8902583
13.789801797
13.855705691
13.589772748
13.057817741
12.102820015
10.671747212
9.286376128
8.905206343
12.497488923
12.161120299
11.392649486
9.935263289
7.805162538
6.409198694
5.747822945
5.319077225
5.166787449
5.070983325
4.976221596
4.890760739
4.816965666
4.735641297
4.644458214
4.567603683
4.514193836
4.487030025
4.415919325
9.09958964
8.872178519
10.188167415
10.708238978
10.789839785
10.893071819
11.06968269
13.229362449
14.01653708
14.067040528
14.087831298
14.106892948
14.110046249
14.164653944
14.166112411
14.150571753
14.079091639
13.951635271
13.887700898
14.18633615
14.189898914
14.1823161
14.176405374
14.149965001
14.058083002
13.856972893
13.591307583
13.256488761
12.835425108
12.473497314
12.178255394
11.604028051
10.587022181
9.768262166
9.120305205
8.606007815
8.210248139
7.886988425
7.588188069
7.332316314
7.11115661
6.865094069
6.594753775
6.318642892
6.10769275
10.704163811
10.707546045
10.586599208
10.451277292
10.242870745
9.968909626
9.603354896
9.209207781
10.641756516
13.813781149
14.03136377
14.061255257
14.092907481
14.105468308
14.104598179
14.109129551
14.129869742
14.169225852
14.177582044
14.187564175
14.180342194
14.176145914
14.153534466
14.125248103
14.101486659
14.042569211
13.969625556
14.074879449
14.043949066
13.999336121
13.940343102
13.840391288
13.731240675
13.771094549
14.115947156
14.118279216
14.126475878
14.125678793
14.116365743
14.081087229
14.038665611
13.998266336
13.935101478
13.840548164
13.797151608
13.74348004
13.605722638
13.538985394
13.467050149
13.215084356
13.0414349
12.93119891
13.013119897
12.944533818
12.88517967
12.806648131
12.695022575
12.714405481
12.681753392
12.379132086
12.454971201
12.119508114
11.723527481
11.494217275
11.341717671
11.119062574
11.029603829
10.964517767
10.835406805
10.679790182
10.608658204
10.576193405
10.446701358
10.253229984
10.179457565
10.131080755
10.088368401
10.131673777
9.747041865
9.585184359
9.411508668
9.30045755
9.269125445
9.223522507
9.181709863
9.088489535
9.021616162
8.941548924
8.866450895
8.812613276
8.796121771
8.774758725
9.383646085
13.066645534
13.169018961
13.222558529
13.554308526
13.661522213
13.71685473
13.751317828
13.761318532
13.774806528
13.781106058
13.781046613
13.772552452
17.050468636
17.052643809
17.055426811
17.053618472
17.052091979
17.323160221
17.33434379
17.342858898
17.339021155
17.340414607
17.329601154
17.304124224
17.306917359
17.299501082
17.280071778
17.048910161
17.042657769
17.036435402
17.026666811
17.246085773
17.245622906
17.194757412
17.134070258
17.088050544
17.045803588
17.016538956
16.990906934
16.89488098
16.788951012
16.696602929
16.666420148
16.549020989
16.425468935
16.334113549
16.229254726
16.066934491
15.96408189
15.930575323
15.930409066
15.978257633
15.830161608
15.687459091
16.829022822
15.64126975
15.778562055
15.991909912
15.856767736
16.439390508
16.827397377
16.923128886
17.270654969
17.443806503
17.467353961
17.496078965
17.523665008
17.545144925
17.564825982
17.588117207
17.618721196
17.637267208
17.648557311
17.657132823
17.659647561
17.660152997
17.653244832
17.647216127
17.641452403
17.645257573
17.639438046
17.632310035
17.606244927
17.57974326
17.550400563
17.511753273
17.474370511
17.385311412
17.399357025
17.384340827
17.309184871
17.243670607
17.159545199
17.13008002
17.10679837
16.978956913
17.106050337
17.634390514
17.672331927
17.691418844
17.698863308
17.704112183
17.692590301
17.686867098
17.7004332
17.687151423
17.671752439
17.670130582
17.649084709
17.633630755
17.637911708
17.611821437
17.558464572
17.498828191
17.448925363
17.260479499
17.075449302
16.969158525
16.941719171
16.749042181
16.463964793
16.247610243
17.476084457
17.667316187
17.685803489
17.702739951
17.705149027
17.721119802
17.726396969
17.722807545
17.710801758
17.697239318
17.674852353
17.679519573
17.745177
17.757913983
17.760757615
17.759047398
17.754657295
17.720670481
17.659428417
17.530822033
17.376663994
17.203324752
16.963104272
16.726796652
17.392079434
17.746942961
17.758254988
17.759522424
17.76743006
17.781821399
17.793208996
17.792656257
17.797016971
17.788434082
17.792182026
17.809454315
17.815611213
17.811500393
17.777313293
17.692641926
17.515904909
17.228162734
16.643402089
15.595642829
14.749976597
14.769647243
14.943329582
16.688332918
17.263616034
17.107982711
16.88088037
16.516572745
15.941091196
15.418273388
14.168096469
12.788311461
11.819323588
11.299390248
10.906436905
10.579119435
10.825827025
13.218884946
12.731393956
14.435390542
14.361003894
17.114240301
17.546059802
17.547128955
17.524995039
17.477661481
17.439860808
17.479547977
17.464795661
17.445530156
17.415501552
17.358135951
17.241735623
17.04418004
16.716011229
16.246699196
15.66851949
14.789522955
13.77419121
12.80840212
12.118154218
11.666433459
11.357810613
11.05047672
10.739794892
10.465201054
10.028566521
9.485236207
9.026223044
8.651863988
8.475774111
8.324070394
8.19376401
8.076954131
7.94595359
7.840911108
12.37662653
12.626176818
12.572184884
12.401925995
12.015252175
11.37346489
10.503198691
9.243961361
8.194480743
7.927216878
7.989416049
7.897058415
7.770406179
7.717531711
9.352387022
12.40160058
12.416389034
12.195287515
11.650236124
10.164239523
12.349866569
12.434634767
12.293642527
11.98302982
11.356458108
9.958866359
8.405439025
7.816395969
7.711002373
7.655908148
7.608482692
7.57270985
7.533853911
7.498969832
7.469706214
7.45061659
12.924286858
17.55052276
17.584772647
17.615411508
17.641142383
17.649055207
17.650774925
17.656722959
17.65409268
17.636497848
17.606007039
17.608030987
17.620242062
17.605522765
17.57308065
17.490811823
17.345704654
17.611856464
17.68422644
17.6970286
17.710638948
17.719633967
17.732309748
17.735182069
17.740259955
17.738810226
17.742898402
17.741599986
17.734712062
17.727507283
17.702549345
17.655312401
17.572464449
17.74793976
17.77529744
17.788699273
17.79054038
17.778095828
17.780147103
17.786197162
17.785089976
17.772924499
17.768202431
17.763253664
17.763898613
17.773884571
17.784727333
17.780406704
17.776334686
17.776024086
17.76574595
17.772660215
17.773838558
17.776430346
17.776612684
17.773117954
17.767458097
17.765501081
17.771645223
17.772272179
17.764543674
17.763903246
17.757633823
17.755934817
17.754544656
17.740679027
17.737906492
17.721030982
17.710604377
17.712446599
17.70992579
17.704865188
17.701789088
17.703948361
17.696625521
17.680701963
17.675418714
17.66944085
17.664539497
17.654566056
17.646991741
17.638475188
17.597013499
17.57837322
17.555443061
17.523784954
17.518844125
17.539336511
17.664784213
17.671540719
17.682846015
17.683455822
17.686836756
17.695371322
17.693543919
17.698144787
17.7053787
17.706478187
17.703243515
17.709971381
17.714955596
17.722352654
17.723639998
17.726914378
17.722098169
17.726233574
17.719575147
17.725023633
17.72002758
17.71466887
17.718400699
17.708316686
17.708440522
17.725754965
17.732555475
17.730665247
17.726307797
17.721310207
17.730202286
23.867993806
23.861433711
23.86670301
23.872432479
23.878327527
23.880473527
23.890185723
23.884488058
23.881464584
23.869844336
23.873886767
23.878498385
23.880047102
23.87984636
23.877909
23.878749745
23.878372708
23.875152813
23.86604867
23.860425419
23.856127071
23.859702274
23.85085187
23.847501692
23.843876956
23.837748746
23.837479935
23.831162465
23.827503911
23.819468972
23.811740811
23.819508113
23.827996533
23.828808628
23.829533606
23.817008944
23.809858849
23.820530001
23.816004861
23.810838762
23.804134027
23.806600311
23.806186043
23.806040739
23.806703859
23.79943426
23.786446424
23.784608512
23.778515361
23.769172658
23.773869071
23.777234667
23.766545039
23.762640489
23.749096887
23.748593492
23.743283811
23.732987289
23.719495924
23.716055219
23.715817161
23.708645241
23.698735766
23.701161953
23.697149976
23.695838345
23.697603382
23.714123227
23.710974544
23.80925779
23.817041893
23.832869357
23.833438366
23.840550965
23.845261843
23.845660824
23.848407613
23.849569861
23.852696494
23.849855435
23.850537018
23.848874583
23.859716849
23.851306962
23.845108028
23.831937914
23.806420806
23.781972836
23.819321816
23.82203143
23.817984579
23.811413357
23.794703159
23.835418319
23.860840134
23.870956291
23.883595461
23.890399124
23.889185468
23.885988466
23.866313154
23.811459179
23.815385128
23.871058334
23.886643625
23.892533252
23.896660489
23.899667438
23.893162037
23.887668592
23.848100493
23.718676159
23.828830101
23.885378354
23.893061814
23.885690261
23.834506953
23.611276803
23.382127228
23.638835782
23.898003228
23.912894468
23.916541391
23.926787565
23.927833451
23.932273846
23.926398127
23.930897262
23.938217625
23.931135743
23.939442508
23.94543632
23.944066128
23.944373601
23.941678678
23.937678426
23.931096641
23.92492352
23.939973134
23.937637773
23.948544423
23.956455952
23.964457595
23.967294301
23.976593448
23.985351096
23.981488387
23.97800253
23.982205989
23.990788931
23.989753466
23.988238509
23.990979899
23.985111716
23.984690049
23.978782579
23.974601422
23.975070186
23.954833736
23.940102834
23.970447074
23.967183209
23.970488047
23.966180731
23.963039087
23.970637703
23.977414574
23.986103748
23.981088778
23.989022968
23.995164447
23.993041013
23.978277575
23.957674838
23.986189848
23.991443421
23.991039239
23.976214125
23.905755251
23.71163365
23.42789197
23.07508679
22.684559329
22.125831497
21.393393679
20.616311546
19.857201549
19.5079026
18.890878319
18.319869757
17.811085634
17.40430154
17.095951992
16.813555776
16.576560616
16.380664433
16.220410935
16.077345218
15.903845078
15.714607675
15.546880781
15.400292281
15.25670136
15.10800207
14.94244695
14.778181517
14.626061711
14.49240814
14.369409968
14.248455631
14.155814171
14.065848775
13.996721875
13.956834989
13.943045513
13.914460776
13.867484074
13.815529063
13.758184044
13.708943524
13.680194378
13.660375113
13.624690359
13.594039148
13.566399203
13.55927253
13.554256702
13.548845623
13.541566089
13.549508245
13.572594486
13.573291123
13.560146517
13.540248852
13.526308888
13.535140975
14.752866119
16.738732313
18.304071875
18.325192154
18.249763572
18.32420612
18.39782289
18.427744947
18.43111814
18.375236808
18.214749183
17.913801451
17.500960446
16.947770199
16.155791616
15.44338768
14.85887492
14.40575493
14.076918237
18.342712349
18.500487956
18.269534099
17.82988388
17.163154471
16.22200076
15.104341488
14.248141375
18.352864934
18.481339021
18.475731292
18.510583972
18.505229051
18.447027486
18.285628871
18.001963469
17.640204151
17.190524379
16.570926875
15.649028828
14.727391758
14.190010441
13.905842536
13.754369853
13.675130656
13.627983825
13.615269473
17.554110179
18.11384037
17.919775204
17.597521343
17.193860077
16.880430032
16.026075565
15.311034187
14.697554602
14.229584656
13.909022691
13.718048962
13.634441143
13.608725764
17.150875004
19.568426603
22.905419457
23.432604474
23.41637761
23.404106817
23.57695423
23.627290776
23.645710225
23.654516569
23.656176847
23.668326596
23.683536261
23.27004194
23.722601021
23.744995615
23.751079762
23.767892651
23.769904353
23.763986959
23.757248937
23.758134036
23.754338632
23.74827988
23.744291149
23.738122571
23.731590272
23.722174342
23.718020932
23.711581251
23.70962034
23.708997804
23.704152416
23.702174365
23.692019287
23.746766458
23.791788823
23.80866814
23.808385328
23.805023099
23.803593443
23.805986805
23.816483833
23.812717039
23.804634585
23.803144571
23.797331353
23.789128795
23.777095285
23.772155634
23.768132712
23.75859416
23.746018323
23.731668809
23.722140406
23.709545337
23.692044675
23.678234944
23.680702108
23.671961104
23.633437342
23.618125576
23.615560705
23.6102023
23.600134523
23.698254858
23.768613657
23.769363771
23.77697079
19.336065202
19.347713281
19.351365956
19.353959488
19.353000294
19.351661053
19.346272247
19.343482571
19.348322356
19.353149657
19.339658471
19.334819195
19.330603609
19.339928009
19.339625232
19.330837407
19.372911851
19.383749115
19.379478126
19.378555685
19.373522939
19.379215038
19.391365051
19.390990377
19.391255298
19.400396827
19.399219794
19.406528684
19.40709875
19.406944228
19.407404713
19.405006668
19.403690148
19.399793847
19.387571496
19.384973938
19.387980153
19.398437758
19.402550793
19.409139735
19.401081217
19.4006723
19.40160467
19.404330862
19.402030701
19.401982029
19.401387908
19.406906329
19.40394342
19.397667847
19.390363133
19.375835347
19.369457367
19.366907974
19.370759593
19.363036824
19.353034576
19.332583792
19.33188162
19.312828765
19.295874059
19.265116266
19.241625163
19.210800292
19.178472774
19.131318845
19.060815011
19.055461429
19.318410231
19.2981493
19.28760022
19.265379647
19.26133036
19.313415965
19.317969284
19.31999351
19.339273781
19.383557408
19.411083645
19.413722817
19.407264024
19.41228658
19.422938618
19.432201775
19.43155422
19.435332601
19.429700193
19.431561088
19.422026352
19.41835493
19.436522292
19.441203954
19.439759858
19.437242348
19.42424962
19.425066247
19.433529435
19.435008285
19.417547183
19.330360704
19.183470065
19.094990528
19.415442998
19.423866888
19.419664522
19.430100948
19.431378708
19.422515072
19.418766424
19.418482244
19.425102063
19.421761388
19.442555518
19.452898824
19.462636467
19.45987566
19.452524129
19.449174777
19.432671259
19.39493328
19.284929461
19.068895487
18.753605562
18.433211567
17.966287715
16.939277641
16.029308798
15.287374234
18.310428497
18.128833524
17.883912805
17.56631392
17.868887767
17.901479308
17.894285452
18.425103269
19.22782223
19.264217307
19.288181868
19.290467296
19.296207365
19.299096447
19.339652378
19.377984651
19.408130676
19.417172935
19.433120175
19.438887339
19.442345811
19.44661764
19.440272992
19.428697168
19.359350533
19.255340071
19.107396361
18.914572409
19.121423277
18.794902512
18.270840839
17.572660289
16.678312599
15.280671696
14.256860012
13.441978433
12.775234422
12.196905099
11.645109649
11.128943327
10.668695169
10.251155913
11.306874068
14.733825442
14.71387227
17.911781551
17.925647975
17.898644711
17.851890978
17.832632643
17.823481115
17.763785675
17.682834922
17.522939232
17.346571395
17.08624947
16.692266389
16.240064395
15.621564797
14.941987812
14.465946801
14.338428862
13.873015792
15.103433987
16.341952361
16.259260819
16.143364537
15.939530962
15.6086093
15.182731067
14.234580579
12.767581819
11.439473451
10.543433306
10.1226121
9.92626726
9.808948593
9.719961582
9.642230831
9.575238507
9.521099777
13.54246526
14.459316003
15.369745236
15.577989505
15.65785689
15.623111
15.446633412
15.128414214
15.522207175
15.723210354
15.814082038
15.786910032
15.577741371
15.165792215
14.599286201
13.945813058
13.080542197
12.012488787
10.884770345
10.039118798
9.754674539
9.528992383
9.392083633
9.307642701
9.25089078
9.209457543
9.170469691
9.142809136
9.122699701
9.105475588
9.100433096
9.289166288
9.400763888
12.863472283
13.973286559
18.140820938
19.267087264
19.303660438
19.31388786
19.324370478
19.330303152
19.315755251
19.288092128
19.333522814
19.392493243
19.413894626
19.418185332
19.418133308
19.41106787
19.411833423
19.394698097
19.353756487
19.278670159
19.164652528
18.980794151
18.760760359
19.211819869
19.33263293
19.352254742
19.362824566
19.366255219
19.368739522
19.352873712
19.298298554
19.211578869
19.056121255
18.811003024
18.556050598
18.19561009
17.854919107
17.620056328
17.303292451
16.944676218
16.645155767
16.367153716
16.052146956
15.514014133
14.880980519
14.567478458
14.241698872
13.912473848
13.763101036
13.69720117
13.571509674
13.522071203
13.27476366
13.063084464
12.869565454
12.724173471
12.641242622
17.229777894
19.044113781
19.062945778
19.107675763
19.111442467
19.128398868
19.159276646
19.183612299
19.201516834
19.219959102
19.231797603
19.247547789
19.256945271
19.261500818
19.270130149
19.275927766
19.262153012
19.261212124
19.257039812
19.245621549
19.248838956
19.222371605
19.199301116
19.174678166
19.161319036
19.150227197
19.148145497
19.171079212
19.175404865
19.198150804
19.277596598
19.280315441
19.292224341
19.292750885
19.301495085
19.300067618
19.288378604
19.287407747
19.292969561
19.289184331
19.289679849
19.287258451
19.285904094
19.285347026
19.280414518
19.27446769
19.274520558
19.272220654
19.288227686
19.305372857
19.299248805
19.304123351
19.303843721
19.302450965
19.30783564
19.302317468
19.299389255
19.2974905
19.304582324
19.291208509
19.284412293
19.279086268
19.277163385
19.277718606
19.270971787
19.324538561
19.325416587
