20090901
20201231
0.9267
0.9267
0.9267
0.9267
0.9267
0.4378
0.4378
0.4378
0.4378
0.4378
0.4378
0.4378
0.4378
0.3065
0.3065
0.3065
0.3065
0.3065
0.3065
0.3065
0.3065
0.4636
0.4636
0.4636
0.4636
0.4636
0.4636
0.4636
0.4636
0.181
0.181
0.181
0.181
0.181
0.181
0.181
0.181
0.1035
0.1035
0.1035
0.1035
0.1035
0.1035
0.1035
0.1035
0.2113
0.2113
0.2113
0.2113
0.2113
0.2113
0.2113
0.2113
0.1726
0.1726
0.1726
0.1726
0.1726
0.1726
0.1726
0.1726
0.2224
0.2224
0.2224
0.2224
0.2224
0.2224
0.2224
0.2224
0.17
0.17
0.17
0.17
0.17
0.17
0.17
0.17
0.1343
0.1343
0.1343
0.1343
0.1343
0.1343
0.1343
0.1343
0.0979
0.0979
0.0979
0.0979
0.0979
0.0979
0.0979
0.0979
0.0276
0.0276
0.0276
0.0276
0.0276
0.0276
0.0276
0.0276
0.0529
0.0529
0.0529
0.0529
0.0529
0.0529
0.0529
0.0529
0.0462
0.0462
0.0462
0.0462
0.0462
0.0462
0.0462
0.0462
0.0036
0.0036
0.0036
0.0036
0.0036
5e-04
5e-04
5e-04
5e-04
5e-04
5e-04
5e-04
5e-04
0.0277
0.0277
0.0277
0.0277
0.0277
0.0277
0.0277
0.0277
0.0583
0.0583
0.0583
0.0583
0.0583
0.0583
0.0583
0.0583
0.0177
0.0177
0.0177
0.0177
0.0177
0.0177
0.0177
0.0177
0.0203
0.0203
0.0203
0.0203
0.0203
0.0203
0.0203
0.0203
0.0369
0.0369
0.0369
0.0369
0.0369
0.0369
0.0369
0.0369
0.0494
0.0494
0.0494
0.0494
0.0494
0.0494
0.0494
0.0494
0.0638
0.0638
0.0638
0.0638
0.0638
0.0638
0.0638
0.0638
0.0931
0.0931
0.0931
0.0931
0.0931
0.0931
0.0931
0.0931
0.1454
0.1454
0.1454
0.1454
0.1454
0.1454
0.1454
0.1454
0.1402
0.1402
0.1402
0.1402
0.1402
0.1402
0.1402
0.1402
0.293
0.293
0.293
0.293
0.293
0.293
0.293
0.293
0.5104
0.5104
0.5104
0.5104
0.5104
0.5104
0.5104
0.5104
0.3276
0.3276
0.3276
0.3276
0.3276
0.3276
0.3276
0.3276
0.911
0.911
0.911
0.911
0.911
0.911
0.911
0.911
1.1056
1.1056
1.1056
1.1056
1.1056
1.1056
1.1056
1.1056
0.5938
0.5938
0.5938
0.5938
0.5938
0.5938
0.5938
0.5938
1.3627
1.3627
1.3627
1.3627
1.3627
1.3627
1.3627
1.3627
1.3936
1.3936
1.3936
1.3936
1.3936
1.3936
1.3936
1.3936
1.1073
1.1073
1.1073
1.1073
1.1073
1.1073
1.1073
1.1073
0.8497
0.8497
0.8497
0.8497
0.8497
0.8497
0.8497
0.8497
1.0748
1.0748
1.0748
1.0748
1.0748
1.0748
1.0748
1.0748
0.9535
0.9535
0.9535
0.9535
0.9535
0.9535
0.9535
0.9535
0.8124
0.8124
0.8124
0.8124
0.8124
0.8124
0.8124
0.8124
1.1636
1.1636
1.1636
1.1636
1.1636
1.1636
1.1636
1.1636
0.869
0.869
0.869
0.869
0.869
0.869
0.869
0.869
1.0304
1.0304
1.0304
1.0304
1.0304
1.0304
1.0304
1.0304
1.075
1.075
1.075
1.075
1.075
1.075
1.075
1.075
0.6181
0.6181
0.6181
0.6181
0.6181
0.6181
0.6181
0.6181
0.5849
0.5849
0.5849
0.5849
0.5849
0.5849
0.5849
0.5849
0.477
0.477
0.477
0.477
0.477
0.477
0.477
0.477
0.5116
0.5116
0.5116
0.5116
0.5116
0.5116
0.5116
0.5116
0.5227
0.5227
0.5227
0.5227
0.5227
0.5227
0.5227
0.5227
0.4574
0.4574
0.4574
0.4574
0.4574
0.4574
0.4574
0.4574
0.4471
0.4471
0.4471
0.4471
0.4471
0.4471
0.4471
0.4471
0.3765
0.3765
0.3765
0.3765
0.3765
0.3765
0.3765
0.3765
0.3234
0.3234
0.3234
0.3234
0.3234
0.3234
0.3234
0.3234
0.2375
0.2375
0.2375
0.2375
0.2375
0.2375
0.2375
0.2375
0.2184
0.2184
0.2184
0.2184
0.2184
0.2184
0.2184
0.2184
0.142
0.142
0.142
0.142
0.142
0.142
0.142
0.142
0.1291
0.1291
0.1291
0.1291
0.1291
0.1291
0.1291
0.1291
0.1034
0.1034
0.1034
0.1034
0.1034
0.1034
0.1034
0.1034
0.0822
0.0822
0.0822
0.0822
0.0822
0.0822
0.0822
0.0822
0.0507
0.0507
0.0507
0.0507
0.0507
0.0507
0.0507
0.0507
0.04
0.04
0.04
0.04
0.04
0.04
0.04
0.04
0.0693
0.0693
0.0693
0.0693
0.0693
0.0636
0.0636
0.0636
0.0636
0.0636
0.0636
0.0636
0.0636
0.0177
0.0177
0.0177
0.0177
0.0177
0.0177
0.0177
0.0177
0.0799
0.0799
0.0799
0.0799
0.0799
0.0799
0.0799
0.0799
0.1168
0.1168
0.1168
0.1168
0.1168
0.1168
0.1168
0.1168
0
0
0
0
0
0
0
0
0.1205
0.1205
0.1205
0.1205
0.1205
0.1205
0.1205
0.1205
0.2298
0.2298
0.2298
0.2298
0.2298
0.2298
0.2298
0.2298
0.1846
0.1846
0.1846
0.1846
0.1846
0.1846
0.1846
0.1846
0.2064
0.2064
0.2064
0.2064
0.2064
0.2064
0.2064
0.2064
0.2694
0.2694
0.2694
0.2694
0.2694
0.2694
0.2694
0.2694
0.2741
0.2741
0.2741
0.2741
0.2741
0.2741
0.2741
0.2741
0.3061
0.3061
0.3061
0.3061
0.3061
0.3061
0.3061
0.3061
0.4883
0.4883
0.4883
0.4883
0.4883
0.4883
0.4883
0.4883
0.5015
0.5015
0.5015
0.5015
0.5015
0.5015
0.5015
0.5015
0.4435
0.4435
0.4435
0.4435
0.4435
0.4435
0.4435
0.4435
0.7101
0.7101
0.7101
0.7101
0.7101
0.7101
0.7101
0.7101
1.0401
1.0401
1.0401
1.0401
1.0401
1.0401
1.0401
1.0401
0.912
0.912
0.912
0.912
0.912
0.912
0.912
0.912
1.1291
1.1291
1.1291
1.1291
1.1291
1.1291
1.1291
1.1291
1.2916
1.2916
1.2916
1.2916
1.2916
1.2916
1.2916
1.2916
0.8868
0.8868
0.8868
0.8868
0.8868
0.8868
0.8868
0.8868
1.0125
1.0125
1.0125
1.0125
1.0125
1.0125
1.0125
1.0125
0.5843
0.5843
0.5843
0.5843
0.5843
0.5843
0.5843
0.5843
0.5412
0.5412
0.5412
0.5412
0.5412
0.5412
0.5412
0.5412
0.5346
0.5346
0.5346
0.5346
0.5346
0.5346
0.5346
0.5346
0.4975
0.4975
0.4975
0.4975
0.4975
0.4975
0.4975
0.4975
0.5147
0.5147
0.5147
0.5147
0.5147
0.5147
0.5147
0.5147
0.3991
0.3991
0.3991
0.3991
0.3991
0.3991
0.3991
0.3991
0.4724
0.4724
0.4724
0.4724
0.4724
0.4724
0.4724
0.4724
0.5415
0.5415
0.5415
0.5415
0.5415
0.5415
0.5415
0.5415
0.5067
0.5067
0.5067
0.5067
0.5067
0.5067
0.5067
0.5067
0.574
0.574
0.574
0.574
0.574
0.574
0.574
0.574
0.4551
0.4551
0.4551
0.4551
0.4551
0.4551
0.4551
0.4551
0.4129
0.4129
0.4129
0.4129
0.4129
0.4129
0.4129
0.4129
0.378
0.378
0.378
0.378
0.378
0.378
0.378
0.378
0.2252
0.2252
0.2252
0.2252
0.2252
0.2252
0.2252
0.2252
0.3515
0.3515
0.3515
0.3515
0.3515
0.3515
0.3515
0.3515
0.3199
0.3199
0.3199
0.3199
0.3199
0.3199
0.3199
0.3199
0.1956
0.1956
0.1956
0.1956
0.1956
0.1956
0.1956
0.1956
0.1895
0.1895
0.1895
0.1895
0.1895
0.1895
0.1895
0.1895
0.1115
0.1115
0.1115
0.1115
0.1115
0.1115
0.1115
0.1115
0.0741
0.0741
0.0741
0.0741
0.0741
0.0741
0.0741
0.0741
0.0407
0.0407
0.0407
0.0407
0.0407
0.0407
0.0407
0.0407
0.0404
0.0404
0.0404
0.0404
0.0404
0.0404
0.0404
0.0404
0.05
0.05
0.05
0.05
0.05
0.05
0.05
0.05
0.0669
0.0669
0.0669
0.0669
0.0669
0.0779
0.0779
0.0779
0.0779
0.0779
0.0779
0.0779
0.0779
0.0553
0.0553
0.0553
0.0553
0.0553
0.0553
0.0553
0.0553
0.0616
0.0616
0.0616
0.0616
0.0616
0.0616
0.0616
0.0616
0.0868
0.0868
0.0868
0.0868
0.0868
0.0868
0.0868
0.0868
0.0752
0.0752
0.0752
0.0752
0.0752
0.0752
0.0752
0.0752
0.0855
0.0855
0.0855
0.0855
0.0855
0.0855
0.0855
0.0855
0.1275
0.1275
0.1275
0.1275
0.1275
0.1275
0.1275
0.1275
0.2234
0.2234
0.2234
0.2234
0.2234
0.2234
0.2234
0.2234
0.1456
0.1456
0.1456
0.1456
0.1456
0.1456
0.1456
0.1456
0.2456
0.2456
0.2456
0.2456
0.2456
0.2456
0.2456
0.2456
0.5458
0.5458
0.5458
0.5458
0.5458
0.5458
0.5458
0.5458
0.8083
0.8083
0.8083
0.8083
0.8083
0.8083
0.8083
0.8083
0.5921
0.5921
0.5921
0.5921
0.5921
0.5921
0.5921
0.5921
1.0056
1.0056
1.0056
1.0056
1.0056
1.0056
1.0056
1.0056
1.5209
1.5209
1.5209
1.5209
1.5209
1.5209
1.5209
1.5209
0.9774
0.9774
0.9774
0.9774
0.9774
0.9774
0.9774
0.9774
0.7819
0.7819
0.7819
0.7819
0.7819
0.7819
0.7819
0.7819
1.0034
1.0034
1.0034
1.0034
1.0034
1.0034
1.0034
1.0034
0.9821
0.9821
0.9821
0.9821
0.9821
0.9821
0.9821
0.9821
0.8224
0.8224
0.8224
0.8224
0.8224
0.8224
0.8224
0.8224
0.9357
0.9357
0.9357
0.9357
0.9357
0.9357
0.9357
0.9357
0.921
0.921
0.921
0.921
0.921
0.921
0.921
0.921
0.8123
0.8123
0.8123
0.8123
0.8123
0.8123
0.8123
0.8123
0.8628
0.8628
0.8628
0.8628
0.8628
0.8628
0.8628
0.8628
0.5482
0.5482
0.5482
0.5482
0.5482
0.5482
0.5482
0.5482
0.5189
0.5189
0.5189
0.5189
0.5189
0.5189
0.5189
0.5189
0.4211
0.4211
0.4211
0.4211
0.4211
0.4211
0.4211
0.4211
0.4085
0.4085
0.4085
0.4085
0.4085
0.4085
0.4085
0.4085
0.3718
0.3718
0.3718
0.3718
0.3718
0.3718
0.3718
0.3718
0.3792
0.3792
0.3792
0.3792
0.3792
0.3792
0.3792
0.3792
0.4513
0.4513
0.4513
0.4513
0.4513
0.4513
0.4513
0.4513
0.4465
0.4465
0.4465
0.4465
0.4465
0.4465
0.4465
0.4465
0.2157
0.2157
0.2157
0.2157
0.2157
0.2157
0.2157
0.2157
0.3401
0.3401
0.3401
0.3401
0.3401
0.3401
0.3401
0.3401
0.2076
0.2076
0.2076
0.2076
0.2076
0.2076
0.2076
0.2076
0.198
0.198
0.198
0.198
0.198
0.198
0.198
0.198
0.3232
0.3232
0.3232
0.3232
0.3232
0.3232
0.3232
0.3232
0.1873
0.1873
0.1873
0.1873
0.1873
0.1873
0.1873
0.1873
0.182
0.182
0.182
0.182
0.182
0.182
0.182
0.182
0.1009
0.1009
0.1009
0.1009
0.1009
0.1009
0.1009
0.1009
0.1212
0.1212
0.1212
0.1212
0.1212
0.1212
0.1212
0.1212
0.1151
0.1151
0.1151
0.1151
0.1151
0.1151
0.1151
0.1151
0.0784
0.0784
0.0784
0.0784
0.0784
0.0784
0.0784
0.0784
0.0475
0.0475
0.0475
0.0475
0.0475
0.0475
0.0475
0.0475
0.0457
0.0457
0.0457
0.0457
0.0457
0.0457
0.0457
0.0457
0.0032
0.0032
0.0032
0.0032
0.0032
0.0032
0.0245
0.0245
0.0245
0.0245
0.0245
0.0245
0.0245
0.0245
0.0187
0.0187
0.0187
0.0187
0.0187
0.0187
0.0187
0.0187
0.0458
0.0458
0.0458
0.0458
0.0458
0.0458
0.0458
0.0458
0.0479
0.0479
0.0479
0.0479
0.0479
0.0479
0.0479
0.0479
0.1022
0.1022
0.1022
0.1022
0.1022
0.1022
0.1022
0.1022
0.04
0.04
0.04
0.04
0.04
0.04
0.04
0.04
0.0556
0.0556
0.0556
0.0556
0.0556
0.0556
0.0556
0.0556
0.0965
0.0965
0.0965
0.0965
0.0965
0.0965
0.0965
0.0965
0.0841
0.0841
0.0841
0.0841
0.0841
0.0841
0.0841
0.0841
0.2056
0.2056
0.2056
0.2056
0.2056
0.2056
0.2056
0.2056
0.1428
0.1428
0.1428
0.1428
0.1428
0.1428
0.1428
0.1428
0.1693
0.1693
0.1693
0.1693
0.1693
0.1693
0.1693
0.1693
0.3408
0.3408
0.3408
0.3408
0.3408
0.3408
0.3408
0.3408
0.2837
0.2837
0.2837
0.2837
0.2837
0.2837
0.2837
0.2837
0.3299
0.3299
0.3299
0.3299
0.3299
0.3299
0.3299
0.3299
0.5179
0.5179
0.5179
0.5179
0.5179
0.5179
0.5179
0.5179
0.7557
0.7557
0.7557
0.7557
0.7557
0.7557
0.7557
0.7557
0.6702
0.6702
0.6702
0.6702
0.6702
0.6702
0.6702
0.6702
0.7484
0.7484
0.7484
0.7484
0.7484
0.7484
0.7484
0.7484
1.2649
1.2649
1.2649
1.2649
1.2649
1.2649
1.2649
1.2649
1.3483
1.3483
1.3483
1.3483
1.3483
1.3483
1.3483
1.3483
1.3778
1.3778
1.3778
1.3778
1.3778
1.3778
1.3778
1.3778
1.0337
1.0337
1.0337
1.0337
1.0337
1.0337
1.0337
1.0337
1.1029
1.1029
1.1029
1.1029
1.1029
1.1029
1.1029
1.1029
0.6958
0.6958
0.6958
0.6958
0.6958
0.6958
0.6958
0.6958
0.8757
0.8757
0.8757
0.8757
0.8757
0.8757
0.8757
0.8757
1.0185
1.0185
1.0185
1.0185
1.0185
1.0185
1.0185
1.0185
0.8018
0.8018
0.8018
0.8018
0.8018
0.8018
0.8018
0.8018
0.9071
0.9071
0.9071
0.9071
0.9071
0.9071
0.9071
0.9071
0.7667
0.7667
0.7667
0.7667
0.7667
0.7667
0.7667
0.7667
0.6457
0.6457
0.6457
0.6457
0.6457
0.6457
0.6457
0.6457
0.5553
0.5553
0.5553
0.5553
0.5553
0.5553
0.5553
0.5553
0.4531
0.4531
0.4531
0.4531
0.4531
0.4531
0.4531
0.4531
0.378
0.378
0.378
0.378
0.378
0.378
0.378
0.378
0.3732
0.3732
0.3732
0.3732
0.3732
0.3732
0.3732
0.3732
0.3216
0.3216
0.3216
0.3216
0.3216
0.3216
0.3216
0.3216
0.2216
0.2216
0.2216
0.2216
0.2216
0.2216
0.2216
0.2216
0.162
0.162
0.162
0.162
0.162
0.162
0.162
0.162
0.1228
0.1228
0.1228
0.1228
0.1228
0.1228
0.1228
0.1228
0.1107
0.1107
0.1107
0.1107
0.1107
0.1107
0.1107
0.1107
0.0483
0.0483
0.0483
0.0483
0.0483
0.0483
0.0483
0.0483
0.0404
0.0404
0.0404
0.0404
0.0404
0.0404
0.0404
0.0404
0.0061
0.0061
0.0061
0.0061
0.0061
0.0061
0.0061
0.0061
0.0337
0.0337
0.0337
0.0337
0.0337
0.0337
0.0337
0.0337
0.0296
0.0296
0.0296
0.0296
0.0296
0.0296
0.0296
0.0296
0.0274
0.0274
0.0274
0.0274
0.0274
0.0239
0.0239
0.0239
0.0239
0.0239
0.0239
0.0239
0.0239
0.0475
0.0475
0.0475
0.0475
0.0475
0.0475
0.0475
0.0475
0.0423
0.0423
0.0423
0.0423
0.0423
0.0423
0.0423
0.0423
0
0
0
0
0
0
0
0
0
0
0
0
0
0
0
0
0.0357
0.0357
0.0357
0.0357
0.0357
0.0357
0.0357
0.0357
0.0948
0.0948
0.0948
0.0948
0.0948
0.0948
0.0948
0.0948
0.0249
0.0249
0.0249
0.0249
0.0249
0.0249
0.0249
0.0249
0.0881
0.0881
0.0881
0.0881
0.0881
0.0881
0.0881
0.0881
0.1157
0.1157
0.1157
0.1157
0.1157
0.1157
0.1157
0.1157
0.1183
0.1183
0.1183
0.1183
0.1183
0.1183
0.1183
0.1183
0.2322
0.2322
0.2322
0.2322
0.2322
0.2322
0.2322
0.2322
0.2715
0.2715
0.2715
0.2715
0.2715
0.2715
0.2715
0.2715
0.279
0.279
0.279
0.279
0.279
0.279
0.279
0.279
0.5543
0.5543
0.5543
0.5543
0.5543
0.5543
0.5543
0.5543
0.6344
0.6344
0.6344
0.6344
0.6344
0.6344
0.6344
0.6344
0.5853
0.5853
0.5853
0.5853
0.5853
0.5853
0.5853
0.5853
0.7869
0.7869
0.7869
0.7869
0.7869
0.7869
0.7869
0.7869
0.7147
0.7147
0.7147
0.7147
0.7147
0.7147
0.7147
0.7147
0.6042
0.6042
0.6042
0.6042
0.6042
0.6042
0.6042
0.6042
0.9004
0.9004
0.9004
0.9004
0.9004
0.9004
0.9004
0.9004
1.0403
1.0403
1.0403
1.0403
1.0403
1.0403
1.0403
1.0403
0.904
0.904
0.904
0.904
0.904
0.904
0.904
0.904
0.9656
0.9656
0.9656
0.9656
0.9656
0.9656
0.9656
0.9656
0.6463
0.6463
0.6463
0.6463
0.6463
0.6463
0.6463
0.6463
0.5874
0.5874
0.5874
0.5874
0.5874
0.5874
0.5874
0.5874
0.5016
0.5016
0.5016
0.5016
0.5016
0.5016
0.5016
0.5016
0.588
0.588
0.588
0.588
0.588
0.588
0.588
0.588
0.4936
0.4936
0.4936
0.4936
0.4936
0.4936
0.4936
0.4936
0.4622
0.4622
0.4622
0.4622
0.4622
0.4622
0.4622
0.4622
0.3451
0.3451
0.3451
0.3451
0.3451
0.3451
0.3451
0.3451
0.1873
0.1873
0.1873
0.1873
0.1873
0.1873
0.1873
0.1873
0.2432
0.2432
0.2432
0.2432
0.2432
0.2432
0.2432
0.2432
0.2835
0.2835
0.2835
0.2835
0.2835
0.2835
0.2835
0.2835
0.2259
0.2259
0.2259
0.2259
0.2259
0.2259
0.2259
0.2259
0.1661
0.1661
0.1661
0.1661
0.1661
0.1661
0.1661
0.1661
0.1714
0.1714
0.1714
0.1714
0.1714
0.1714
0.1714
0.1714
0.1747
0.1747
0.1747
0.1747
0.1747
0.1747
0.1747
0.1747
0.0969
0.0969
0.0969
0.0969
0.0969
0.0969
0.0969
0.0969
0.0488
0.0488
0.0488
0.0488
0.0488
0.0488
0.0488
0.0488
0.0386
0.0386
0.0386
0.0386
0.0386
0.0386
0.0386
0.0386
0.0598
0.0598
0.0598
0.0598
0.0598
0.0598
0.0598
0.0598
0.0191
0.0191
0.0191
0.0191
0.0191
0.0191
0.0191
0.0191
0.0133
0.0133
0.0133
0.0133
0.0133
0.0133
0.0133
0.0133
0.0127
0.0127
0.0127
0.0127
0.0127
0.0127
0.0127
0.0127
0.0096
0.0096
0.0096
0.0096
0.0096
0.0037
0.0037
0.0037
0.0037
0.0037
0.0037
0.0037
0.0037
0.0033
0.0033
0.0033
0.0033
0.0033
0.0033
0.0033
0.0033
0.0364
0.0364
0.0364
0.0364
0.0364
0.0364
0.0364
0.0364
0.0461
0.0461
0.0461
0.0461
0.0461
0.0461
0.0461
0.0461
0.0276
0.0276
0.0276
0.0276
0.0276
0.0276
0.0276
0.0276
0.0728
0.0728
0.0728
0.0728
0.0728
0.0728
0.0728
0.0728
0.0168
0.0168
0.0168
0.0168
0.0168
0.0168
0.0168
0.0168
0.0057
0.0057
0.0057
0.0057
0.0057
0.0057
0.0057
0.0057
0.0689
0.0689
0.0689
0.0689
0.0689
0.0689
0.0689
0.0689
0.117
0.117
0.117
0.117
0.117
0.117
0.117
0.117
0.2241
0.2241
0.2241
0.2241
0.2241
0.2241
0.2241
0.2241
0.2673
0.2673
0.2673
0.2673
0.2673
0.2673
0.2673
0.2673
0.4965
0.4965
0.4965
0.4965
0.4965
0.4965
0.4965
0.4965
0.5247
0.5247
0.5247
0.5247
0.5247
0.5247
0.5247
0.5247
0.7431
0.7431
0.7431
0.7431
0.7431
0.7431
0.7431
0.7431
0.9044
0.9044
0.9044
0.9044
0.9044
0.9044
0.9044
0.9044
0.7454
0.7454
0.7454
0.7454
0.7454
0.7454
0.7454
0.7454
0.755
0.755
0.755
0.755
0.755
0.755
0.755
0.755
0.8958
0.8958
0.8958
0.8958
0.8958
0.8958
0.8958
0.8958
1.4243
1.4243
1.4243
1.4243
1.4243
1.4243
1.4243
1.4243
0.9708
0.9708
0.9708
0.9708
0.9708
0.9708
0.9708
0.9708
1.128
1.128
1.128
1.128
1.128
1.128
1.128
1.128
0.9637
0.9637
0.9637
0.9637
0.9637
0.9637
0.9637
0.9637
0.8944
0.8944
0.8944
0.8944
0.8944
0.8944
0.8944
0.8944
1.2754
1.2754
1.2754
1.2754
1.2754
1.2754
1.2754
1.2754
1.0375
1.0375
1.0375
1.0375
1.0375
1.0375
1.0375
1.0375
1.1165
1.1165
1.1165
1.1165
1.1165
1.1165
1.1165
1.1165
1.1101
1.1101
1.1101
1.1101
1.1101
1.1101
1.1101
1.1101
0.8687
0.8687
0.8687
0.8687
0.8687
0.8687
0.8687
0.8687
0.9658
0.9658
0.9658
0.9658
0.9658
0.9658
0.9658
0.9658
0.5171
0.5171
0.5171
0.5171
0.5171
0.5171
0.5171
0.5171
0.4725
0.4725
0.4725
0.4725
0.4725
0.4725
0.4725
0.4725
0.3452
0.3452
0.3452
0.3452
0.3452
0.3452
0.3452
0.3452
0.491
0.491
0.491
0.491
0.491
0.491
0.491
0.491
0.3457
0.3457
0.3457
0.3457
0.3457
0.3457
0.3457
0.3457
0.252
0.252
0.252
0.252
0.252
0.252
0.252
0.252
0.2159
0.2159
0.2159
0.2159
0.2159
0.2159
0.2159
0.2159
0.1514
0.1514
0.1514
0.1514
0.1514
0.1514
0.1514
0.1514
0.1071
0.1071
0.1071
0.1071
0.1071
0.1071
0.1071
0.1071
0.1079
0.1079
0.1079
0.1079
0.1079
0.1079
0.1079
0.1079
0.066
0.066
0.066
0.066
0.066
0.066
0.066
0.066
0.0135
0.0135
0.0135
0.0135
0.0135
0.0135
0.0135
0.0135
0.0626
0.0626
0.0626
0.0626
0.0626
0.0626
0.0626
0.0626
0.0342
0.0342
0.0342
0.0342
0.0342
0.0342
0.0342
0.0342
0.0414
0.0414
0.0414
0.0414
0.0414
0.0414
0.0414
0.0414
0.0103
0.0103
0.0103
0.0103
0.0103
0.0162
0.0162
0.0162
0.0162
0.0162
0.0162
0.0162
0.0162
0.0263
0.0263
0.0263
0.0263
0.0263
0.0263
0.0263
0.0263
0.016
0.016
0.016
0.016
0.016
0.016
0.016
0.016
0.0608
0.0608
0.0608
0.0608
0.0608
0.0608
0.0608
0.0608
0.0533
0.0533
0.0533
0.0533
0.0533
0.0533
0.0533
0.0533
0.0742
0.0742
0.0742
0.0742
0.0742
0.0742
0.0742
0.0742
0.0965
0.0965
0.0965
0.0965
0.0965
0.0965
0.0965
0.0965
0.1355
0.1355
0.1355
0.1355
0.1355
0.1355
0.1355
0.1355
0.1281
0.1281
0.1281
0.1281
0.1281
0.1281
0.1281
0.1281
0.2063
0.2063
0.2063
0.2063
0.2063
0.2063
0.2063
0.2063
0.3117
0.3117
0.3117
0.3117
0.3117
0.3117
0.3117
0.3117
0.2941
0.2941
0.2941
0.2941
0.2941
0.2941
0.2941
0.2941
0.3772
0.3772
0.3772
0.3772
0.3772
0.3772
0.3772
0.3772
0.3776
0.3776
0.3776
0.3776
0.3776
0.3776
0.3776
0.3776
0.665
0.665
0.665
0.665
0.665
0.665
0.665
0.665
1.0201
1.0201
1.0201
1.0201
1.0201
1.0201
1.0201
1.0201
1.1892
1.1892
1.1892
1.1892
1.1892
1.1892
1.1892
1.1892
0.7128
0.7128
0.7128
0.7128
0.7128
0.7128
0.7128
0.7128
1.25
1.25
1.25
1.25
1.25
1.25
1.25
1.25
1.196
1.196
1.196
1.196
1.196
1.196
1.196
1.196
1.155
1.155
1.155
1.155
1.155
1.155
1.155
1.155
1.1013
1.1013
1.1013
1.1013
1.1013
1.1013
1.1013
1.1013
1.517
1.517
1.517
1.517
1.517
1.517
1.517
1.517
0.9005
0.9005
0.9005
0.9005
0.9005
0.9005
0.9005
0.9005
1.4474
1.4474
1.4474
1.4474
1.4474
1.4474
1.4474
1.4474
1.2106
1.2106
1.2106
1.2106
1.2106
1.2106
1.2106
1.2106
0.9002
0.9002
0.9002
0.9002
0.9002
0.9002
0.9002
0.9002
0.692
0.692
0.692
0.692
0.692
0.692
0.692
0.692
0.684
0.684
0.684
0.684
0.684
0.684
0.684
0.684
0.7105
0.7105
0.7105
0.7105
0.7105
0.7105
0.7105
0.7105
0.4316
0.4316
0.4316
0.4316
0.4316
0.4316
0.4316
0.4316
0.4127
0.4127
0.4127
0.4127
0.4127
0.4127
0.4127
0.4127
0.4243
0.4243
0.4243
0.4243
0.4243
0.4243
0.4243
0.4243
0.3428
0.3428
0.3428
0.3428
0.3428
0.3428
0.3428
0.3428
0.4487
0.4487
0.4487
0.4487
0.4487
0.4487
0.4487
0.4487
0.3334
0.3334
0.3334
0.3334
0.3334
0.3334
0.3334
0.3334
0.3403
0.3403
0.3403
0.3403
0.3403
0.3403
0.3403
0.3403
0.2517
0.2517
0.2517
0.2517
0.2517
0.2517
0.2517
0.2517
0.1989
0.1989
0.1989
0.1989
0.1989
0.1989
0.1989
0.1989
0.1342
0.1342
0.1342
0.1342
0.1342
0.1342
0.1342
0.1342
0.1674
0.1674
0.1674
0.1674
0.1674
0.1674
0.1674
0.1674
0.0799
0.0799
0.0799
0.0799
0.0799
0.0799
0.0799
0.0799
0.0205
0.0205
0.0205
0.0205
0.0205
0.0205
0.0205
0.0205
0.0011
0.0011
0.0011
0.0011
0.0011
0.0011
0.0011
0.0011
0.0178
0.0178
0.0178
0.0178
0.0178
0.0178
0.0178
0.0178
0.0655
0.0655
0.0655
0.0655
0.0655
0.0655
0.0129
0.0129
0.0129
0.0129
0.0129
0.0129
0.0129
0.0129
0.0254
0.0254
0.0254
0.0254
0.0254
0.0254
0.0254
0.0254
0.048
0.048
0.048
0.048
0.048
0.048
0.048
0.048
0.0637
0.0637
0.0637
0.0637
0.0637
0.0637
0.0637
0.0637
0.0597
0.0597
0.0597
0.0597
0.0597
0.0597
0.0597
0.0597
0.0992
0.0992
0.0992
0.0992
0.0992
0.0992
0.0992
0.0992
0.1334
0.1334
0.1334
0.1334
0.1334
0.1334
0.1334
0.1334
0.15
0.15
0.15
0.15
0.15
0.15
0.15
0.15
0.1953
0.1953
0.1953
0.1953
0.1953
0.1953
0.1953
0.1953
0.236
0.236
0.236
0.236
0.236
0.236
0.236
0.236
0.2501
0.2501
0.2501
0.2501
0.2501
0.2501
0.2501
0.2501
0.3143
0.3143
0.3143
0.3143
0.3143
0.3143
0.3143
0.3143
0.5016
0.5016
0.5016
0.5016
0.5016
0.5016
0.5016
0.5016
0.6366
0.6366
0.6366
0.6366
0.6366
0.6366
0.6366
0.6366
0.8981
0.8981
0.8981
0.8981
0.8981
0.8981
0.8981
0.8981
1.0871
1.0871
1.0871
1.0871
1.0871
1.0871
1.0871
1.0871
1.1129
1.1129
1.1129
1.1129
1.1129
1.1129
1.1129
1.1129
1.3509
1.3509
1.3509
1.3509
1.3509
1.3509
1.3509
1.3509
1.4461
1.4461
1.4461
1.4461
1.4461
1.4461
1.4461
1.4461
1.0049
1.0049
1.0049
1.0049
1.0049
1.0049
1.0049
1.0049
1.2289
1.2289
1.2289
1.2289
1.2289
1.2289
1.2289
1.2289
1.1015
1.1015
1.1015
1.1015
1.1015
1.1015
1.1015
1.1015
1.0246
1.0246
1.0246
1.0246
1.0246
1.0246
1.0246
1.0246
0.9028
0.9028
0.9028
0.9028
0.9028
0.9028
0.9028
0.9028
1.0544
1.0544
1.0544
1.0544
1.0544
1.0544
1.0544
1.0544
0.6848
0.6848
0.6848
0.6848
0.6848
0.6848
0.6848
0.6848
0.6561
0.6561
0.6561
0.6561
0.6561
0.6561
0.6561
0.6561
0.6638
0.6638
0.6638
0.6638
0.6638
0.6638
0.6638
0.6638
0.9172
0.9172
0.9172
0.9172
0.9172
0.9172
0.9172
0.9172
0.7786
0.7786
0.7786
0.7786
0.7786
0.7786
0.7786
0.7786
0.942
0.942
0.942
0.942
0.942
0.942
0.942
0.942
0.8736
0.8736
0.8736
0.8736
0.8736
0.8736
0.8736
0.8736
0.606
0.606
0.606
0.606
0.606
0.606
0.606
0.606
0.4168
0.4168
0.4168
0.4168
0.4168
0.4168
0.4168
0.4168
0.3456
0.3456
0.3456
0.3456
0.3456
0.3456
0.3456
0.3456
0.4139
0.4139
0.4139
0.4139
0.4139
0.4139
0.4139
0.4139
0.2693
0.2693
0.2693
0.2693
0.2693
0.2693
0.2693
0.2693
0.2139
0.2139
0.2139
0.2139
0.2139
0.2139
0.2139
0.2139
0.148
0.148
0.148
0.148
0.148
0.148
0.148
0.148
0.0624
0.0624
0.0624
0.0624
0.0624
0.0624
0.0624
0.0624
0.0668
0.0668
0.0668
0.0668
0.0668
0.0668
0.0668
0.0668
0.0908
0.0908
0.0908
0.0908
0.0908
0.0908
0.0908
0.0908
0.0885
0.0885
0.0885
0.0885
0.0885
0.0885
0.0885
0.0885
0.0618
0.0618
0.0618
0.0618
0.0618
0.0618
0.0618
0.0618
0.0287
0.0287
0.0287
0.0287
0.0287
0.0287
0.0287
0.0287
0.0052
0.0052
0.0052
0.0052
0.0052
0.007
0.007
0.007
0.007
0.007
0.007
0.007
0.007
0.0186
0.0186
0.0186
0.0186
0.0186
0.0186
0.0186
0.0186
0.0306
0.0306
0.0306
0.0306
0.0306
0.0306
0.0306
0.0306
0.0548
0.0548
0.0548
0.0548
0.0548
0.0548
0.0548
0.0548
0.0267
0.0267
0.0267
0.0267
0.0267
0.0267
0.0267
0.0267
0.0402
0.0402
0.0402
0.0402
0.0402
0.0402
0.0402
0.0402
0.021
0.021
0.021
0.021
0.021
0.021
0.021
0.021
0.0785
0.0785
0.0785
0.0785
0.0785
0.0785
0.0785
0.0785
0.1121
0.1121
0.1121
0.1121
0.1121
0.1121
0.1121
0.1121
0.1647
0.1647
0.1647
0.1647
0.1647
0.1647
0.1647
0.1647
0.1304
0.1304
0.1304
0.1304
0.1304
0.1304
0.1304
0.1304
0.1511
0.1511
0.1511
0.1511
0.1511
0.1511
0.1511
0.1511
0.2999
0.2999
0.2999
0.2999
0.2999
0.2999
0.2999
0.2999
0.3099
0.3099
0.3099
0.3099
0.3099
0.3099
0.3099
0.3099
0.5234
0.5234
0.5234
0.5234
0.5234
0.5234
0.5234
0.5234
0.7112
0.7112
0.7112
0.7112
0.7112
0.7112
0.7112
0.7112
1.365
1.365
1.365
1.365
1.365
1.365
1.365
1.365
1.3039
1.3039
1.3039
1.3039
1.3039
1.3039
1.3039
1.3039
1.7038
1.7038
1.7038
1.7038
1.7038
1.7038
1.7038
1.7038
1.084
1.084
1.084
1.084
1.084
1.084
1.084
1.084
1.5841
1.5841
1.5841
1.5841
1.5841
1.5841
1.5841
1.5841
1.2342
1.2342
1.2342
1.2342
1.2342
1.2342
1.2342
1.2342
1.3884
1.3884
1.3884
1.3884
1.3884
1.3884
1.3884
1.3884
0.89
0.89
0.89
0.89
0.89
0.89
0.89
0.89
0.8198
0.8198
0.8198
0.8198
0.8198
0.8198
0.8198
0.8198
0.7467
0.7467
0.7467
0.7467
0.7467
0.7467
0.7467
0.7467
0.7323
0.7323
0.7323
0.7323
0.7323
0.7323
0.7323
0.7323
0.9018
0.9018
0.9018
0.9018
0.9018
0.9018
0.9018
0.9018
0.6699
0.6699
0.6699
0.6699
0.6699
0.6699
0.6699
0.6699
0.7489
0.7489
0.7489
0.7489
0.7489
0.7489
0.7489
0.7489
0.5618
0.5618
0.5618
0.5618
0.5618
0.5618
0.5618
0.5618
0.3103
0.3103
0.3103
0.3103
0.3103
0.3103
0.3103
0.3103
0.4913
0.4913
0.4913
0.4913
0.4913
0.4913
0.4913
0.4913
0.3111
0.3111
0.3111
0.3111
0.3111
0.3111
0.3111
0.3111
0.3906
0.3906
0.3906
0.3906
0.3906
0.3906
0.3906
0.3906
0.2481
0.2481
0.2481
0.2481
0.2481
0.2481
0.2481
0.2481
0.1976
0.1976
0.1976
0.1976
0.1976
0.1976
0.1976
0.1976
0.1926
0.1926
0.1926
0.1926
0.1926
0.1926
0.1926
0.1926
0.1278
0.1278
0.1278
0.1278
0.1278
0.1278
0.1278
0.1278
0.0479
0.0479
0.0479
0.0479
0.0479
0.0479
0.0479
0.0479
0.067
0.067
0.067
0.067
0.067
0.067
0.067
0.067
0.0814
0.0814
0.0814
0.0814
0.0814
0.0814
0.0814
0.0814
0.0211
0.0211
0.0211
0.0211
0.0211
0.0211
0.0211
0.0211
0.0469
0.0469
0.0469
0.0469
0.0469
0.0469
0.0469
0.0469
0.0572
0.0572
0.0572
0.0572
0.0572
0.0572
0.0572
0.0572
0.0221
0.0221
0.0221
0.0221
0.0221
0.0233
0.0233
0.0233
0.0233
0.0233
0.0233
0.0233
0.0233
0.0312
0.0312
0.0312
0.0312
0.0312
0.0312
0.0312
0.0312
0.0504
0.0504
0.0504
0.0504
0.0504
0.0504
0.0504
0.0504
0.0264
0.0264
0.0264
0.0264
0.0264
0.0264
0.0264
0.0264
0.0574
0.0574
0.0574
0.0574
0.0574
0.0574
0.0574
0.0574
0.0693
0.0693
0.0693
0.0693
0.0693
0.0693
0.0693
0.0693
0.0468
0.0468
0.0468
0.0468
0.0468
0.0468
0.0468
0.0468
0.0189
0.0189
0.0189
0.0189
0.0189
0.0189
0.0189
0.0189
0.0565
0.0565
0.0565
0.0565
0.0565
0.0565
0.0565
0.0565
0.1784
0.1784
0.1784
0.1784
0.1784
0.1784
0.1784
0.1784
0.1771
0.1771
0.1771
0.1771
0.1771
0.1771
0.1771
0.1771
0.2002
0.2002
0.2002
0.2002
0.2002
0.2002
0.2002
0.2002
0.2673
0.2673
0.2673
0.2673
0.2673
0.2673
0.2673
0.2673
0.5944
0.5944
0.5944
0.5944
0.5944
0.5944
0.5944
0.5944
0.8065
0.8065
0.8065
0.8065
0.8065
0.8065
0.8065
0.8065
0.7366
0.7366
0.7366
0.7366
0.7366
0.7366
0.7366
0.7366
0.946
0.946
0.946
0.946
0.946
0.946
0.946
0.946
0.9553
0.9553
0.9553
0.9553
0.9553
0.9553
0.9553
0.9553
0.8233
0.8233
0.8233
0.8233
0.8233
0.8233
0.8233
0.8233
1.148
1.148
1.148
1.148
1.148
1.148
1.148
1.148
1.1784
1.1784
1.1784
1.1784
1.1784
1.1784
1.1784
1.1784
1.3713
1.3713
1.3713
1.3713
1.3713
1.3713
1.3713
1.3713
1.4958
1.4958
1.4958
1.4958
1.4958
1.4958
1.4958
1.4958
1.3837
1.3837
1.3837
1.3837
1.3837
1.3837
1.3837
1.3837
1.3176
1.3176
1.3176
1.3176
1.3176
1.3176
1.3176
1.3176
0.8667
0.8667
0.8667
0.8667
0.8667
0.8667
0.8667
0.8667
0.7006
0.7006
0.7006
0.7006
0.7006
0.7006
0.7006
0.7006
0.6033
0.6033
0.6033
0.6033
0.6033
0.6033
0.6033
0.6033
0.5815
0.5815
0.5815
0.5815
0.5815
0.5815
0.5815
0.5815
0.6036
0.6036
0.6036
0.6036
0.6036
0.6036
0.6036
0.6036
0.4961
0.4961
0.4961
0.4961
0.4961
0.4961
0.4961
0.4961
0.6451
0.6451
0.6451
0.6451
0.6451
0.6451
0.6451
0.6451
0.6067
0.6067
0.6067
0.6067
0.6067
0.6067
0.6067
0.6067
0.5287
0.5287
0.5287
0.5287
0.5287
0.5287
0.5287
0.5287
0.3664
0.3664
0.3664
0.3664
0.3664
0.3664
0.3664
0.3664
0.3774
0.3774
0.3774
0.3774
0.3774
0.3774
0.3774
0.3774
0.2888
0.2888
0.2888
0.2888
0.2888
0.2888
0.2888
0.2888
0.0587
0.0587
0.0587
0.0587
0.0587
0.0587
0.0587
0.0587
0.0826
0.0826
0.0826
0.0826
0.0826
0.0826
0.0826
0.0826
0.0491
0.0491
0.0491
0.0491
0.0491
0.0491
0.0491
0.0491
0.0473
0.0473
0.0473
0.0473
0.0473
0.0473
0.0473
0.0473
0.0407
0.0407
0.0407
0.0407
0.0407
0.0407
0.0407
0.0407
0.0383
0.0383
0.0383
0.0383
0.0383
0.0383
0.0383
0.0383
0.0166
0.0166
0.0166
0.0166
0.0166
0.0166
0.0166
0.0166
0.0456
0.0456
0.0456
0.0456
0.0456
0.0456
0.0456
0.0456
0.0235
0.0235
0.0235
0.0235
0.0235
0.0314
0.0314
0.0314
0.0314
0.0314
0.0314
0.0314
0.0314
0.056
0.056
0.056
0.056
0.056
0.056
0.056
0.056
0.022
0.022
0.022
0.022
0.022
0.022
0.022
0.022
0.0356
0.0356
0.0356
0.0356
0.0356
0.0356
0.0356
0.0356
0.0523
0.0523
0.0523
0.0523
0.0523
0.0523
0.0523
0.0523
0.0254
0.0254
0.0254
0.0254
0.0254
0.0254
0.0254
0.0254
0.0454
0.0454
0.0454
0.0454
0.0454
0.0454
0.0454
0.0454
0.0931
0.0931
0.0931
0.0931
0.0931
0.0931
0.0931
0.0931
0.1728
0.1728
0.1728
0.1728
0.1728
0.1728
0.1728
0.1728
0.087
0.087
0.087
0.087
0.087
0.087
0.087
0.087
0.2062
0.2062
0.2062
0.2062
0.2062
0.2062
0.2062
0.2062
0.2325
0.2325
0.2325
0.2325
0.2325
0.2325
0.2325
0.2325
0.4239
0.4239
0.4239
0.4239
0.4239
0.4239
0.4239
0.4239
0.3607
0.3607
0.3607
0.3607
0.3607
0.3607
0.3607
0.3607
0.8542
0.8542
0.8542
0.8542
0.8542
0.8542
0.8542
0.8542
1.0007
1.0007
1.0007
1.0007
1.0007
1.0007
1.0007
1.0007
0.6556
0.6556
0.6556
0.6556
0.6556
0.6556
0.6556
0.6556
1.1989
1.1989
1.1989
1.1989
1.1989
1.1989
1.1989
1.1989
0.9117
0.9117
0.9117
0.9117
0.9117
0.9117
0.9117
0.9117
1.1101
1.1101
1.1101
1.1101
1.1101
1.1101
1.1101
1.1101
1.2902
1.2902
1.2902
1.2902
1.2902
1.2902
1.2902
1.2902
0.9476
0.9476
0.9476
0.9476
0.9476
0.9476
0.9476
0.9476
1.3731
1.3731
1.3731
1.3731
1.3731
1.3731
1.3731
1.3731
1.3445
1.3445
1.3445
1.3445
1.3445
1.3445
1.3445
1.3445
1.1435
1.1435
1.1435
1.1435
1.1435
1.1435
1.1435
1.1435
1.1061
1.1061
1.1061
1.1061
1.1061
1.1061
1.1061
1.1061
0.9891
0.9891
0.9891
0.9891
0.9891
0.9891
0.9891
0.9891
1.2528
1.2528
1.2528
1.2528
1.2528
1.2528
1.2528
1.2528
1.0254
1.0254
1.0254
1.0254
1.0254
1.0254
1.0254
1.0254
0.7806
0.7806
0.7806
0.7806
0.7806
0.7806
0.7806
0.7806
0.7306
0.7306
0.7306
0.7306
0.7306
0.7306
0.7306
0.7306
0.6359
0.6359
0.6359
0.6359
0.6359
0.6359
0.6359
0.6359
0.6805
0.6805
0.6805
0.6805
0.6805
0.6805
0.6805
0.6805
0.4269
0.4269
0.4269
0.4269
0.4269
0.4269
0.4269
0.4269
0.5024
0.5024
0.5024
0.5024
0.5024
0.5024
0.5024
0.5024
0.3768
0.3768
0.3768
0.3768
0.3768
0.3768
0.3768
0.3768
0.2379
0.2379
0.2379
0.2379
0.2379
0.2379
0.2379
0.2379
0.0567
0.0567
0.0567
0.0567
0.0567
0.0567
0.0567
0.0567
0.1506
0.1506
0.1506
0.1506
0.1506
0.1506
0.1506
0.1506
0.0966
0.0966
0.0966
0.0966
0.0966
0.0966
0.0966
0.0966
0.0835
0.0835
0.0835
0.0835
0.0835
0.0835
0.0835
0.0835
0.053
0.053
0.053
0.053
0.053
0.053
0.053
0.053
0.0353
0.0353
0.0353
0.0353
0.0353
0.0353
0.0353
0.0353
0.026
0.026
0.026
0.026
0.026
0.026
0.026
0.026
0.0403
0.0403
0.0403
0.0403
0.0403
0.0403
0.0403
0.0403
0.034
0.034
0.034
0.034
0.034
0.034
