20090901
20201231
21.90247396
23.384114583
21.85138021
22.511380208
22.853385418
23.704296875
24.139348958
24.597057293
25.103567707
23.818828125
23.458151042
22.6496875
22.099453123
21.022942708
21.74299479
21.562604165
21.186432293
21.619635417
21.55138021
21.761041667
22.590390622
20.64013021
18.901614585
17.837760415
18.036015622
19.6053125
20.100078123
19.533489582
17.890364585
19.250625
20.967395832
17.731354168
17.098125
17.219583335
17.18236979
17.740130208
16.05684896
17.99140625
15.146145832
14.137526042
13.745885418
15.106328125
16.072239585
15.971770832
15.29294271
14.916328122
14.317265622
14.092083332
16.331484375
17.624609375
17.43921875
15.868541665
14.24888021
14.025572918
15.271979168
14.225104165
13.864036458
14.211041665
15.480000002
13.513046875
13.007882812
13.257192708
13.47106771
13.796328125
13.751770832
14.257135418
15.04453125
15.61272629
16.016024305
16.244695978
15.216614582
15.16299508
15.1289921
15.917012885
15.632772485
14.836094575
11.960998132
10.955994484
10.039287416
10.933601509
12.74471741
13.121898982
11.860889808
11.6676028
10.70814275
9.454111666
8.886950155
9.501734418
11.072343135
10.470816575
8.737274032
7.928911754
7.717100017
6.102820834
4.465341096
4.803269229
6.3645836
5.261878792
5.713206425
2.805878592
1.7404473
2.22904675
5.270706933
8.276665214
6.427776041
3.257361979
3.5545625
4.75440625
5.138723958
4.483135417
4.341963542
5.768216146
7.899466146
8.643710938
4.656895834
4.208838542
4.131755208
3.989802083
3.611601562
3.435335938
3.626541666
3.287244792
2.530075521
2.313588542
2.269703125
1.869252604
2.099125
2.671046875
0.706617187
-0.519588542
-0.878231771
-0.564242187
0.305085938
0.561786458
2.128122396
5.603697917
6.140614583
6.441257812
6.289536458
6.738507812
7.176815104
7.401359375
7.717427083
8.127596354
9.174888021
7.413364583
6.268705729
5.455166666
8.257309896
5.295315104
3.670682292
3.543643229
3.5168125
3.575616296
3.288433354
3.110460938
3.828807292
5.836552083
4.616140625
4.823796875
4.677432292
2.959838542
2.638807292
3.055304688
3.952489583
5.652572917
3.713596354
3.326184896
3.458916667
4.091729167
5.702867188
6.914632812
7.025932292
6.906309896
4.56016927
4.911994792
4.860783854
5.58983073
4.840260417
6.128
6.723338542
6.207872396
6.132992187
6.383299479
7.751065104
10.078458332
11.000885418
10.971380208
10.497083332
11.475947918
10.42728125
10.21386979
10.068117188
10.295382812
9.417388021
10.329609375
10.281250001
9.282794271
9.821968751
11.415072918
6.453947917
5.503794271
7.416125
9.890039063
11.735494792
10.893627605
10.471731772
10.773072915
10.418945312
11.134153645
13.179643228
15.399973958
16.491119793
16.057630208
14.038570312
16.133645833
17.183515625
18.237552083
14.330325522
12.762565105
13.422716145
15.352473957
16.65481771
17.044947918
16.620677085
16.74611979
16.85653646
16.567760418
14.677812498
14.001171875
14.248359378
14.29825521
16.190677085
16.825416665
17.835130208
16.921770833
16.463411458
14.829661458
14.242135418
14.95625
17.825468753
18.13247396
16.148333333
16.567499998
15.331953122
16.293333333
17.80653646
18.459635415
18.563229165
16.471484375
15.674739585
16.893255207
17.83625
19.183463543
17.102291668
15.759166668
16.8175
17.928046875
17.937031252
18.08609375
19.027864583
19.423125
19.424791667
20.9396875
21.882291667
22.123125
21.678177082
21.797317707
21.820625
22.061562497
22.062343748
22.453541667
22.62
23.592656248
23.859375
23.3440625
23.621484372
24.044140625
24.38065104
24.111380207
25.252916665
24.654296875
24.189322915
25.168463542
25.576536458
25.831614582
23.476822915
22.74171875
24.244921873
25.133541668
25.768932293
26.005781253
26.160520832
26.03783854
26.468619793
26.31830729
26.440234375
26.202864582
26.568645832
25.9975
24.834869793
25.07609375
24.629843748
24.751223958
24.896953123
24.4153125
24.554895833
25.1771875
25.60799479
25.298567707
24.880885418
24.433932292
24.544765625
25.580260417
24.95890625
25.96559896
26.69375
26.83184896
26.978125
27.078333333
26.819140625
26.804322915
26.930729167
26.750260415
26.593906248
27.018593752
26.957786457
26.533932293
26.19234375
25.464166665
25.801770833
26.059661457
26.062734372
26.289218752
26.962864582
26.788333332
26.682291667
26.82184896
26.861328125
26.738333332
27.103802082
27.24296875
27.321145833
27.311953125
27.449739583
27.735598957
28.10828125
28.247656253
27.939140625
27.700442708
27.474322918
27.403958333
27.372552085
28.634687503
28.376744792
28.429166665
28.505859375
25.58966146
24.239218753
23.671484375
23.836354168
24.14393229
25.415416665
26.62106771
27.158932293
25.959088542
25.43221354
22.588229167
21.321067707
22.363072915
24.753359375
24.316927085
23.483020835
24.154036457
25.753567708
25.489505207
24.576848958
24.784791668
25.396901042
25.544270832
25.50442708
25.17002604
25.11875
24.98408854
24.729973958
24.825104168
24.984036458
24.927083333
24.942812498
23.817421875
21.811953125
19.882473958
20.254218753
20.378750002
20.347447915
19.938046877
19.540390625
17.96684896
17.1128125
17.39065104
18.148463543
19.051770832
19.094635418
19.118489583
19.63515625
19.127473958
18.664140622
18.3084375
16.858281252
17.490546875
17.6190625
17.359687498
18.028489583
18.7909375
18.053723958
17.907395833
17.7934375
18.22203125
18.099505208
17.431744795
16.996822915
15.669140625
14.174322918
13.689583335
14.357291665
15.254713542
14.84231771
14.674166665
14.47203125
13.564635415
11.88453125
11.887252605
12.88252604
14.397630208
15.45466146
15.445859375
16.225286458
15.662317708
12.964010417
11.705911458
12.142213542
12.00315104
11.51747396
10.403187501
10.471466147
12.622734375
14.959218748
15.84697917
13.194114582
15.578463542
10.680710937
8.558854166
8.785765626
9.876880208
11.77933854
8.513835937
7.681020833
8.220604166
9.139973958
9.607583333
7.555210938
6.40275
6.954414062
7.979901042
7.76053125
8.236674479
9.019268229
6.00925
5.3256875
6.276744792
8.009424479
8.023971354
7.898997396
7.486114584
7.330929688
9.605598958
9.457434895
8.09978125
7.454804688
7.822833333
6.000851562
3.932705729
4.790247396
5.999236979
9.026773438
11.01888021
9.074950521
4.932372396
3.554117188
5.237252604
6.060106771
5.254507812
6.100286458
7.077447917
5.590333333
5.243135416
4.648963542
2.155838542
1.664692708
2.433317708
3.645505208
5.051408854
5.890632812
6.421255208
6.396208333
5.790661458
3.950369792
2.669557292
4.505786458
4.401164063
3.923747122
5.833276042
4.907317708
5.418682292
7.793388021
8.181101562
6.657760417
7.11440625
3.40084375
3.040028646
2.812570312
2.984177083
2.9534375
3.233763021
3.972460937
3.983421875
1.883861979
1.525065104
1.962257813
3.688208333
5.239492188
6.296075521
8.27678125
9.777927084
12.511171875
12.497552085
13.735416668
14.549557293
11.835208332
9.900744791
12.788541665
13.709973958
9.132125
9.802559896
13.610963542
11.342447916
10.519947917
11.02924479
11.762421875
12.337708335
9.7831875
9.473992187
10.884895832
12.095468748
11.270703125
10.858002605
11.63275
13.138723958
13.079114582
10.774812502
10.571471356
13.186979168
16.34638021
16.533802085
16.57684896
17.841171872
17.339947917
17.993984377
15.988828125
14.808385418
16.7228125
14.824453125
11.818072918
11.822161458
11.467109378
10.973572918
12.547479168
14.916484375
16.347604165
19.903880208
16.58052083
15.356039062
18.327890628
19.772449632
20.941432293
22.089895835
22.145807292
20.161145835
19.224296875
19.948463543
21.427265625
17.584895832
17.806640625
18.513177085
22.311822915
23.434973957
18.811015623
17.965703125
22.172239585
18.840182292
16.21421875
17.491979165
16.9203125
15.966614585
16.385182293
17.71653646
19.01408854
14.67028646
13.412916668
14.773880208
16.40703125
17.42643229
18.16640625
20.880729168
22.330703128
23.605781247
22.673359375
20.73640625
20.694869795
19.48015625
18.323020832
18.086484375
18.416666665
18.73171875
20.319713543
21.650677082
20.00731771
21.520260418
23.505078125
23.47169271
22.962213543
21.657968752
20.892031248
21.961015625
24.331041665
25.123645832
24.868046872
25.0059375
25.3171875
25.344843753
25.805494792
25.841927082
26.1040625
26.804479167
27.63190104
28.100052082
28.361406247
27.830182295
28.15184896
28.65059896
29.57768229
29.584244793
27.710651043
28.453880207
30.0103125
30.9859375
30.71234375
31.223125
30.187838542
29.88328125
30.376666665
31.590546875
32.350859375
32.835390625
33.2296875
32.196380208
29.314519925
29.30916125
29.200903
29.05140325
29.3194715
29.29885075
29.37617825
29.68033275
30.03088325
33.31928
36.000879408
35.141015625
34.22755208
32.872708335
30.231614583
30.322890625
31.46796875
32.24143229
32.245234375
32.74752604
33.011432292
33.434114582
33.399036458
33.569635418
33.812682292
34.391770835
33.191380207
33.518203128
35.019921875
35.155546872
34.36908854
34.7584375
35.41765625
35.69877604
36.015078125
36.418619792
36.629375
36.998593752
37.165703125
35.005520832
36.624921875
36.39059896
34.57796875
28.541796875
28.955000003
28.44346354
29.316692707
29.531171872
30.040104165
29.785026043
30.357031248
29.94856771
29.983385417
29.150078125
29.958567707
30.415624998
30.557682293
30.350546875
29.701953125
30.178151042
30.562916667
30.1
30.03752604
30.65796875
30.781197917
30.29971354
30.510104167
28.09002604
26.716015625
25.68919271
24.869088543
26.08419271
25.50575521
26.04296875
26.699348957
27.086015625
28.979505207
28.428515627
23.459921875
20.960052082
23.376484375
24.531510418
23.205208335
22.64078125
23.434531253
20.87049479
19.904114583
21.472421875
22.0653125
21.855677083
22.717161458
23.53578125
24.35908854
23.362838543
21.76390625
21.809739585
22.400625002
22.85390625
21.919114583
24.42299479
24.531744792
23.094739585
20.02424479
19.957239585
19.8375
20.973958333
19.589140625
19.024765622
19.490859378
19.900781247
19.759401043
17.68236979
15.902630208
15.205390625
15.679921875
17.11044271
18.035182293
17.787682293
18.804062497
18.538828125
15.25828125
14.585885418
13.567161458
14.146432292
14.00516009
15.56002604
15.553828125
12.910833335
11.54184896
12.611093748
15.249192708
17.098385417
16.1859375
13.707838542
12.536015625
12.057552082
12.799505208
14.203255208
14.702906522
14.859010415
12.936380208
10.877734376
11.539140622
14.2928125
12.308203125
11.227682291
11.38371025
10.875424478
10.767749999
12.76565104
12.051223958
8.586109374
7.344067708
7.656356771
7.482244792
8.747888021
8.636565104
10.324341148
8.878257813
6.842914062
5.484559896
4.285210938
5.060486979
4.998179688
4.773419271
4.987932292
6.897713542
8.4644375
11.291328125
9.050015625
7.307859375
6.311486979
7.527320312
9.51484375
8.552083334
7.353515625
6.657424479
5.826705729
4.691867188
5.225408854
7.135434896
6.23371875
5.600770833
6.101708333
7.193882812
7.086182292
7.1225625
5.368716146
4.994166667
5.795796875
5.726145834
6.379085938
7.371736979
7.924244792
7.200627604
7.399723958
6.155169271
4.061002604
3.54075
4.155216146
5.035494792
9.410546875
6.623106771
4.401179688
5.470731771
5.972010417
5.012486979
7.317705729
6.979604167
7.026924479
8.109536458
7.476809896
7.351940104
6.736471354
5.856955729
7.399747396
10.575156249
8.614041666
8.93075
11.94565104
9.083005346
7.609558224
6.908617188
8.236611979
6.832359375
5.568580729
6.466846354
3.40115625
2.910859375
4.192033854
5.179242188
8.691606771
8.671869791
9.35625
9.081216146
8.735414062
8.435484375
7.991294271
8.985739583
10.18295573
9.165682292
8.477932292
10.204078123
10.88669271
12.152760418
11.510072918
11.287390625
11.966135418
10.60058073
10.412677082
11.97768229
13.19466146
14.660859378
10.622463542
9.321533854
9.275757812
10.676031475
12.804322915
14.122760415
16.221073467
17.277473957
17.298671877
17.778046877
17.313359375
15.761223958
15.067083335
14.39065104
13.476979168
13.871432292
14.652682292
15.550390625
16.270286457
17.06127604
17.342246983
18.169192707
18.409895835
18.957291668
19.657343748
20.231276042
17.698229165
17.365
16.35138021
16.26580729
16.764583335
16.595
17.32111979
17.8521875
17.744817708
17.57372396
18.035496162
18.850442708
18.150130207
16.258098957
16.01205729
16.62674479
17.71471354
16.657734375
14.998229165
14.850156248
14.174166668
15.640598958
18.42323947
19.355651042
20.915060455
20.04622396
20.120442708
20.555703125
20.920755208
21.680026042
22.66578125
22.38296875
22.470442707
23.179375
20.744088543
19.863802085
19.301927083
19.71140625
18.40304002
18.45402111
18.879010415
18.745286458
18.364241073
21.06351318
21.073940305
21.160859372
22.218645832
20.22328125
20.054036458
20.48390625
22.052213542
23.526666665
24.38807292
24.458828125
24.136692707
24.751302083
24.249036458
23.591614583
22.636874998
21.062135417
21.597239585
23.428541667
24.420338543
24.319531252
22.852916668
22.168203128
22.100416667
22.932760417
24.434739583
25.176406248
24.530859378
23.2590625
24.461015625
25.16609375
25.563229168
25.689348958
25.835703125
25.901588543
25.774010415
24.809635418
25.41565104
25.964427083
25.92888021
26.259895832
26.717499997
27.066822917
26.709635417
26.86721354
26.964947915
26.76408854
26.826822917
27.370234375
27.553359375
27.673359375
27.73690104
27.452578123
26.86721354
26.064765628
25.601458332
26.09986979
26.276015625
26.618880207
26.98359375
26.750546875
27.185755205
27.826119793
28.325
29.026796875
29.473854168
29.269296875
29.45966146
29.686432293
29.826614582
30.491484375
30.21796875
29.913229165
30.13533854
30.364895833
30.808776042
31.336666665
31.98609375
32.62817708
32.86419271
32.905885418
32.30434896
32.172395835
30.609192708
30.211770833
30.452057293
29.77825521
28.721328125
30.217317708
29.488203122
28.096953125
30.008984373
27.383385415
26.879529628
24.541953125
24.142682292
24.999895835
25.503333335
25.382317708
24.758072918
25.72674479
27.227916668
25.889635415
26.456197915
26.839088543
25.54252604
25.724609375
26.930625003
27.258619792
27.676041668
28.282135418
28.26703125
28.159895832
28.27075521
27.775911455
24.792109375
24.212057292
24.42549479
24.406901042
25.336354165
22.32497396
20.47177083
20.580208332
21.212552083
22.267604168
22.612500002
22.16875
23.672083333
24.58622396
24.544583333
24.16028536
24.617786457
26.369348958
24.466640627
22.504270835
22.338046875
22.069635417
21.520572918
20.702005208
20.847256233
20.656958715
19.756136547
18.30775903
15.394125318
15.116435332
14.947001192
16.486116173
16.670170415
18.2608154
19.966150253
20.284260043
19.305401813
18.875767303
19.418557107
20.05311346
17.74046091
16.912317087
17.464575133
20.127189927
20.540990055
20.588796598
20.4624756
19.146829445
16.049175855
14.6174865
13.881443015
13.91675102
14.652036088
15.565481975
16.015926075
16.868515492
16.773263255
15.623505885
15.497710232
14.87487652
14.88340025
15.822409892
18.015568487
18.425355133
15.662539602
11.57447403
10.694842388
10.75229409
10.699326175
11.03197603
10.539736542
11.701430218
13.829114512
13.65461337
13.587732868
15.17989664
13.564207162
10.789157365
11.444432648
10.91442466
9.88550295
9.575155803
11.348131765
12.273500488
14.179187465
13.6474117
15.665100748
14.05353796
11.665480982
12.40324992
12.200739258
12.251247275
10.823113572
7.831606594
6.235664066
6.361352787
8.420633592
9.612479469
9.964282968
9.82951986
8.655796237
8.084211062
9.405088094
7.89501766
6.132961968
6.850775308
7.392900149
6.239395953
5.191626439
4.098800857
3.736593406
3.776747074
3.030929565
2.352884612
4.373758038
4.109013282
4.141557383
3.536565014
3.678460897
5.297181134
4.349448809
3.803156964
5.362333361
7.565836926
9.569108719
9.746902592
7.832938722
4.14329706
3.193562112
2.553383917
2.653859278
4.084229102
4.691686515
5.778784291
6.239628254
5.491157471
6.789830952
7.783752604
7.591039063
6.491330729
6.420559896
9.444447916
12.636119792
13.164583332
9.346140623
7.742627604
6.855627604
7.593276042
8.035518229
10.83559896
9.50415625
10.47791667
11.69822396
9.584502604
7.920867188
10.367815102
9.089976562
7.38212659
8.480247396
8.824705729
8.167333333
7.989700521
9.027445314
10.769322918
8.643192708
6.282158854
6.019205729
6.033072917
5.852869792
7.452114583
6.868213542
7.593981771
7.615020833
7.269533854
6.560143229
7.085697916
8.560302082
11.481692708
9.542114584
8.128085938
10.24575521
10.801067708
11.876433388
9.294622169
9.228674479
9.338244792
10.521630209
12.233776042
14.089309898
16.064140622
11.720010416
12.734872398
10.978609375
12.478734375
11.27338802
10.475533854
9.852013021
9.902247395
8.858325521
8.958799479
11.100940105
13.486682295
14.520859375
16.770052083
16.094296872
15.215697915
9.369221352
8.323872396
9.7595625
11.67620902
14.84765625
14.436510415
17.672109375
17.896585937
10.371528646
11.851007815
13.168086625
14.954738485
17.299244795
18.891848957
15.907630208
16.796796875
13.464117187
13.459820312
14.87642448
16.236953125
17.000104168
13.001721352
13.078505208
13.995583332
15.379557292
15.435833332
16.436458332
18.44875
19.35830729
19.461848957
13.639947915
13.860299478
13.697677082
14.177890628
15.211796875
16.996588542
18.247578125
17.810364585
18.523854167
17.992265625
17.969401042
19.517864582
20.662864582
18.973151042
18.338359373
19.503046877
21.965729168
22.200286457
21.763645835
18.557578123
19.027401865
19.72609375
21.04546875
20.905989582
21.734635417
22.391718748
22.498515625
21.856588542
21.964635415
22.89984375
22.77049479
21.624296878
21.717916667
22.897421875
22.951901043
22.45981771
21.897838543
21.83
22.986796875
24.246380207
24.951302085
25.638333335
25.71252604
25.719010418
24.530885418
25.383072915
24.4596875
24.263645835
23.86455729
25.52341146
25.695390628
25.849583332
26.148333335
26.176875
26.26190104
26.551744795
26.837760418
26.567005207
25.663932293
24.89497396
23.547395833
23.0053125
23.107760417
23.601119793
24.28783854
25.222864585
25.968567708
26.162005208
27.169583333
26.82054852
26.92111979
26.228359375
26.59890625
23.568828125
22.42234375
23.71653646
24.412447917
24.81330729
25.130364585
25.418072918
25.88234375
26.466744793
27.062890625
25.664270835
25.158333335
24.454635418
24.270078125
24.471302082
25.259583333
25.621093753
25.901666667
25.878880207
26.486041665
26.481484375
26.822604167
26.960364585
27.105729167
26.783854167
26.281822918
25.935807293
25.402421878
25.455677085
26.33466146
24.91546875
24.594244792
24.279973957
23.472265628
23.377291667
23.378541667
23.824375002
24.204947915
24.192994793
24.752942708
25.422734375
25.492239583
25.878984375
25.63890625
24.71096354
25.40674479
26.05854167
26.446171875
26.547994792
26.151067708
26.215442708
24.730078128
25.1728125
25.708074837
26.1106017
26.45341146
26.43440104
26.120546875
25.981458335
25.815000002
25.916015625
25.322421875
24.582083333
25.122916665
25.642682293
24.88971354
25.125078122
24.952421878
22.392031248
21.2390625
21.207031252
21.424348958
22.323020835
22.361875
23.78434896
23.912161458
21.4403125
19.669557293
19.948828123
21.02359704
22.352421872
24.236171875
24.315260415
19.227473957
17.76567448
17.572533855
17.669341147
18.533046875
19.363203122
21.423255205
20.712161457
20.211302085
19.82223958
18.067994792
16.530440105
15.937335935
14.018418588
13.861872398
14.475947915
14.35093229
14.50745573
15.102453125
14.563208335
13.896664065
14.541328125
16.075416668
16.009505207
18.588802085
18.953307292
17.78200521
15.170950522
13.755263019
12.93243229
14.802291665
15.840677085
13.448093751
11.911947918
12.311023435
13.673786458
14.09658854
14.742406248
10.770660224
8.617932292
9.478567709
11.600390625
14.49635417
14.969815102
12.658125
12.747083332
12.942994792
13.362190108
8.20990104
7.727783853
5.982320312
6.180895834
7.348924479
5.268794271
5.616348958
6.122880208
8.208739584
8.640783854
8.949403646
9.453125
7.898033628
4.847692708
3.741552084
3.237330729
3.872304688
3.421510417
2.609606771
2.674054688
2.738364583
5.335486979
5.168192708
4.390171875
5.097502604
5.44503125
6.328351562
9.641197916
7.020945313
4.861372396
4.506088542
2.784611979
3.903255208
4.062210938
3.64021875
3.929351563
5.150484375
4.109778646
2.544692708
3.163392105
4.435184896
2.664955729
3.039916666
5.253606771
2.343932292
0.3351875
1.671552083
2.668359375
3.629856771
5.7070625
4.971851562
6.628979167
6.880546875
4.864434896
4.783825521
5.800919271
5.641471354
6.25075
5.701411458
4.04338547
6.53882975
5.7449355
5.373764
4.0334235
5.21910925
6.49243325
5.94083125
4.64688675
4.11590575
4.945886
6.14703775
6.116107
5.373764
4.9252655
4.74483475
3.827217
2.986926
2.89928825
3.172512
3.60038975
3.306546
3.14158075
4.193233
4.811852
6.08517625
6.1676585
7.033725
8.673065
7.99258425
8.5802725
9.83813075
8.42561775
8.6833755
9.00815025
8.2297215
8.12661825
7.11105225
6.80174275
8.374066
8.930823
6.45634725
4.34788775
4.8324725
5.96660725
7.11105225
7.66780925
7.62656825
7.91010175
8.94628825
10.64233525
10.30725
9.62161425
10.601094
10.98257575
9.843286
8.86896125
10.06495775
10.312405
10.24538825
11.50840175
11.023817
10.209302
10.32271575
10.7815245
9.60099325
11.807401
11.77131475
11.807401
12.60645
14.25094575
14.256101
15.51911425
17.2460925
14.98813325
13.998343
12.93122525
13.57562025
13.33848275
13.967412
15.5861315
16.642939
17.6791255
18.0657625
14.0808255
13.31786225
14.05504975
13.96225675
15.02937475
15.92637175
15.936682
16.84914525
17.7770735
17.86986625
18.3596065
17.3904365
18.37507175
19.68448175
18.32352
16.8697655
16.34393975
16.34909475
17.15329925
18.03998625
19.13288
20.18453225
21.225874
21.6640625
21.6331315
21.684683
21.653752
22.44249125
20.85470275
18.73593275
18.581278
18.2358825
19.02977675
19.7618095
20.27217
21.64859675
22.6847835
23.5250745
23.9941935
23.16421325
22.26206075
22.66931825
22.44249125
22.0249235
22.34969825
23.0095585
23.0714205
23.35495425
23.75190125
24.49939925
24.8447945
26.893044232
27.048223208
24.825021333
24.378002207
22.338763125
22.693297292
22.715486915
24.194597
23.719126125
24.440428543
25.380800668
25.75542396
26.108569165
26.496650208
26.771277
24.51385575
25.435676793
25.976233167
25.526013582
24.971719293
25.667635833
25.846034833
25.126002667
25.628629168
25.732606668
26.69691025
27.406403332
27.0284955
25.658567375
25.533431417
25.816201458
27.063875917
27.525673
28.015603083
28.254693835
25.649570418
27.198105918
27.281727458
27.383711042
27.48536875
26.149915915
25.259798915
22.511590918
21.323324083
21.36178054
23.21657296
24.961484543
26.660212207
27.775459543
28.248734125
28.4597445
28.938417042
29.73793571
29.510861542
27.089960375
27.86892525
24.336902832
23.27849275
24.673281958
25.202182625
25.611454833
25.96964446
25.855743418
26.398287458
27.135728335
27.780606833
28.89543146
28.29094554
28.261878833
26.97801321
27.684000707
28.178944415
29.20254346
27.647809375
29.110098583
29.824704415
30.172434178
29.265813353
27.444573582
28.99985175
28.711163
28.8297315
29.133886
29.22667875
28.9637655
28.5049565
26.79859925
26.56146225
27.051202
27.896648
27.78838975
28.02552675
28.34514675
28.69569725
25.5201205
24.54579575
25.540741
26.0511015
26.25730775
24.437537
21.787786
19.69479225
20.94749525
22.13318175
23.60755675
24.303503
23.97357325
23.92717675
24.5097095
24.49939925
23.61786725
23.06626525
23.2415405
23.0404895
23.1075065
23.30340275
23.26216125
23.62817775
23.7261255
24.6025025
24.7468465
22.41156025
21.0093575
21.416615
21.99914775
22.41156025
22.78788675
23.246696
22.499198
18.84934625
18.8957425
18.184331
16.488284
16.874921
17.35950575
18.0348315
17.84409075
17.5811775
18.679226
19.4112585
19.14319025
19.725723
19.53498225
19.99379125
19.97832575
20.091739
19.1535005
17.65334975
17.36981625
16.7563525
14.9572025
14.905651
15.673769
14.8334785
13.9210155
13.3900345
12.750795
13.34879325
12.50334725
13.86946375
11.94659025
8.801944
7.88948125
7.932468169
8.029606176
7.577301361
6.78919172
5.768574452
6.691474858
7.492469005
10.116375236
12.005543118
12.499978878
10.544431138
9.265776006
9.027972497
8.359512945
9.042562513
10.643049958
11.590954588
8.227556202
7.648419812
8.145905417
9.70545854
11.614018172
11.125855528
10.592592418
10.968766715
9.837563532
9.38166355
10.62444957
10.937141035
11.949203728
12.82845315
11.170117805
9.330951083
8.398690768
8.687201442
8.900153974
8.898969343
9.056699806
9.754924615
9.092670549
8.313045432
7.357575448
8.918513284
7.458779915
6.091436631
5.777598695
5.161211008
3.863816157
4.202722157
4.922716364
5.632848435
4.355066207
3.181716896
3.758969356
3.022661449
1.878514497
1.99586586
2.171210062
3.471656692
3.896885735
3.386474974
3.314508588
4.457382322
4.478752442
4.862394205
5.232910194
6.062914988
6.495432998
5.994198266
5.753262642
5.971195508
5.87432919
6.674374209
6.618094085
7.872056043
8.403253304
8.664212494
7.749728722
7.641013326
7.433473281
5.327577142
5.815027362
5.553885094
4.909094671
5.674497933
7.547507659
8.37440727
9.071839493
9.227854413
8.67498637
7.579644388
7.660476341
8.60585888
8.039356854
6.037264887
5.860770016
5.957637168
5.849317995
6.454485829
7.844057124
5.67510867
3.517048983
4.574821761
5.959388024
4.818293785
2.779932236
3.279272012
3.545677137
3.997562468
5.97032563
4.977818505
4.490283967
4.937458254
6.409082481
8.415062867
8.576226348
9.615214813
10.192846449
10.828209456
10.407978934
11.108192462
11.843931502
12.543779095
12.761853575
12.523316088
12.190153565
11.812671528
11.880734942
13.565982815
14.01101384
15.45057151
14.769144412
13.154460618
12.74171507
13.48483838
14.727765098
14.827592892
16.67463074
17.660068617
18.826375705
16.906062818
16.329175165
14.329904058
17.40061623
20.342888707
19.875106635
20.371826207
18.12125603
17.455382867
19.92319764
17.08428399
15.353681743
17.730183115
17.956903782
18.900733825
19.316508003
17.935208333
16.856124998
17.890971355
17.22830729
16.886302082
18.083541668
19.546718475
19.422858005
16.044921875
15.090768228
16.759283852
17.414650535
18.179895835
19.262864583
19.564192708
20.527604168
18.616302085
19.150677082
19.408541667
19.198203128
19.015208332
19.879036457
18.743229168
18.105859375
17.121588542
19.94502604
20.772015625
20.898645835
21.686223957
22.10005208
20.66044271
18.95578125
18.921041665
17.38890625
18.210026043
18.266484375
19.102760418
19.919010417
20.63609375
20.97200521
20.87575521
20.17888021
19.679088543
20.486197915
22.267083335
23.264192708
23.920572915
24.215624998
24.110071023
25.169561887
24.359427085
24.630052083
25.099635415
25.637291665
25.60671875
23.399869795
24.149114583
23.84390625
23.796588543
23.045078125
23.14481771
24.579609377
25.835364582
25.436015623
26.03611979
25.96033854
25.982630208
26.232291668
26.006666665
24.993125
24.436822917
24.784661458
25.168359377
26.120078128
25.86546875
24.820598957
25.36515625
26.096119792
26.283593752
24.46044271
23.606718753
23.994244792
24.979427083
25.614322915
25.987265628
26.344791665
26.62533854
26.44484375
26.11997396
26.36127604
26.755546872
26.721614582
26.719973958
25.510052082
25.301848957
26.761901042
26.871302083
26.812942707
26.881015625
27.005833332
27.068307293
26.834088543
27.02890625
26.59234375
26.163515623
25.44390625
25.084322917
24.938125
26.200286457
27.057005207
27.156796872
26.835677082
26.88611979
26.338880207
26.528671875
25.312213543
25.000703122
23.869505208
24.247630207
24.380651043
24.820416667
25.521901042
22.47018229
21.441067708
23.920598958
25.118385418
24.467557232
24.174166665
24.399375
25.07783854
24.915911458
24.118032435
24.621666665
24.746197915
24.506953128
24.620572917
24.585260415
24.64234375
24.84484375
25.13359375
25.751692707
26.104739582
26.190416667
24.519140625
23.841171875
23.236380207
22.209296875
22.371640625
22.319218747
23.257447915
24.707734375
25.404036457
25.496848957
22.649895833
21.02872396
22.360364582
23.526927085
23.282395835
22.738697917
22.7990625
21.889713543
21.526822917
21.469270833
21.437083335
21.84247396
20.307473958
18.999583333
18.509713543
18.686510417
17.90768229
18.527968753
19.464348958
20.033541665
18.831223958
18.320885415
19.941276043
19.641041668
18.24734375
18.674479167
19.715911457
18.45346354
17.323854168
17.026354165
17.36477604
19.077708335
20.160416668
19.124453125
19.74684896
17.905598958
16.933125002
15.877968752
16.939505208
15.99671875
15.544114582
14.613307292
15.22484375
14.807447918
15.358359372
16.6485
17.27125
17.967760415
15.81424479
15.2621875
13.92367448
13.626208333
14.716796875
16.50674479
13.34970052
12.247523435
12.03375
13.22875
14.417369792
15.015520835
13.175799482
12.372947918
12.57257552
10.978861979
8.859609374
9.267752603
10.929635418
13.60138021
14.28964323
8.812851562
7.291247396
7.811268229
8.582924479
7.621247396
7.355682292
7.39846875
7.712132812
7.893070312
7.891927083
7.855994792
8.631755208
9.396255208
9.974749999
10.169647499
13.225885415
12.103234375
10.158395832
9.863869792
7.968052083
6.988921875
6.267216146
7.353192708
9.584718751
9.09921875
9.405690103
10.561703125
8.658283854
9.445403645
11.04574479
6.054580729
4.688994792
4.394854166
6.086757812
6.300270834
6.114161458
5.545708333
5.54709375
5.398042924
5.160850361
6.191601562
7.42671875
6.59834375
5.824614584
4.59694566
5.152359375
5.467276042
5.841557292
6.655239584
7.138067708
6.09021875
5.423091146
4.466770833
5.325526042
5.321942708
5.196708333
4.747752604
5.607216146
6.900578125
7.654484375
6.112153646
5.986114584
6.818270834
7.717359375
8.836148438
9.237903646
9.123520832
8.706192708
7.419252604
6.557075521
7.145101562
7.918317708
7.583151042
7.37846875
6.934333334
7.51503125
8.280057292
8.374552083
8.645625
9.139315105
9.830421874
9.830369791
9.707125001
11.595523436
12.70080729
13.671901042
12.29044271
11.950242187
9.689273438
9.846247396
9.437598958
9.168463542
10.376802083
11.856520832
12.045406252
11.836596352
11.414541668
11.907625
11.67417969
12.32254427
12.065546875
12.954479168
13.249817708
13.186223958
13.613098958
13.38768229
13.61216146
13.975318162
14.507994792
14.434286455
13.7551875
14.128203125
12.675565105
12.07208073
11.312388021
11.682031248
13.438749998
14.990963542
13.188098958
12.480502605
13.952734375
12.479914062
12.416445312
14.23859375
15.514947915
14.761354167
13.70880729
13.294210938
14.068630208
14.918619792
15.925208335
16.093854168
15.254679688
15.02036979
14.554395835
16.791979167
15.456145835
15.047812498
15.288880205
15.101458332
15.580338543
16.794479165
16.636145833
16.71125
16.951614585
16.939322918
16.937942707
16.9690625
17.314895832
18.086536457
19.09236979
19.040833333
18.190182292
18.135859375
17.82671875
17.751822915
17.274739583
16.503333332
16.4775
17.15885417
17.257343748
17.53502604
17.766015625
18.14450521
18.599791667
19.20783854
19.924479165
19.237890625
19.192057292
18.196406248
17.517994792
17.8575
17.563333333
16.970494792
16.615703125
17.300052085
18.486223958
19.558958333
19.46247396
20.567578125
21.694062502
21.84203125
21.112941575
20.321401053
20.379496272
20.547094802
20.582678425
20.638324713
20.591215318
20.570553803
20.564510267
20.560695215
20.427525813
20.39669721
19.909644097
20.86263681
21.16460593
21.481049913
21.730291815
21.75710637
21.881222758
22.370901563
22.996841997
23.416740318
23.69374767
23.698837105
23.755785582
23.81001117
23.915936305
24.14277741
24.33121321
24.306309892
24.347567975
24.275884925
24.404427082
24.229921875
24.336875003
24.222161458
24.74200521
25.256223957
25.235833333
25.416901043
26.04122396
26.233671873
25.551380207
25.081067708
25.179739585
25.553645835
25.901458335
26.24453125
25.576616802
24.332109378
24.886822918
25.363541668
25.403697918
25.4778125
25.734296878
25.962291668
26.036796875
26.111432292
26.3209375
26.333046877
25.525520832
25.698359375
26.082604168
25.68568921
25.613307293
26.11825521
26.32315104
26.232838542
26.31294271
26.310052083
26.396536457
26.48966146
26.57247396
26.357682293
26.786927085
27.179921878
27.312447915
26.932057292
26.46299479
25.725026042
25.643697917
25.233385417
25.56622396
25.358854165
24.951536457
24.232526042
23.60252604
23.447760417
24.29078125
25.37549479
25.7271875
25.664401042
25.448020832
25.314895832
25.473932295
25.655885418
25.41658854
24.746979165
23.88622396
23.515833333
24.119166665
25.105729168
25.597890628
25.781328125
26.476145832
26.36015625
24.078020833
23.168619792
23.6621875
24.29671875
23.454739583
23.409140628
23.56221354
23.392942707
23.222864583
24.243645833
24.695598955
24.68065104
24.382447917
24.113671875
24.415000003
23.244088545
22.366015625
21.676822918
21.584114582
21.005703125
20.481692707
20.393255207
20.747708333
20.883671875
21.336276042
22.288541667
22.814244792
20.58888021
19.677916665
19.657812498
19.833515625
20.130156253
20.459921875
18.568046877
19.385286458
20.937838542
21.965130207
22.672369792
22.118932292
22.143906247
20.217864582
18.760416667
18.64747396
18.79528646
19.365520835
19.71502604
20.364791665
20.362604165
20.600677082
20.61263021
19.929036458
20.064192707
20.728411458
21.144739583
19.844296872
19.143046873
19.393049618
18.753593747
18.699402072
18.48351428
17.804564272
16.663035063
16.741476053
15.972934385
15.439468428
15.42435728
15.17085991
15.345189808
16.122465637
15.14010736
12.869894625
12.318989262
12.789413015
14.599663072
13.61757399
12.801624408
12.286669537
11.631243934
13.012602822
13.222617645
11.983280338
10.908311238
10.238787989
10.753494737
11.257364155
11.212345656
10.344554447
10.246089857
9.203007141
8.02807716
7.180242375
8.013358382
9.70807901
8.939557588
8.298008187
7.414482898
6.678745168
8.610237704
7.573056191
4.617479167
3.944332582
4.719745785
5.7452678
6.163234428
6.80713386
7.855713864
10.686550686
10.196239504
8.572416639
9.140631792
8.474048271
7.493581051
8.209322192
8.048403646
10.336122396
7.815830729
5.559447917
4.205432292
3.58675
2.765932292
2.733950521
4.74734375
7.842979167
8.491723958
8.080718254
7.203845
6.373865
6.37902
7.4100515
7.265707
8.276118
9.35354575
9.21435675
8.930823
9.32261475
8.446238
8.85865075
8.64213425
6.93062175
6.21921
6.0387795
6.775967
7.662654
8.24003175
8.40499675
7.34303425
6.79143225
6.75019125
7.4100515
9.72471725
10.64233525
9.52882125
8.111153
9.21435675
11.719763
11.79709075
10.6217145
9.20404625
8.32766975
8.5596515
9.55975225
11.15269575
12.15795175
13.1013455
12.37446825
12.101245
13.121966
11.8589525
9.54428675
9.2401325
11.05474775
13.11165575
12.137331
10.503146
10.48252575
10.26085375
11.3382815
13.518913
12.8075015
11.58572925
13.45705125
14.158153
12.9724665
11.07536875
11.20940275
10.80730025
11.1733165
12.235279
14.80254775
15.89028575
16.947093
17.7409875
18.12246925
17.591488
17.8080045
18.215262
16.0577973
14.867523024
15.585349554
14.881072004
14.595356587
14.470249517
14.725423071
15.024877397
15.087683682
15.924305602
16.153437922
15.414278689
14.689174254
15.020259567
16.675445976
17.95422651
17.851606888
16.471454618
16.966770335
17.016280275
18.34683476
19.301113746
19.123775979
18.318117623
18.529053825
20.423697917
19.393748258
18.310815505
16.421059382
16.243010635
16.191973374
17.882684618
16.520119362
15.541449222
17.245184112
16.732873341
15.118744257
15.049581477
15.996565956
16.319230847
15.94636543
16.053466071
16.697860842
17.660927953
18.290792723
19.190348193
19.619733616
19.909383608
19.390275506
18.889948026
19.548815508
21.182227793
20.74176622
21.060179197
21.120947953
20.149517603
19.833820438
19.119879339
18.857183465
18.667645962
18.39621524
19.269536407
21.331271907
22.407059741
22.272359365
21.371004123
21.136822558
21.490036749
21.617284589
20.957387763
21.35744831
21.849867402
22.623090314
22.8123801
23.78798725
23.055955
23.313713
23.92717675
24.324124
24.721071
25.045846
25.37062075
25.99955
26.59754825
26.90685775
25.65415425
25.52527575
26.31401475
24.41388327
23.554838882
23.68823186
23.550234552
22.995899922
23.082912049
23.844048734
24.651749694
25.300335222
24.877474045
24.217621569
24.406052139
24.866361655
24.339193716
24.875197565
25.217991759
25.438298424
25.567592881
26.881082
27.1852365
27.47392525
27.58218325
27.61311425
27.7471485
27.7471485
27.432684
27.48423575
27.504856
27.695597
27.85025175
28.11831975
28.34514675
28.35030175
27.953355
28.10800975
28.48949125
28.2678195
28.45856025
28.4998015
25.92460425
27.54609725
26.37587675
25.9892395
26.061412
25.96861925
26.3397905
25.98408475
25.705706
25.2623625
25.5922925
25.86036075
26.20575625
25.25205225
24.94789775
25.865516
26.360411
26.79859925
25.610422269
25.821440917
26.124697375
25.985386208
25.888854542
25.778664458
24.653240667
24.377528375
24.314758333
24.313197917
24.352011958
24.214564042
23.306381083
22.813045458
22.956320542
22.7041605
23.265918167
23.678358042
23.903321292
22.9298385
21.337916375
21.084953583
21.184963125
21.202391167
21.174352542
21.000018708
20.705258333
20.622404
21.468721042
22.8036855
23.55888125
23.665120875
22.587655
23.428404917
23.9833485
24.610671167
24.314882042
23.694417625
23.394127125
23.073569458
22.322511917
20.740880708
20.364585417
20.487559625
20.767019125
20.805673458
21.086239958
22.101094708
22.669332667
22.815797833
22.90029225
22.124546833
20.4342835
20.691105375
18.782703083
17.521442125
18.349541875
20.074190542
21.165422083
19.02593675
17.067956958
16.445292042
16.60503675
16.811318583
17.6626725
18.892673917
17.418108792
16.19688725
15.348946125
14.799335625
15.163254167
13.673157542
12.173472958
12.65756625
13.243883625
12.412622875
13.120346542
14.720427583
14.729502375
15.003791
16.31471875
14.792777
13.643625417
12.506075833
11.689075414
12.084577542
13.267981167
13.893204333
14.031648333
15.188698917
15.573768167
14.077786458
16.078072917
14.8734375
12.088229167
11.335518229
11.513645833
10.430244792
10.1669375
11.184375
11.765208333
10.966231771
11.892109375
13.433307292
12.799921875
11.409973958
11.869505208
12.118854167
12.920026042
14.771927083
11.324322917
9.590791667
7.776828125
6.308882812
7.099169271
7.423591146
7.891270833
7.975145833
7.576822917
7.632919271
7.062765625
7.459992188
8.885619792
9.341492188
10.923945724
11.57921875
10.72421875
8.271726562
7.137742188
6.663091146
5.774520833
5.134505208
4.370981771
5.027526042
5.826510417
5.014432292
3.247335938
4.160416667
3.669791667
3.442708333
3.619494048
3.902083333
4.544791667
6.277083333
6.791666667
6.695833333
7.559375
7.725
5.83125
5.370833333
5.486458333
5.26875
4.260669192
2.8033783
3.113320002
3.672719655
5.486458333
7.620832756
7.82958942
6.875827979
6.463757832
6.507931163
7.700850433
8.66327067
7.670602254
7.390283004
6.557750473
7.555442629
8.226041667
7.642870671
7.431702899
7.196875
6.042839912
5.492708333
5.315625
5.379166667
6.491666667
6.507291667
5.527083333
4.798958333
5.543976449
7.195833333
9.3875
9.836458333
9.273958333
8.770833333
10.692708333
11.208194444
5.148319418
5.719921
5.634089791
7.19375
7.667410714
8.185833333
8.411011905
10.833927342
10.500316496
9.860208333
10.582394023
11.378099048
11.787274697
10.855266472
10.270709535
9.947681954
10.680057783
11.715397523
12.101115763
11.17570544
10.535594416
10.03233191
11.616666667
12.502766798
12.435220411
12.492156186
13.121520862
11.5238675
13.00496063
12.703045245
14.45199675
14.922906315
14.883169877
15.121061112
15.045355029
14.077463915
14.024775438
14.35
14.155
13.510463287
12.280208333
13.976174855
12.84375
12.862745
14.128433831
12.61210549
11.728745719
12.545661515
12.679844733
14.413306174
16.02431975
17.38012625
16.03552676
14.72863926
14.552032832
16.03463025
16.97802425
16.127423
15.82842375
14.549945
14.0241185
15.570666
16.84398975
15.82326875
15.4520975
16.452198
16.817654705
16.786865065
17.783895667
18.472664333
19.358276
19.795477417
19.78353525
19.4934605
19.874037417
20.708099167
20.881632
21.346329514
21.370591583
21.40993654
22.030968667
22.417128667
23.012981
22.424785388
22.334661
22.63517925
22.968515312
23.593888743
22.564541739
22.309311167
22.869752239
23.463516333
23.945384667
23.36281475
23.698258
24.357877083
24.549194167
24.673352917
25.1003625
25.311922783
25.744428156
25.94354
25.033278167
23.953182917
24.237342333
25.02257025
24.262924583
23.863523667
24.819127667
25.07336975
25.61498
25.338570849
25.441218083
25.607758
25.6799305
25.77272325
25.7778785
25.798499
25.406707
25.0046045
24.886036
24.51486475
24.09729675
24.2107105
23.39104
24.7674675
25.44279275
25.86036075
25.96861925
25.7778785
25.1953455
26.12842875
26.91716825
26.942944
27.12852975
27.6388905
27.58733875
27.47392525
27.27287375
26.201409523
26.281721129
26.518571819
26.592297452
26.68357631
26.803906571
26.836198237
27.02469786
27.019759899
26.803946442
26.99854093
27.070028121
27.098769283
26.898503232
26.379646692
26.197820401
26.166918339
26.197512308
26.331229127
26.580453483
25.934562579
25.403089298
25.5375
25.094347826
25.24375
25.294791667
25.59375
25.923958333
26.173958333
26.01875
25.696130952
25.828125
26.093125
25.671052632
25.471875
25.356060107
25.956458333
26.129545455
26.64800075
26.960523685
26.443491167
25.726154667
25.076903167
25.165620833
25.536113833
26.244041167
26.642233917
26.79478331
27.3244255
27.932397214
27.570063
27.93273425
27.70590725
27.219694
27.069268167
26.665566333
25.731512417
25.742371667
25.81878
25.335544833
24.670409083
23.889856583
23.05278725
23.381264
23.82861575
24.000549333
24.191516333
24.366267083
24.622468
24.86956025
25.129011167
25.17801125
25.206319333
24.048681333
22.40385875
22.346442583
22.7216525
22.994212
21.758431667
20.382918833
20.755737583
21.239422667
22.042400417
22.66096925
22.831553083
23.24316275
23.583655667
23.734530833
23.616971917
22.64778475
22.934252583
22.502875917
21.3956385
19.947558833
19.343490333
18.741546667
18.296112
16.65666425
16.847916667
16.723052536
17.244112319
17.376041667
17.352083333
16.908333333
16.552083333
16.836458333
16.558333333
16.373958333
16.247916667
16.341666667
16.54375
16.548958333
17.391145833
16.6176065
15.587061333
15.045368083
14.7581005
14.654999917
14.72617575
14.807359333
15.093135333
14.564866583
13.603112917
12.336549833
12.38920025
11.5632055
9.81995775
8.920346917
9.243101528
10.458611111
11.012388888
10.647916667
10.179097071
10.204044397
9.71285312
10.064275402
11.203143268
11.211669431
11.39264686
10.334448355
9.725855521
9.426230092
9.616290636
10.848888889
11.801608992
10.477892417
9.836085583
9.874022747
8.80870605
9.627746958
9.65611595
8.994928832
8.747865349
8.43421755
8.139416138
8.855608974
9.213661552
8.307765152
8.164261364
7.838541667
8.181041667
8.54375
9.090277778
9.225297619
8.884583333
8.609655493
8.625305111
8.254166667
8.385416667
9.863541667
10.435416667
9.05
8.022916667
7.463541667
7.796723485
7.685176282
6.81458315
6.410587783
6.301857967
6.611523592
7.226483494
8.383697262
8.54934125
7.52862
7.829329817
8.097813192
8.167696358
7.549030867
7.39903555
7.310829375
7.770525767
8.1070357
8.042574375
8.005415304
6.680617732
6.694796192
7.69641126
6.945401475
6.541732183
6.221766933
5.906181833
6.404781183
6.6668448
6.041746283
5.60851861
5.392391304
6.797916667
8.167708333
9.554166667
10.14375
9.758333333
9.276041667
8.30625
6.758333333
6.4
6.69375
7.407291667
7.942708333
7.576041667
8.466666667
8.548958333
7.232291667
7.158333333
6.678125
6.341666667
6.667708333
7.15
7.777083333
8.463541667
8.257291667
8.05625
8.223958333
7.503125
6.2
6
6.15
5.773958333
4.73125
4.423278986
4.8
5.982291667
7.146875
8.301041667
8.409375
8.281521739
9.392708333
10.776358696
11
10.198480731
9.838888889
9.652083333
10.00625
10.308333333
11.010416667
10.931324111
11.367210145
12.278125
13.390625
13.159375
12.819791667
12.941666667
13.678125
14.205208333
13.466666667
12.098958333
11.851041667
11.909375
12.725
13.447916667
13.873958333
14.6
15.178125
15.575
15.74375
16.523958333
16.573958333
14.992708333
13.953125
12.515451389
13.632291667
14.912569444
15.727083333
16.217708333
15.541964286
15.222192029
16.029861974
17.024044774
17.10044775
16.5047045
16.737784917
17.34404025
17.437829917
18.023811306
18.2917645
18.25484513
17.90367275
17.6481945
17.55024675
17.3852815
17.74614275
19.333931
19.7669645
19.27722425
18.405268
17.0656615
16.60685275
17.0914375
18.0657625
19.431879
20.2979455
20.93203
21.0505985
20.478376
20.28248
20.2309285
20.2927905
20.13813575
21.385684
22.11771625
22.21050925
22.5765255
22.8136625
22.64354225
21.349598
21.29289075
22.05069925
22.427026
22.7724215
23.117817
22.981120068
23.110232897
22.89012075
22.930046583
23.36644825
22.872079917
22.335861583
21.970493417
22.27824475
22.076986141
22.164035667
23.212697583
23.262905583
23.068771583
23.396189833
23.609215167
24.005975167
25.100120583
25.3665795
24.584950917
24.025774167
24.329825833
24.872536083
25.196941154
25.532468098
25.569188417
25.58452975
25.2919535
25.429346083
25.657096833
25.703155
25.80425525
25.557145917
25.501612167
25.6858795
25.80003
26.290764833
26.474416
25.851655833
25.764297917
26.02470675
25.915948167
26.399916917
26.990893667
27.191952667
27.35945275
27.51422825
27.407878167
27.0040345
25.907440476
25.295833333
25.072916667
24.830208333
24.80625
25.176041667
25.871875
26.225
26.328882576
26.540625
26.678125
26.604166667
26.20625
26.278003247
26.679342532
26.99673913
27.165625
27.167708333
27.363541667
27.582291667
27.726041667
27.565625
27.238541667
27.244791667
27.58125
27.799412879
27.99375
27.980208333
28.129166667
28.102840909
28.014085145
27.45625
27.033333333
26.594791667
27.202083333
26.69672619
26.363541667
26.661458333
26.104166667
25.375
25.875
26.195833333
26.26875
26.403125
26.369791667
26.272916667
26.327083333
26.26875
26.213541667
26.419791667
26.578125
26.776041667
26.341394928
26.356530417
26.696107485
26.34375
26.29375
26.248958333
26.177083333
25.94375
25.4625
25.683333333
25.778972567
26.392893628
26.81875
26.434375
26.352083333
26.35625
26.325
26.326041667
26.469791667
26.360416667
25.838541667
24.791666667
24.917708333
24.658333333
23.214583333
21.976041667
22.091666667
22.797916667
20.305208333
18.211458333
17.888541667
18.6125
20.398958333
19.753125
18.613541667
18.645833333
18.960960145
18.730208333
18.810416667
17.735416667
17.41875
17.297916667
14.603125
14.026041667
14.871872243
14.86299814
14.258137856
12.080143417
11.719981618
11.068478261
11.460416667
11.496875
12.265625
13.139583333
14.288541667
13.836458333
12.386458333
12.357291667
12.967708333
12.920833333
10.361458333
9.54375
9.538541667
9.63125
9.825
10.532291667
10.65
11.280525362
12.202083333
13.242708333
12.172916667
11.3
10.884280303
10.777974649
11.04375
10.771875
10.41875
10.414583333
11.119791667
10.515625
9.772916667
9.560416667
9.616666667
10.602083333
10.792708333
10.108333333
10.302083333
10.6875
9.729166667
8.835416667
9.158333333
9.23125
9.171875
8.890625
8.427083333
7.734375
7.229166667
7.021875
7.286458333
8.080208333
8.511458333
8.136458333
8.307291667
8.916666667
9.633333333
9.847916667
10.669791667
10.345833333
9.215625
8.377083333
7.939130435
8.707291667
9.070833333
8.530208333
8.311458333
8.15625
7.942708333
7.7625
9.082291667
10.33125
9.333333333
8.298958333
8.339583333
9.688541667
10.747916667
9.980208333
8.883333333
9.121875
8.185416667
7.670833333
7.421875
7.463541667
7.866666667
7.874048913
7.828125
8.747443182
8.710606061
9.126041667
8.455555556
8.339515693
8.286778846
8.22442495
8.6171802
9.471875
9.211458333
7.883333333
7.078125
6.772916667
7.308333333
8.689583333
8.703125
8.134375
8.129166667
7.835416667
7.189583333
7.632291667
8.210416667
9.010416667
9.469791667
8.997916667
8.996590909
7.966304348
8.391666667
9.170833333
9.644791667
9.660416667
9.223958333
8.41969697
8.939402174
9.314583333
10.55
10.9
10.815625
10.998958333
10.502083333
10.261458333
10.234375
10.586458333
11.706521739
11.913541667
13.00625
13.640625
13.395833333
12.576041667
12.220833333
12.195833333
12.748958333
13.04125
14.482561481
14.365008254
13.120926683
13.064583333
13.574286283
14.761875
15.000163667
15.579495614
16.580208333
16.771875
15.871875
15.373958333
15.068452381
15.471917297
15.310795455
14.978768939
12.278981272
12.837804432
14.3847925
15.684385039
16.120996732
16.414583333
15.805208333
15.69375
15.7375
14.397599638
13.481891026
12.815224359
13.502708333
13.9875
13.239031863
14.147487745
14.401041667
15.15911973
15.894565217
16.144791667
16.641950758
16.651041667
16.42504529
16.94237013
17.656804654
17.935738636
17.359375
17.886458333
18.721875
19.516666667
20.252083333
20.082291667
18.994791667
18.62625
18.730775
17.757513917
17.962590167
17.62935475
16.684967417
16.979951917
18.706890667
19.494278968
18.8749825
19.26942987
19.401460985
19.842037432
20.115988467
20.559429362
20.758380372
21.694802184
21.954550778
19.176992362
20.884565642
20.786479282
20.86938707
21.16766166
21.367708333
21.5025
21.676875
22.096541502
22.779314888
23.457291667
23.766666667
24.255208333
24.558333333
24.547916667
24.610416667
23.563541667
23.027083333
23.095833333
23.251041667
23.490625
23.684375
24.029166667
24.422916667
24.596875
24.427083333
23.882291667
24.084375
23.605208333
24.155208333
23.904166667
24.157291667
24.572916667
25.082291667
25.365625
25.626041667
26.010416667
26.3875
26.755208333
26.530208333
26.730208333
26.523958333
26.635416667
26.310416667
26.382291667
26.907291667
26.527083333
26.29375
26.858333333
26.955208333
27.248958333
27.207291667
27.320833333
27.388541667
27.477083333
27.407291667
27.292708333
27.25
27.164583333
27.34375
27.46875
27.370833333
27.304166667
27.346875
26.798958333
26.842708333
26.992708333
26.734375
26.090625
25.820833333
25.720833333
25.3625
24.809120227
25.107291667
25.815625
26.509375
26.520833333
26.829166667
26.878125
26.98125
27.3
27.475
27.552083333
27.534375
27.182291667
26.755208333
26.105208333
25.704166667
25.651041667
25.725
25.65
25.689583333
25.697916667
25.857291667
25.853125
25.702083333
26.363541667
26.28125
26.570833333
25.2375
24.864583333
25.260416667
25.547916667
25.713541667
25.8125
25.878125
25.965625
24.3375
22.595833333
22.326041667
22.433333333
22.735416667
22.792708333
22.976041667
23.21875
23.328125
23.098958333
22.648958333
22.180208333
21.972916667
22.10625
22.139583333
22.178125
22.290625
22.572916667
22.928125
22.220833333
21.080208333
20.6625
20.735416667
19.946875
19.70625
19.586458333
19.172916667
19.439583333
19.870833333
20.333333333
20.540625
20.80625
20.975
21.107291667
20.002083333
19.898958333
20.353125
19.375
18.928759058
19.441666667
18.639583333
18.715625
19.635416667
20.510416667
19.959375
18.292708333
17.466666667
14.1625
11.084375
9.959375
10.534375
11.295833333
12.001041667
12.763541667
12.682291667
12.923958333
13.5625
14.282291667
14.729166667
15.3625
15.475
16.132291667
16.23125
14.801041667
14.536458333
14.392708333
14.873958333
14.60625
13.59375
13.379166667
13.333333333
14.053125
15.040625
15.869791667
14.992708333
13.577083333
14.007291667
13.727083333
12.819791667
12.639583333
12.014583333
11.886458333
10.700265523
9.715164474
9.621162281
9.651875
9.11875
9.119791667
9.296875
9.238541667
9.370833333
9.369791667
9.55625
10.58125
9.70625
8.825
7.875
7.552083333
7.348958333
7.165625
7.609375
8.501041667
8.009375
8.005208333
8.35
9.410416667
7.95
7.423958333
7.5375
8.272916667
8.44375
8.960416667
8.675
6.994791667
