20090901
20201231
1.911985342
1.897324496
1.88535097
1.884138878
1.876776988
1.864069523
1.85104559
1.835735996
1.8168638
1.801068196
1.791748039
2.271913006
6.581949413
7.589347107
9.053263628
9.385527599
9.820939097
9.860308811
9.855213642
9.861490304
9.847455175
9.875751475
9.860007595
9.833479323
9.823778362
9.78623391
9.706301233
9.431603214
9.026364921
8.670810081
8.20727089
7.365227091
6.742173542
8.12925928
8.504139735
8.505668302
8.430223345
8.796441261
10.503693796
10.751391474
10.828952895
10.875199684
10.889772725
10.895649925
10.908863536
10.952339909
10.89695778
10.885624608
10.892947295
10.896564376
10.907772985
11.137419569
11.150017908
11.165652293
11.161540215
11.149984042
11.130333488
11.1259748
11.246598982
11.32673027
11.34249506
11.343143304
11.345158422
11.316349577
11.309053582
11.297445972
11.283106913
11.26228297
11.237190748
11.23436308
11.209282966
11.20087069
11.191779858
11.167345944
11.151597326
11.120517146
11.092612011
11.042722543
11.004925069
10.994915212
10.982462414
10.977546372
10.954881859
10.905716883
10.858286555
10.77352287
10.706682917
10.661013829
10.62655077
10.591294977
10.712857079
10.657181874
10.971860922
10.991062473
10.97891345
10.976552507
10.981097641
10.982473685
10.976346088
10.959313057
10.954707745
10.953405775
10.963660205
10.983923196
10.961077973
10.943710381
10.939496861
10.943869135
10.947547268
10.921752704
10.927100705
10.932945703
10.932206455
10.9333082
11.048832419
11.187900633
11.197170171
11.204763577
11.224603799
11.231219035
11.242977631
11.238278837
10.374172377
10.371273635
10.366333159
10.359900832
10.347915296
10.347267308
10.313318714
10.169637146
10.160175701
10.165696415
10.163957377
10.139401684
10.143524927
10.288091479
10.287713169
10.295656529
10.299754115
10.313031871
10.328298913
10.31487556
10.411508256
10.440046161
10.439264833
10.43457278
10.443177842
10.435799915
10.446191359
10.436480131
10.463208161
10.465338459
10.472514672
10.472665037
10.474507154
10.487409028
10.493987646
10.507418741
10.498503147
10.488618964
10.503124877
10.513019138
10.514762381
10.496105628
10.512526244
10.523526116
10.513308246
10.519391428
10.51496232
10.518129743
10.523323418
10.51316173
10.519486555
10.526721309
10.538074537
10.549043962
10.545752922
10.544795824
10.542271089
10.561892702
10.564020989
10.549141662
10.556041054
10.560444078
10.570016219
10.567196294
10.56422252
10.560749409
10.5706875
10.589980145
10.587513344
10.593617903
10.591774698
10.593646455
10.599526315
10.602300902
10.595347459
10.585050919
10.589148006
10.571409542
10.579621765
10.581190933
10.607295058
10.616974888
10.6089751
10.611996984
10.628705003
10.606017354
10.607250771
10.608631437
10.612155005
10.605504767
10.600447265
10.595267213
10.60960297
10.61848892
10.603839772
10.589631061
10.583744657
10.579866691
10.576958519
10.560437796
10.538334557
10.484628278
10.391452932
10.231951069
10.010027713
9.825483921
10.261189216
10.599735434
10.624853259
10.626195434
10.636787705
10.642692968
10.665145907
10.660652895
10.663707587
10.657265893
10.644706851
10.631694722
10.592590927
10.51963908
10.402765792
10.266578713
9.986280699
9.722769323
9.239054955
8.559239374
7.50673001
6.378699669
5.829235306
5.785854428
5.596729895
5.307938467
8.036319982
10.251708922
10.447014658
10.468854605
10.506106593
10.53071631
10.537114115
10.518121151
10.497586452
10.422782854
10.272264542
10.017418666
9.625749172
9.143071569
8.380958001
7.286175007
6.324833543
5.499033371
4.898121094
4.571256362
4.184946088
3.880397477
3.582426827
3.23075876
2.864187597
2.531626025
2.201023131
1.886274381
1.681502462
1.548722668
1.406287466
1.276697949
2.189968227
10.429103956
10.489647854
10.521241631
10.497865693
10.453258639
10.360309656
10.119624914
9.868799792
9.531221191
9.058831482
8.361426881
7.560560205
6.690581057
9.982901876
10.330394245
10.318869741
10.269878836
10.222257352
10.427108532
10.596392288
10.637359887
10.647169083
10.623073951
10.598081071
10.615695037
10.698751151
10.71358049
10.728229921
10.750478335
10.749741616
10.732431746
10.690913112
10.588287507
10.387017276
10.13088207
9.824608039
9.321359618
8.620051826
7.630992351
6.425746378
5.36909875
4.505407059
4.988722576
4.794977707
4.12176695
3.172716123
2.430159373
1.967070694
1.652795944
1.417258163
1.221176676
1.074989131
0.985145734
0.892172634
0.818463833
0.763894486
0.726100866
0.68303405
0.643776847
0.605542131
0.563556832
0.535610781
0.515539601
0.499851409
0.485814486
0.467955014
0.447453238
0.427244369
0.409718009
0.391934226
0.376560657
0.372917351
0.355600916
0.341919855
0.331396079
0.327577503
0.322399081
0.319933154
0.319212259
0.331323661
1.967317357
3.082331916
3.221595473
3.080607827
2.858573775
5.233267386
10.488978595
10.541253994
10.570019221
10.594304874
10.630969613
10.661201898
10.679465962
10.667864846
10.633284194
10.619058686
10.587496439
10.533846372
10.460545117
10.370898508
10.25488746
10.318286645
10.290480617
10.105413714
9.837749702
9.539915559
9.150171832
8.789882717
8.416558945
7.975361573
7.487903612
7.093971248
6.717417199
6.365875724
5.973167899
5.510164651
5.05094525
4.845077239
8.345816872
8.287420506
8.205935542
8.133294049
8.056555654
7.972351552
7.881363415
7.812572516
7.706616382
7.614674818
7.463452934
9.236067615
10.444827496
10.490696227
10.53689292
10.55153125
10.546296252
10.51215158
10.484035735
10.481184159
10.469323428
10.452116398
10.43037411
10.407953288
10.361233748
10.305019952
10.262104356
10.198156684
10.123777753
10.048644423
9.960445995
9.910254986
9.84170671
9.8585957
9.8286608
9.765545966
9.801566439
9.877711781
9.823082821
9.769414081
9.738242784
9.722193716
9.704593115
9.615205605
9.578367015
9.398710659
9.288705617
9.192621385
9.128417585
9.057227695
8.882055829
8.799791593
8.729124454
8.693769871
8.563904392
8.412047412
8.322641905
8.226283079
8.174682485
8.095258488
8.016610123
7.953177183
7.766318566
7.680446295
7.618634314
7.612885532
7.522987626
7.432877285
7.50726151
7.524059916
7.603066803
7.590508661
7.524193078
7.436589748
7.38410182
7.317868136
7.185377761
7.153593345
7.157111678
7.235464021
7.301862078
7.208057489
7.860144796
7.849565617
7.904474396
7.893259841
7.841178627
7.863407199
7.823944879
7.735408326
7.670078845
7.610240796
7.477790936
7.387243446
7.362946062
7.344108835
7.367012115
7.333106165
7.365007873
7.275058888
7.22959385
7.092640046
7.057670503
7.069987562
6.946703908
6.93487443
6.90503608
6.875076335
6.855447316
6.880319855
6.847278182
6.72977772
6.695827168
6.532152287
6.472000478
6.461476719
6.503072664
6.688664688
9.864603622
10.984703079
11.019074611
11.045047767
10.746104058
10.801789066
11.117990699
11.121811838
11.125951568
11.13562317
11.144495171
11.163197165
11.15735974
11.161803263
11.161977196
11.133243516
11.127000968
11.134972137
11.121530849
11.119424126
11.12858624
11.125844817
11.075890388
11.062922098
11.046506251
11.033615574
11.019047877
10.990629696
10.972577268
10.953742965
10.947842333
10.931688339
10.913291308
10.895119866
10.867113342
10.821121736
10.787253147
10.748468849
10.722816435
10.709165747
10.656238599
10.589517513
10.505004955
10.424973184
10.332655821
10.134779201
9.930286174
9.768261876
9.451890195
9.294830494
9.188108188
9.060567154
8.994602
8.843936301
8.572001229
8.257589349
8.006964744
7.432368781
7.036699072
6.682391407
6.32045912
6.022000116
5.69156285
5.334230465
5.002285458
4.735766827
4.452782867
4.198525109
3.989540693
3.822883451
3.658616365
3.498511981
3.303246494
3.178610437
3.1346558
3.078966288
3.005115146
3.308868597
7.549399538
7.793549373
8.691455221
10.574831697
10.770803936
10.663486685
10.566009985
10.514513758
10.460055697
10.366537751
10.218515566
10.017027941
9.682236268
9.245559793
8.739301599
8.152262213
8.596859385
9.128044079
8.978765249
8.8433883
8.618615467
8.302648846
7.942121568
7.547868461
7.069307095
10.422605264
11.221736024
11.270393843
11.297479319
11.286591769
11.251783907
11.191393819
11.092928102
10.870509191
10.333412628
9.397542242
8.401498626
7.564524965
6.620498199
5.741661309
5.024704498
4.47016979
3.944159847
3.450337594
5.453152665
2.683504216
2.400587401
2.127264542
1.860954081
1.61370077
1.424432924
1.342791345
1.281515845
1.231809568
1.188372518
1.150951927
1.11967322
1.096002596
1.080971941
1.069686944
1.062145552
1.057460782
1.053421821
1.049455372
1.043715505
1.041482018
1.039192299
1.03480479
1.032281685
1.03020581
1.026060231
1.025132419
1.023118503
1.022415808
1.021377513
1.020147349
1.01867244
1.017199096
1.014233144
1.025152724
1.038702936
1.051809287
1.057838169
1.05584069
1.050737535
1.042986002
1.033334914
1.0261909
1.020531183
1.017782801
1.016286498
1.012659236
1.013322138
1.012494794
1.011578101
1.01064171
1.011010337
1.010537962
1.010080317
1.009873506
1.008686993
1.008640934
1.007508297
1.006567962
1.005251557
1.005929736
1.005186157
1.004520389
2.398494868
5.763696013
6.313513436
9.029566579
9.759249167
10.10366213
10.206967295
10.189587452
10.039213126
9.814893469
9.517372882
9.278415589
8.888452617
8.363852993
7.707424218
7.009373018
6.223403982
5.336664732
4.3959104
3.654545002
3.14257744
2.876970353
2.743484206
2.641983293
2.552862269
2.477235847
2.412923799
2.35036842
2.288348388
2.231289609
2.168548271
2.120534473
2.073274737
2.019549573
1.962668999
1.927368208
3.171007367
6.448830051
6.479122682
6.086120478
5.500020998
4.854357629
4.40095905
4.557259804
4.261533924
3.682518259
3.053676619
2.581898944
2.216910987
1.908150378
1.743749187
1.66971282
1.614228795
1.570301091
1.53137121
1.48748508
1.457570535
1.428452439
1.719457325
6.904100741
11.192978184
11.212173504
11.226992957
11.206193269
11.17816114
11.138326163
11.065701664
10.966368021
10.779837096
10.53956927
10.243493286
10.023201638
10.003648907
10.591890263
10.46871459
10.286774871
10.0190159
10.574426661
10.931738872
10.969087471
10.985852157
10.973363664
10.956236998
10.915172762
10.827026556
10.713480342
10.600800121
10.502172806
10.870630675
11.162613951
11.183895737
11.182859728
11.18697282
11.176185002
11.160970914
11.133907757
11.0971695
11.031680427
10.925724242
10.830517593
10.778205233
10.673110623
10.726445203
10.984122317
10.960871029
10.926304665
10.917272156
10.947674332
10.95184167
10.935334931
10.924618631
10.906825199
10.892925046
10.879081447
11.007770984
11.131014911
11.139787247
11.133260301
11.130869913
11.124288001
11.126842966
11.099398452
11.081811217
11.067873487
11.07370335
11.106404803
11.101685618
11.100353981
11.073808411
11.072570209
11.091553011
11.205576371
11.20504272
11.209021672
11.201620271
11.184737808
11.177212806
11.171143104
11.166114349
11.141012318
11.131816818
11.111642589
11.094480674
13.879749901
13.844532378
13.788950197
13.762948337
13.714105215
13.657394198
13.590681701
13.52256961
13.450708726
13.709406795
13.738416634
13.688181494
13.646342337
13.619894947
13.566181903
13.549287127
13.482034046
13.378947347
13.298956439
13.198755903
13.046364591
12.948091791
12.830901594
12.941825532
13.730666675
13.819220782
13.869305971
13.905292895
13.898918472
13.90419252
13.921898098
13.905202595
13.899501416
13.910016905
13.911550981
13.917779907
13.898254331
13.887267955
13.88155793
13.84768699
13.876796254
13.851842405
13.83996375
13.83809993
13.852634732
13.864624813
13.872505862
13.869620312
13.886791938
13.911310869
13.926445685
13.941903277
13.934918583
13.938895017
13.921956764
13.896789743
13.85386838
13.821863777
13.826739665
13.847695369
13.786149193
13.685366283
13.552021213
13.373900449
13.135651823
12.924043619
12.788711379
13.556594105
13.685554769
13.612531404
13.912076713
13.961934298
13.99679196
14.03216577
14.061247231
14.091135405
14.086270773
14.072451119
14.133168247
14.184002692
14.196551997
14.209142554
14.22687627
14.228697763
14.22475254
14.198422192
14.171982915
14.125820414
14.037815116
13.880792445
13.705383521
13.39965704
12.889581813
13.677466886
13.960212058
13.852372059
13.716718482
13.618929595
13.530067591
13.433173082
13.240219504
12.882652434
12.442699312
12.109303355
11.880502867
11.64000412
11.661256508
11.136790449
10.461731467
9.814236366
12.35072962
12.182314046
11.930444558
11.487523223
10.911097483
9.961034101
9.10223637
8.525011424
7.905601645
7.395336639
6.927578767
6.467053024
6.065847828
5.725362423
5.459795362
5.309672319
5.177800614
5.090831722
5.026510814
4.952574104
4.869009265
6.618139427
9.634136518
9.607418885
9.564463567
9.512065383
9.358176969
9.151075073
8.884129613
8.597338779
9.644142478
9.693598326
9.706651105
9.688452098
9.637777367
9.549129729
9.400273283
9.166844348
8.87614149
8.915868519
9.747048465
9.693701162
9.531190379
9.639950048
9.736749514
9.719365893
9.640676195
9.765230579
9.871735882
10.329007909
10.705981414
10.95896477
11.041092646
10.908951001
11.989899662
12.879365103
12.887425945
12.856741235
12.759918981
12.518476961
12.021132747
11.318376554
10.593043837
10.063023517
9.168173621
7.986100889
6.896576829
5.979925005
5.225866229
4.731554078
4.546163032
4.448151611
4.352218567
4.261771952
4.181625024
4.099297999
4.026498921
3.969002609
3.924038219
3.899253161
4.296123012
8.604790375
8.350807647
7.719475567
6.572871462
5.064009967
4.063805714
3.919894976
3.898214911
3.887507466
3.877932471
3.866976012
3.858322911
3.851455096
3.847281623
3.842883545
3.841263782
3.838743546
3.83695362
3.836973128
3.833845363
3.832197766
3.831132445
3.830770946
3.830512307
3.829895318
3.828421319
3.827475718
3.826589109
3.826197353
3.8345551
3.841273041
3.84171196
3.839380271
3.837422915
3.831510218
3.824746841
3.82571115
5.026309915
8.532751246
8.591949493
8.675118509
8.634804844
8.554140812
8.452088157
8.305678526
8.200389237
8.134025521
13.812830758
14.003211563
13.928116847
13.77293595
13.5123162
13.196555148
12.843579192
12.40352643
11.904959622
11.312233039
10.680478115
10.057757967
9.197685173
8.094863927
7.142569059
6.175255572
5.287399343
5.952561706
4.383416229
4.341922932
4.321908205
4.275092936
4.189325526
4.093230975
4.016504363
3.967071108
3.931185985
3.906439765
3.887058208
3.878645655
3.872715835
6.063495738
8.693988583
8.695565001
8.710265237
10.276128003
12.047475547
12.046448035
12.031820278
12.009929543
11.974816926
11.903020231
11.792690302
11.639427951
11.479203486
11.299135873
11.201064634
11.142111635
11.102863293
11.018703318
10.728739392
10.444998838
10.179753618
9.74622931
9.342977163
9.036425376
8.862057003
8.677377434
8.624158884
8.497295208
8.272816519
7.852631183
7.601688193
7.426573772
7.264395107
7.131428825
6.966269749
8.147551458
6.83718359
6.774071553
6.598577216
6.466253443
6.289109799
6.195909453
6.165287214
6.21034762
6.12539106
9.073248954
9.776234971
9.622637941
9.474957195
9.34819801
9.243166864
9.098360047
9.01131354
9.03308345
8.936635588
8.873349403
8.861615812
8.638713091
8.270497768
8.188291755
8.02792177
7.801307259
7.62905114
7.661330384
7.681183977
7.785463293
7.687506038
7.784429866
7.562106635
7.256480088
7.236976411
7.118913993
7.031223779
6.860790932
6.562895485
6.350833418
6.241317157
6.297563295
6.333085285
6.351600886
6.419623968
6.440069603
6.443632736
6.534635385
6.436405546
6.265820108
6.266499807
6.298045947
6.177618379
6.067812011
6.088705553
6.43846246
7.518104702
9.090347239
9.315167845
9.371567646
6.742513762
6.722202243
6.696325543
6.675089887
6.679812789
6.673678095
6.624980506
6.634514308
6.734468588
6.894940553
6.927648811
6.96567053
7.010270527
7.273786558
7.699648785
8.102145944
8.459627673
8.739462189
8.940112028
9.079761354
9.158568789
9.181149612
9.213286319
9.223543214
9.206031564
9.199360186
9.219484812
9.27526683
9.35416098
9.548753622
9.548054591
9.55542495
9.562529022
9.574710357
9.592496562
9.602458099
9.61449771
9.655458377
9.688665394
9.680035386
9.715703583
9.724708856
9.751503693
9.954509499
10.393615065
10.722652397
10.924878145
11.034635917
11.075631351
11.075102116
11.212772859
11.421623242
11.414967644
11.418293552
11.436326731
11.445139719
11.484066504
11.486154685
11.481479469
11.463105136
11.448096926
11.442020604
11.445244271
11.389048299
11.354936594
11.348120689
11.330640174
11.341236619
11.345782691
11.330537102
11.325140156
11.322097499
11.323316872
11.324203209
11.32260043
11.271262992
11.256232898
11.223182911
11.191263327
11.14387157
11.093415968
11.04761294
11.031529007
10.943628675
10.885492345
10.84558329
10.83379467
11.069617908
11.163002405
11.168603065
11.14999207
11.307740742
11.388886634
11.416466234
11.436848805
11.473072895
11.487467451
11.503657305
11.514286288
11.533901023
11.546526828
11.563977055
11.571367914
11.569590219
11.578051623
11.558399326
11.566461989
11.615460328
11.610619531
11.619255636
11.615173084
11.611805566
11.586232761
11.564335633
11.552996394
11.553821137
11.621136613
11.633061968
11.650968761
11.644085854
11.648923311
11.620467043
11.592997249
11.577055084
11.55963742
11.558988425
11.530659295
11.509139621
11.52158406
11.519132635
11.479388171
11.439863308
11.374239057
11.303372845
11.324472844
11.459854649
11.467655671
11.466492264
11.478731523
11.473463888
11.584783688
11.614843046
11.638035318
11.64784248
11.648388626
11.64066795
11.633228372
11.622928843
11.6108696
11.609224497
11.637300308
11.645277531
11.626703165
11.590785429
11.584363106
11.646636789
11.684308013
11.682611123
11.66288645
11.660517284
11.664575126
11.600919576
11.46627338
11.287497064
11.050827083
11.218245361
11.088515267
11.116106916
10.913949437
10.643800751
10.346950693
9.854986341
9.320560336
8.790253439
8.272823257
7.823584842
7.400180682
7.027511271
6.464307329
5.814721009
5.260764539
4.847275627
4.517354302
4.209313347
3.907945458
3.597653355
3.276322634
2.908034445
2.54719007
2.181110259
1.863773302
1.741035673
6.290318134
5.965599411
6.293133883
6.40457196
9.098442107
9.649917508
9.695170422
9.725338162
9.750553231
9.757921204
9.738491522
9.696459171
9.788566032
9.797266859
10.970070122
11.551126674
11.562486116
11.562322094
11.563479948
11.555145077
11.517222667
11.419386922
11.271375707
11.09610025
10.865759304
10.526713649
10.013057628
9.629296197
11.054647271
10.733370454
10.349284532
9.82634124
10.430898515
10.416630436
10.295441552
10.257943749
10.188858521
10.156208225
10.070683635
9.88419597
9.595389153
9.188675102
8.711743263
8.097937797
7.257494494
6.285658192
5.32765427
4.712108602
4.182207605
3.691650705
3.210702836
2.751838595
2.386749986
1.997667847
1.717604559
1.535803489
1.426071282
1.36296592
1.325831201
1.29857603
1.280372325
1.269287809
1.641440778
6.05880941
5.756362455
5.303116881
4.760478994
4.12674546
4.593108019
4.418261834
3.946308216
3.59216349
3.168038424
2.738658653
2.436018122
2.187051898
1.904087
1.57138848
4.850669657
6.102379185
6.059108768
5.976966887
5.889685458
5.783651804
5.617549968
6.119509012
6.103529473
6.049762853
5.948869795
5.826575582
5.671280386
5.534594898
5.309903486
5.05049186
5.971653655
6.171731363
6.152480105
6.143020979
6.135099055
6.12605672
6.119941472
6.108612261
6.079944745
6.040635651
5.966351507
5.861871947
6.022023738
6.186450326
6.195061512
6.214672159
6.279544704
9.130538247
9.45706511
9.460253301
9.45661681
9.460801942
9.499777909
9.537898177
9.531941917
9.53238627
9.530507475
9.536176833
9.54487222
9.527404853
9.472654005
9.44635805
9.525901203
9.533375934
9.535962257
9.483276466
9.423481122
9.33711319
9.317407924
9.210106494
9.396894302
9.441519116
9.485226912
9.490228692
9.477930401
9.47791495
9.464903581
9.462062091
9.468387025
9.465195198
9.475570708
9.463657037
9.408267431
9.416921991
9.464761043
9.459736394
9.471531303
9.478826503
9.496437851
9.504317306
9.517604778
9.540815497
9.550414066
9.557382678
9.568698317
9.567695403
9.578386474
9.600977888
10.969363244
11.441914144
11.447186127
11.459503854
11.469691254
11.467813127
11.480410452
11.479680799
11.473179737
11.455759719
11.443918427
13.006650229
12.987044977
12.958627461
12.934201937
12.908529974
12.684359428
12.659337617
12.819833452
12.842853428
12.863084376
12.858495522
12.83960934
12.822408754
12.760098057
12.723668571
12.688456216
12.631900725
12.580783813
12.516711311
12.435605133
12.351337976
12.23745187
12.140433143
12.471605433
12.037320379
12.038780636
11.940385132
11.771136556
12.370496901
11.644007012
11.660656115
11.616365755
11.506467538
11.656998184
12.579027346
12.595090286
12.140262514
12.109935067
12.533762402
12.536314907
12.55887672
12.165092166
12.592801007
12.6043112
12.610850361
12.613107451
12.609777375
12.61486772
12.587897116
12.564622143
12.57249882
12.497389603
12.435491345
12.351594919
12.256370356
12.151380167
12.04522542
11.936047203
11.887988774
11.77556691
11.573151029
12.10225809
12.458064849
12.443158544
12.446527964
12.445749205
12.422141879
12.413080352
12.392056762
12.359994583
12.265651655
12.148211066
12.035004384
12.253111913
12.63351671
12.842308572
12.874673393
12.890209759
12.888926527
12.879808121
12.840482264
12.793117083
12.715298615
12.6059887
12.726296418
12.868115392
12.838584513
12.791491064
12.703188536
12.556008825
12.281690837
12.089665277
11.824310413
11.073423426
10.555725481
11.39546784
12.730384565
12.664888989
12.566143002
12.41837532
12.119857402
11.707926995
11.901126788
12.289798229
12.146624039
11.97948528
11.719039201
11.490395808
11.028553571
10.40918362
11.757023012
11.77249223
11.696777396
11.701668339
11.582364675
11.461102998
11.342404267
11.08405625
10.681003892
10.269722291
9.812608791
9.292234052
8.640062455
7.924308945
7.121029974
6.353930137
5.743452278
5.999652001
7.725275486
7.291533901
6.484701497
5.472285704
5.126419963
4.793912092
4.562556046
4.422844539
4.293544653
4.20091996
4.12302355
4.056495921
3.989504085
3.925398158
4.167039816
9.210341989
9.22326584
9.187159709
9.163252514
9.1510029
9.059839208
8.884770789
8.684092251
8.433433371
8.121586314
7.820200287
7.542344805
6.977761533
8.728303046
8.907025949
12.547924341
13.076511648
13.08249716
13.120345846
13.151234988
13.176208308
13.170915728
13.154480936
13.097437272
12.986872363
12.803813208
12.98761458
13.080689047
13.060307356
12.998549284
13.049143799
13.057835059
13.041075587
12.978988923
12.871086812
12.631425519
12.245389188
11.434129145
10.246471593
9.372328645
8.666694155
8.083003548
7.681360937
7.354599855
7.04295397
6.657102793
7.883262565
10.372804569
9.091852944
6.732648641
4.953567763
4.328140768
4.035732024
3.807293647
3.883973982
5.63033612
5.814714032
4.899991158
3.690457949
3.277622641
3.122758948
3.020110536
2.955681212
2.909877308
2.87729676
2.856872029
2.848977864
5.882777538
7.691860983
7.668666507
7.572460669
7.308923588
6.843799744
6.092319364
5.117296919
4.084168225
3.352891792
2.97648834
2.901257542
2.877147517
2.855957438
2.841498498
2.829449044
2.826038007
2.818259623
2.819655005
2.818051216
4.619074443
2.81247997
2.80982675
2.80892033
2.806170044
2.804557989
2.802533307
2.803912762
2.802106942
2.798385427
2.796891483
2.809465302
2.821805523
2.82114816
2.807238039
2.804896485
2.800411851
2.798336714
5.028265926
7.639959142
7.551879165
7.426354666
7.266925319
6.949458914
7.301196173
7.520336552
7.36005989
7.217563975
7.152285402
6.989854718
6.701328587
6.514303236
6.315737396
6.023498014
5.522190678
4.825045914
4.139327376
3.482529815
3.017561371
2.876338639
2.835487488
2.819190108
2.806644425
2.801857688
2.797962138
2.789689927
2.783147713
2.781705185
7.066823555
7.250243186
6.719287222
6.213129657
5.855895727
7.622163397
7.569058012
7.655114337
7.62823351
7.578378378
7.469183049
7.293199268
7.125159423
6.937348538
6.857910392
6.711810329
6.495220616
6.402746715
6.348100722
6.265952191
5.991517785
5.688805319
5.203010379
4.762593678
4.426137567
4.068550617
3.794873236
3.632583142
3.506737791
7.526612433
7.648769206
7.630381893
7.602728739
7.565526274
7.490668679
7.414860344
7.214651588
6.97985416
6.829221933
6.701524384
6.614165872
6.480530177
6.654521034
7.090069706
7.038304463
6.955743186
6.953696109
7.60010595
7.707832791
8.065030995
6.11526888
8.519602313
8.786864024
9.034573447
9.264347758
9.442606318
9.404771367
9.375611874
9.393534713
9.693253747
9.858196407
9.889779272
9.912824313
9.95580844
9.942514504
9.87833099
9.861481486
9.870245519
9.954077921
10.137463951
10.231118524
10.229466716
10.281040447
10.514362921
11.095507986
11.278976859
11.305539919
11.333953068
11.351598557
11.358180699
11.342267848
11.345648471
11.35236581
11.372070933
11.378212253
11.375521867
11.350344052
11.009386246
11.025915109
11.092518796
11.102370123
10.823612148
10.839675176
10.859499564
10.859228656
10.861160305
10.850067796
10.837917343
11.090338634
10.873346891
11.104101384
11.123278722
11.120178561
11.117777066
11.107817447
11.099818996
11.090854732
11.052871461
11.240787846
11.291710792
11.307951205
11.326283882
11.336565004
11.353165193
11.36357971
11.375429122
11.351490445
11.407630178
12.524875044
12.663052752
12.66618451
12.664239262
12.654443702
12.641465274
12.621560676
12.607186443
12.605234823
12.570286927
12.532376005
12.493445736
12.44205506
12.400113739
12.326192474
12.368941326
12.437547275
12.398147599
12.31061086
12.244917478
12.230127093
12.129694165
12.022205925
12.131636812
12.236686699
12.140603546
11.986552522
11.957710146
12.148241699
12.278196875
12.282157252
12.297368872
12.308441123
12.321342121
12.333226233
12.329946318
12.403116639
12.631376082
12.654366145
12.676576165
12.699448288
12.752885932
12.758767282
12.762369774
12.745103202
12.723478025
12.715115145
12.698650388
12.69051314
12.695103366
12.684524362
12.668938356
12.6608186
12.77823529
12.766047311
12.773006813
12.744871185
12.681035782
12.603393415
12.743834094
12.698513847
12.564587475
12.268986697
12.128893426
12.397228232
12.330838734
12.006234974
11.644805682
10.85341184
10.168753063
9.641383493
12.420143988
12.633684024
12.669369988
12.692351672
12.716170875
12.723085249
12.724291181
12.681796062
12.588389216
12.623358062
12.645543013
12.613179273
12.528509493
12.298055413
12.478200589
12.730509438
12.729920092
12.719858426
12.694148868
12.603411295
12.371742121
12.028382471
12.102371733
12.782134604
12.812931051
12.849882073
12.88060433
12.901046254
12.906596521
12.894096522
12.886551047
12.917954327
12.936777876
12.939230001
12.953618782
12.953510082
12.954933151
12.971885364
12.970355346
12.96463374
12.982758488
12.99173546
12.987304263
12.988825322
12.988132885
12.994722681
13.002807456
12.997090478
12.997212746
12.994699443
12.991458938
12.983452707
12.980253457
12.961747201
12.939936377
12.87822724
12.801501284
12.690843891
12.563793399
12.354868415
12.226702838
12.954858771
12.95982262
12.960215539
12.97884841
12.988841431
13.005835252
13.006194661
13.016309728
13.006085177
12.99213851
12.971726199
12.871557111
12.68718041
12.388435321
11.906406251
11.091857967
10.064954425
9.089961201
8.078843758
7.421707792
12.658024119
12.828316282
12.830783684
12.818166774
12.824183128
12.89382761
12.910899805
12.918649593
12.914865005
12.900632297
12.834133621
12.675024558
12.372737607
11.826234199
11.146035849
10.42699627
9.641724846
8.792055994
8.765222709
12.781860288
12.809645012
12.805491482
12.807516263
12.774382934
12.624281888
12.281140856
11.675151584
10.931480282
10.181350389
9.496907368
8.748381056
8.178871091
9.889837421
10.394158661
9.854058914
9.021871465
7.810782949
6.587222889
5.509833749
4.833332744
4.326655019
4.042337199
4.231965204
6.977443975
6.584683264
5.534273335
4.43817579
3.665854286
3.609355211
3.591055632
3.594412745
3.509789807
3.463578195
3.373126683
3.26759054
3.175809298
3.100512091
3.072491914
3.023099057
2.971098761
2.918582526
2.870237245
2.826713679
2.785425731
2.750753758
2.71824986
2.687974725
2.657099593
2.649416665
2.659253686
2.654839563
2.65095447
2.636531446
2.61033282
2.633295228
2.672207831
2.695020903
2.680080259
2.626667531
5.725615391
7.41069666
7.401469055
7.362084124
7.281965672
7.195129789
7.039336563
6.872898401
6.724453021
6.544957706
6.375083579
6.069460992
5.837758387
5.632103198
5.476714146
5.130044585
5.043035742
4.919421746
4.716342446
4.364581995
4.161403884
3.989750843
3.683395596
3.376074784
3.083917423
2.823114066
2.657369815
2.608486803
2.573137623
2.548681973
2.533516457
2.524551237
3.224924584
7.38603702
7.37404817
7.351966315
7.327520556
7.307403938
7.338290261
7.322024623
7.769946036
10.656430367
10.67408893
10.685086468
10.711151742
10.729957246
10.755041855
10.773051812
10.773654583
10.769487324
10.764316955
10.762427787
10.761754566
10.703962321
10.63879885
10.571421662
10.761193988
10.801285722
11.80837527
12.699101756
12.714383578
12.723076608
12.719816305
12.690801724
12.675207554
12.633100919
12.637075215
12.698321341
12.816702748
12.828945961
12.831017671
12.839653453
12.84072998
12.849085638
12.852143799
12.403500756
12.842393501
12.843111835
12.833324882
12.830451052
12.819273215
12.822321171
12.807783914
12.825181229
12.851322347
12.864926213
12.869470325
12.858088072
12.849039498
12.84863189
12.844390493
12.838888708
12.838163324
12.827344694
12.806201339
12.784827821
12.768797237
12.818974722
12.882127582
12.873849365
12.880004141
12.880830226
12.886174405
15.439492241
15.426700476
15.429776772
15.424926937
15.419572386
15.408897992
15.414953828
15.409387151
15.419609167
15.418831281
15.422067462
15.426763627
15.421380286
15.414262187
15.411980624
15.407049351
15.403059148
15.389154272
15.383200197
15.377288569
15.366022882
15.360855067
15.353982513
15.33885826
15.340810919
15.325119554
15.300697244
15.288364877
15.250040542
15.215991893
15.16798921
15.131429243
15.370753655
15.384511671
15.385536399
15.380845093
15.387907073
15.386464691
15.36456598
15.3458263
15.333645241
15.326133037
15.308116913
15.274560538
15.256789904
15.227632131
15.134907648
15.026188501
14.941428738
14.879073683
14.828946648
14.625660431
14.39630626
15.263576291
15.388958858
15.390279126
15.388285965
15.394368915
15.401485736
15.398446158
15.426796758
15.428589137
15.431569853
15.433168104
15.423533345
15.411301447
15.412435258
15.436128107
15.453315797
15.457828431
15.458540835
15.469203717
15.467048053
15.462363372
15.460330165
15.419489356
15.345196854
15.294246635
15.244444056
15.077538753
14.91253016
14.788249076
14.696910448
14.367860264
14.099859817
13.99583218
13.682595637
13.522552831
13.436927853
14.877809981
15.201680172
14.901930671
14.610548323
14.251252067
13.813884636
13.175502877
12.490506951
11.700964687
11.068706268
10.523876937
10.480392806
14.145568976
13.998787555
13.933700347
13.861659255
13.719194591
13.506601119
14.596145326
15.199311918
15.24746
15.280385496
15.314028136
15.348602397
15.359544845
15.356687173
15.353594325
15.361071998
15.402591757
15.422828109
15.43698239
15.469774546
15.47870212
15.483097928
15.472080321
15.466515818
15.429955008
15.320632931
15.159021764
14.980380768
14.952498781
14.859086044
14.772455155
15.464455719
15.465385387
15.457591935
15.413554012
15.41008543
15.46492959
15.479476066
15.483056586
15.49967371
15.513941553
15.509099481
15.510334422
15.523381261
15.527614348
15.505444214
15.52257717
15.539764247
15.547118715
15.555617366
15.558321797
15.579682995
15.593147122
15.59204646
15.591277703
15.596049517
15.587793154
15.578321254
15.552295917
15.41165489
15.18056373
14.883765192
15.555514837
15.586614826
15.592869495
15.597561656
15.593461977
15.56661296
15.489268722
15.559972865
15.446577036
15.199462755
14.808050283
14.235730548
13.328441764
12.211263341
11.364880618
14.271114806
13.841240491
13.233186235
12.86700043
12.410985355
12.048753521
11.317471392
10.465272385
9.668908841
8.984991698
8.536672862
8.685347756
12.88764596
12.63051938
12.217432802
11.797475633
11.137508587
9.714863052
12.269601598
12.236515571
12.087567894
11.786235827
11.318627509
10.709643362
9.518144084
7.954461114
7.082707186
6.764676445
6.541022248
10.757709352
10.901256487
10.207236303
8.714121561
7.481248831
6.393595758
6.016121835
5.805469841
5.641001926
5.515860187
5.433430395
5.364838886
5.290281514
5.210610867
5.157884267
5.117602258
5.090821244
5.071221097
5.062103907
5.051866651
5.048931795
5.041755979
5.038800951
5.036305171
5.034091175
9.300326105
9.653233705
9.034000408
8.742577993
8.624278126
7.632979099
6.172679911
5.326880511
5.1662107
5.127142692
5.091618689
5.064507602
5.057371839
5.35721312
6.047347238
5.58933964
5.201940862
5.121145998
8.538454277
6.524451446
6.501406111
6.845890184
7.739374693
7.210833549
6.62123988
9.693014395
8.481023716
9.908480073
9.928571759
14.65623432
15.317251869
15.336682752
15.328601894
15.265105274
15.139328851
15.026030149
15.379797386
15.387984034
15.385800563
15.362192422
15.306482712
15.200673863
15.07561576
14.922370293
14.699607296
14.469978022
14.997446244
14.814147769
14.910510993
14.741755042
14.492394778
14.172307515
13.711830236
13.209579198
12.64721737
12.534684782
12.364673087
11.939134704
11.272713665
10.441485858
9.927253042
9.45365307
9.161552828
8.933210703
8.700078676
8.526781165
8.412709776
8.385330803
8.34836026
8.300144476
8.245420516
8.184711045
8.132461531
8.080126451
8.708222362
15.290097339
15.314754328
15.335594871
15.33811361
15.347803041
15.347431579
15.343888555
15.321183112
15.31452396
15.296086345
15.277345226
15.257347367
15.230396907
15.189720126
15.110502633
14.972189379
14.751506862
14.588320148
14.478667639
14.47941742
14.301104116
14.10144063
13.966196547
13.784485043
13.790911071
13.839490565
13.655384171
13.437068029
13.256785188
13.1643031
14.579930034
14.956122258
14.920322392
14.898887916
14.870453975
14.833423578
14.797177385
14.782504195
14.778152061
14.735596276
14.685963605
14.611376986
14.54429979
14.757416308
14.736210568
14.366549134
14.355272441
14.335482754
14.506789998
14.487284498
14.539572764
14.602433632
14.714958177
14.706749996
14.651079026
14.613739492
14.537218757
14.386714271
14.306581599
14.687565252
14.771496516
14.65221262
14.471992241
14.277173594
14.153527851
14.300704389
14.855642072
14.995487987
14.978997884
14.905435873
14.819011828
14.63660961
14.619701591
15.081257418
15.633828707
15.672865084
15.696866909
15.720601416
15.732095113
15.74978487
15.778804933
15.796014083
15.811642313
15.812462904
15.809679855
15.800207906
15.791455211
15.785672244
15.766546585
15.748863391
15.722325947
15.685759277
15.654326179
15.614049991
15.611540714
15.662276429
15.613174262
15.521764793
15.414393952
15.368804525
15.353864379
15.219796336
15.270223474
15.828648486
15.876331998
15.87737378
15.886115114
15.90227469
15.915729887
15.951419427
15.952542863
15.94487808
15.95412826
15.932592502
15.915559152
15.907649703
15.917813063
15.919098814
15.883455477
15.832355198
15.766325116
15.642039091
15.614251225
15.67398201
15.494981899
15.292262386
15.230893141
15.088760517
14.800344989
14.581125172
14.546005363
14.436293585
14.318357036
14.289724987
14.40583609
14.288500254
14.126004142
13.844584675
13.393631772
12.828564794
12.533546764
12.143170181
11.668009894
11.475764242
11.381925158
11.548974067
15.61225003
15.65077988
15.658956317
15.676884098
15.83026324
15.855203267
15.873876575
15.887136859
15.900095665
15.881234659
15.83793259
15.727888705
15.540591624
15.207338098
14.885024511
15.297734774
15.962332555
15.97055331
15.975569599
15.979164499
15.983650234
15.980787997
15.974056949
15.966176107
15.957022901
15.961111535
15.949063574
15.932856452
15.976405951
15.983117117
15.998124016
16.000947376
16.012544457
16.019412171
16.02253092
16.010053968
15.997891833
15.961876776
15.869460356
15.755306583
15.584837551
15.390247615
15.271608625
15.962020294
15.887122368
15.749728898
15.517377406
15.150949319
14.429321067
15.705692757
15.631831448
15.82112007
15.888096672
15.906177175
15.916864602
15.920550613
15.92284093
15.917610119
15.903001629
15.843491273
15.943554473
15.917131733
15.828258406
15.624177243
15.35395463
15.715507968
15.885775895
15.896282676
15.917311794
15.923110271
15.901410361
15.791468352
15.628568708
15.387041669
14.936548617
14.391423461
13.684202385
12.902196432
12.405634111
11.826397267
11.181434221
10.710052176
10.543791159
10.330591326
10.075753637
9.862771704
9.678824223
9.453202364
9.241384463
9.04322885
8.866041507
8.677420526
8.459792564
8.552917233
13.154986418
13.08528877
13.341532364
15.816019532
15.823840307
15.791434601
15.719026294
15.617810797
15.684212625
15.416270437
14.880296267
13.918083099
12.476197888
11.080359694
10.696309998
14.31573391
13.976823868
13.202546907
11.734149493
9.58795486
8.181443873
7.515071129
7.08308604
6.929645645
6.833117677
6.73763998
6.651533428
6.577180799
6.495241988
6.403369975
6.325934773
6.272121389
6.244752344
6.17310437
10.892161949
10.663032633
11.988964425
12.512965366
12.595182704
12.699194704
12.87713995
15.053137074
15.846259168
15.897144192
15.918092046
15.937297716
15.940474842
15.995495123
15.996964609
15.981306534
15.909286355
15.780866996
15.71644957
16.017341147
16.020930829
16.013290724
16.00733534
15.980695198
15.888118988
15.6854894
15.417816869
15.080468337
14.656223357
14.291561033
13.994088426
13.415522534
12.390832721
11.565886601
10.91303403
10.394850888
9.996101068
9.670398979
9.36934105
9.111536067
8.888705401
8.640783745
8.368400907
8.090203881
7.877659914
12.508859409
12.512267198
12.390406552
12.254062217
12.044081064
11.768050044
11.399733381
11.002608305
12.445980599
15.641971323
15.86119788
15.891315211
15.923206582
15.935862312
15.934985608
15.939551218
15.96044811
16.000101573
16.0085209
16.01857845
16.011301904
16.007073919
15.984291632
15.955791552
15.93185058
15.872487984
15.798993206
15.90504234
15.873878264
15.828928248
15.769489509
15.668782514
15.558807219
15.598962207
15.946420332
15.948770012
15.957028604
15.956225496
15.946842082
15.911297023
15.86855489
15.82785038
15.764208283
15.668940575
15.625216139
15.571139057
15.432340836
15.365099361
15.292620613
15.038751103
14.863789646
14.752720774
14.835260711
14.766156433
14.706353837
14.627228956
14.514760018
14.534289371
14.501390581
14.196482833
14.272894947
13.934897284
13.535924837
13.304882087
13.151230279
12.926892922
12.836758275
12.771180458
12.641094004
12.484301627
12.412632214
12.379922128
12.24945171
12.054518571
11.980188769
11.931446449
11.888411384
11.932043952
11.544505971
11.381425558
11.206437668
11.094547508
11.062978674
11.017031185
10.974902627
10.880977977
10.813599345
10.732927163
10.657261734
10.603017348
10.586401242
10.564876789
11.17836457
14.889190758
14.992337663
15.046281747
15.380538267
15.488562001
15.544312581
15.579036064
15.589112327
15.602702231
15.609049357
15.608989463
15.600431125
20.020407737
20.022599344
20.025403373
20.023581371
20.022043345
20.295159631
20.306427697
20.31500714
20.311140401
20.312544381
20.301649228
20.275979808
20.278794047
20.271321736
20.251745634
20.018837486
20.012537854
20.006268475
19.996426078
20.21750285
20.217036486
20.16578668
20.104641007
20.058273593
20.015707442
19.986221703
19.960396019
19.863644544
19.756914228
19.663868413
19.633457587
19.515171423
19.390685878
19.298640261
19.192989181
19.029442543
18.925812844
18.892053119
18.891885606
18.940095691
18.790880733
18.647100034
19.797288799
18.600561711
18.738891321
18.953851119
18.817687882
19.404712634
19.795651072
19.892105877
20.242257677
20.41671745
20.44044282
20.469384855
20.497179323
20.51882153
20.538651287
20.562118487
20.592953703
20.611639839
20.623015244
20.631655548
20.634189286
20.634698541
20.627738181
20.621663927
20.615856655
20.619690575
20.613827079
20.606645212
20.580383171
20.553681271
20.524116877
20.485177589
20.447512384
20.357780402
20.371932136
20.356802484
20.28107869
20.215069437
20.130308423
20.100620621
20.077163067
19.94835571
20.076409382
20.60874141
20.646969488
20.666200616
20.673701326
20.678989859
20.667380923
20.661614479
20.675283079
20.661900952
20.646385622
20.644751511
20.623546627
20.607975911
20.612289209
20.586001814
20.532241813
20.472154852
20.421874986
20.232005327
20.045577143
19.93848329
19.910836619
19.716703867
19.429472589
19.211483383
20.449239279
20.641915852
20.660542834
20.677607258
20.680034536
20.696125978
20.701443016
20.697826472
20.685729976
20.672065066
20.649508957
20.65421144
20.720364938
20.733198156
20.736063272
20.734340134
20.729916861
20.695673262
20.633968486
20.504390422
20.349067649
20.17441875
19.932383295
19.694290263
20.36459956
20.722144242
20.733541737
20.734818749
20.742786131
20.757286202
20.768759838
20.768202923
20.772596584
20.763948848
20.767725109
20.785127898
20.791331314
20.787189435
20.752744036
20.667432938
20.489360593
20.199444395
19.610265616
18.554590058
17.702534431
17.722353698
17.897348287
19.655535918
20.23516556
20.078356356
19.849538154
19.482478019
18.902648444
18.375880509
17.116257934
15.726048022
14.749739003
14.22587733
13.829955045
13.500164543
13.748736122
16.159874685
15.668700478
17.385571536
17.310622862
20.084661225
20.519743319
20.520820551
20.498519402
20.450828218
20.412741943
20.452728967
20.437865191
20.418454126
20.388198643
20.330399618
20.213119833
20.014071628
19.683423352
19.210565452
18.628017335
17.74237958
16.719376541
15.746290474
15.050827435
14.59569372
14.284739087
13.975083147
13.662053976
13.385385457
12.945451951
12.398016529
11.935535312
11.558347803
11.380927486
11.228077578
11.096786671
10.979094239
10.84710393
10.741267804
15.311252623
15.562688377
15.50828851
15.336743237
14.947147921
14.30051164
13.423670183
12.154918741
11.097508818
10.828225653
10.890894767
10.79783933
10.670230178
10.616956219
12.264163608
15.336415364
15.351315551
15.128543509
14.579374007
13.082150024
15.284290478
15.369699139
15.227641638
14.914682111
14.283376364
12.875225172
11.310060987
10.716567442
10.610377549
10.554867062
10.507083285
10.471040163
10.43189065
10.396743006
10.367258288
10.348024433
15.863050775
20.524239997
20.558748657
20.589619009
20.615544293
20.623516901
20.625249614
20.631242587
20.628592435
20.610864667
20.580143486
20.582182725
20.594486061
20.579655552
20.546968322
20.464077917
20.317874397
20.586037105
20.658953869
20.671852756
20.685565936
20.694628916
20.707400469
20.710294492
20.715410743
20.713950061
20.718069125
20.716760899
20.709820933
20.702561719
20.677415212
20.629821372
20.546347466
20.723148572
20.750712952
20.764216042
20.766071059
20.753532483
20.755599257
20.761695027
20.760579475
20.748322082
20.743564337
20.738578181
20.739228002
20.749289409
20.760214092
20.755860819
20.751758036
20.751445088
20.741089296
20.748055802
20.749243048
20.751854418
20.752038134
20.748516999
20.74281438
20.740842578
20.747033141
20.747664835
20.739877936
20.739232671
20.732915878
20.731204036
20.729803371
20.715832981
20.713039499
20.696036486
20.685531103
20.687387245
20.68484739
20.679748552
20.676649211
20.678824798
20.671446632
20.655402764
20.650079598
20.644056568
20.639118183
20.629069387
20.621437846
20.612856946
20.571081995
20.552300881
20.529197473
20.497300175
20.492322016
20.512969231
20.639364748
20.646172302
20.657563015
20.658177429
20.661583907
20.670182956
20.668341746
20.672977376
20.680265944
20.681373738
20.678114627
20.684893325
20.689915198
20.697368144
20.698665215
20.701964334
20.697111736
20.701278387
20.694569652
20.700059304
20.695025503
20.689626306
20.693386331
20.683226128
20.6833509
20.700796161
20.707648052
20.705743543
20.70135317
20.696317821
20.705277084
26.145123893
26.138514234
26.143823346
26.149596102
26.155535691
26.157697904
26.167483481
26.161742767
26.15869645
26.146988405
26.151061379
26.15570784
26.157268258
26.157065999
26.155114002
26.155961098
26.155581213
26.15233699
26.143164061
26.137498324
26.1331675
26.136769715
26.127852443
26.124476953
26.12082483
26.114650319
26.114379476
26.108014275
26.104328079
26.096232432
26.088445882
26.096271869
26.104824423
26.105642653
26.10637311
26.093753818
26.086549701
26.097301478
26.092742148
26.087537017
26.080781625
26.083266543
26.082849145
26.082702743
26.083370873
26.076046349
26.062960383
26.061108586
26.054969398
26.045556106
26.050288003
26.053679028
26.042908635
26.038974584
26.025328654
26.024821456
26.019471657
26.00909734
25.995504043
25.992037341
25.991797484
25.984571377
25.974587032
25.97703155
25.97298926
25.97166772
25.973446092
25.990090752
25.986918279
26.0859441
26.093787015
26.109734063
26.110307371
26.11747371
26.12222018
26.122622175
26.125389718
26.126560747
26.129711003
26.126848479
26.127535212
26.125860216
26.1367844
26.128310973
26.122065203
26.108795583
26.083085681
26.058452996
26.096084165
26.098814251
26.094736824
26.088115953
26.071279502
26.112302284
26.137916173
26.148108761
26.160843426
26.167698494
26.166475668
26.163254511
26.143430543
26.088162121
26.092117733
26.148211575
26.16391462
26.169848746
26.174007166
26.177036835
26.170482282
26.164947331
26.125080278
25.994678084
26.105664288
26.16263979
26.170381302
26.162954054
26.111384032
25.886467277
25.655586372
25.914234476
26.175360051
26.190363801
26.194038278
26.204361866
26.205415655
26.209889599
26.203969485
26.208502614
26.215878285
26.208742897
26.217112423
26.223151521
26.221770977
26.222080773
26.219365489
26.215335012
26.208703499
26.202483738
26.217647058
26.215294052
26.226283107
26.234254411
26.242316511
26.245174649
26.254544055
26.263367871
26.259475978
26.255963784
26.260199001
26.268846792
26.267803503
26.2662771
26.269039203
26.263126683
26.262701829
26.256749727
26.252536979
26.253009285
26.232619939
26.217777738
26.248351243
26.245062718
26.248392525
26.244052666
26.240887285
26.248543312
26.255371385
26.26412621
26.25907335
26.267067486
26.273255367
26.27111589
26.256240907
26.235482507
26.26421296
26.269506227
26.269098991
26.254161867
26.183170643
25.987582366
25.701696887
25.346226104
24.95274803
24.389798755
23.651827035
22.868873692
22.104028273
21.752090212
21.13040403
20.555081239
20.04245302
19.632595487
19.321916217
19.037386369
18.798600603
18.601224334
18.439760049
18.295613405
18.120802392
17.930135214
17.761141067
17.613445024
17.468769208
17.318946427
17.152140463
16.98663393
16.833364789
16.698701405
16.574773926
16.452905724
16.359564315
16.268919189
16.199270004
16.159081755
16.145188093
16.116387385
16.069055752
16.016708198
15.958929911
15.909317357
15.880350998
15.860381989
15.824427621
15.793544826
15.765696048
15.75851553
15.753461805
15.748009843
15.740675309
15.748677471
15.771938139
15.77264004
15.75939612
15.739348119
15.725302833
15.73420165
16.961127262
18.96199758
20.539163997
20.560443849
20.48444537
20.559450365
20.633623343
20.663771475
20.667170154
20.610866613
20.449166431
20.145944901
19.729984695
19.172614843
18.374652501
17.656866029
17.067937009
16.611393491
16.280072286
20.578096417
20.737064091
20.504365272
20.061393295
19.389626442
18.441361885
17.315258188
16.452589093
20.588325709
20.717770477
20.712120379
20.747236387
20.741841006
20.683199702
20.520581647
20.234773024
19.870280449
19.417203142
18.792924296
17.864060889
16.935460431
16.394018953
16.10770403
15.955086902
15.875249017
15.82774597
15.814935556
19.783535998
20.347495206
20.151963789
19.827275153
19.420564042
19.104765891
18.243956386
17.523512545
16.905397842
16.433892169
16.110908213
15.91849159
15.834252076
15.808342406
19.377254197
21.813071501
25.175276856
25.706444997
25.690095531
25.677732027
25.851885381
25.902602243
25.921160859
25.930033738
25.931706561
25.943948107
25.959272688
25.542654229
25.9986326
26.021196395
26.027326511
26.044266429
26.04629333
26.040331227
26.033542296
26.034434083
26.030610002
26.024505474
26.020486607
26.014271422
26.007689769
25.998202697
25.994017906
25.987529571
25.985553844
25.984926604
25.980044607
25.978051611
25.967819807
26.022980618
26.068343148
26.085349995
26.085065046
26.081677414
26.080236957
26.082648401
26.093224739
26.089429485
26.081285965
26.079784694
26.073927553
26.065663021
26.053538593
26.048561621
26.044508304
26.034897683
26.02222683
26.007768899
25.998168504
25.985478274
25.967845386
25.953931317
25.956417121
25.947610075
25.908795248
25.893367796
25.890783545
25.885384655
25.875240812
25.974102491
26.044992882
26.045748664
26.053413157
20.840315618
20.852051703
20.855731976
20.858345104
20.857378662
20.856029303
20.850599782
20.847789029
20.85266538
20.857529154
20.843936036
20.839060197
20.83481276
20.844207611
20.843902545
20.835048325
20.87744066
20.888359804
20.884056547
20.883127136
20.878056365
20.883791471
20.896033283
20.895655778
20.895922701
20.905133298
20.903947372
20.911311484
20.911885856
20.911730168
20.912194132
20.909777968
20.908451502
20.904525762
20.892211065
20.889593882
20.89262281
20.903159427
20.907303538
20.913942263
20.905822859
20.905410852
20.906350267
20.909097056
20.906779516
20.906730476
20.906131867
20.911691982
20.908706687
20.902383699
20.895023795
20.880386245
20.873960076
20.871391422
20.875272141
20.867491023
20.857413203
20.836807904
20.836100428
20.816903619
20.799820812
20.76883063
20.745162041
20.714104274
20.681532507
20.634022309
20.562985786
20.557591756
20.822527256
20.802113244
20.791484461
20.769096002
20.76501612
20.817495256
20.822082977
20.824122498
20.84354844
20.88816665
20.915900859
20.918559971
20.91205238
20.917112883
20.927845403
20.937178547
20.936526099
20.940333027
20.934658064
20.936533019
20.926926244
20.923227082
20.941531707
20.946248742
20.944793735
20.942257203
20.92916631
20.929989106
20.938516238
20.940006261
20.922413232
20.83456802
20.686567555
20.597419515
20.920293149
20.928780686
20.924546569
20.935061847
20.936349261
20.927418656
20.923641686
20.923355358
20.930025193
20.926659278
20.947610517
20.958031972
20.967843186
20.96506152
20.957654445
20.954279788
20.937651577
20.899628471
20.788793524
20.571127314
20.25345523
19.930640512
19.460188838
18.425419235
17.508575163
16.761034945
19.80692976
19.623962754
19.377191548
19.057193058
19.362052989
19.394890773
19.387642565
19.922470953
20.731254821
20.76792488
20.792070503
20.794373199
20.800156637
20.803067547
20.843929896
20.882551787
20.91292558
20.922036157
20.938103886
20.943914623
20.947399225
20.95170333
20.945310746
20.93364746
20.86377688
20.758980571
20.60991908
20.415638255
20.624051976
20.295064197
19.767042999
19.063587377
18.162482483
16.754281766
15.722734718
14.901696337
14.229914772
13.647215906
13.09125139
12.571185197
12.107459654
11.686765699
12.750460286
16.203303839
16.183199912
19.405270855
19.419242046
19.39203476
19.344927781
19.325523941
19.316303269
19.256156803
19.17459443
19.013490655
18.835790279
18.573501502
18.1765417
17.720923114
17.09775047
16.413038971
15.933401253
15.804919858
15.33599038
16.575704945
17.82358089
17.740264576
17.623492644
17.418119014
17.084697088
16.655601151
15.700286953
14.22220435
12.884061517
11.98125138
11.557250679
11.359422364
11.241217301
11.151557953
11.07323991
11.005741429
10.951193656
15.002942388
15.926720357
16.844028297
17.053845946
17.134316766
17.099308355
16.921497398
16.600873909
16.997642155
17.200164005
17.291722266
17.264344963
17.053595938
16.638534318
16.067748093
15.409337662
14.537529286
13.461406245
12.325167376
11.473126546
11.186533182
10.959145894
10.821202737
10.736123815
10.678943106
10.637196823
10.5979144
10.570044857
10.549783486
10.532429237
10.527348646
10.717507804
10.829948575
14.31881931
15.437018738
19.636040739
20.77081652
20.807666021
20.817970716
20.828532535
20.834510033
20.819852216
20.791980085
20.837754021
20.897169999
20.918733079
20.923056203
20.923003786
20.915884966
20.916656303
20.899391511
20.858140569
20.78248693
20.667607843
20.482360332
20.260664084
20.715131555
20.836857414
20.856627478
20.867277161
20.870733734
20.873236808
20.857251124
20.802263626
20.714888734
20.558256567
20.311286356
20.054407648
19.691243848
19.34797879
19.111341515
18.792184343
18.430858601
18.129075136
17.848972653
17.531585873
16.989387211
16.35157074
16.035700028
15.707459028
15.375746559
15.225245168
15.158847398
15.032206246
14.982394245
14.733218181
14.519939651
14.324958517
14.178468031
14.094910603
18.71811435
20.546158371
20.565132652
20.610200593
20.613995756
20.63108027
20.662191344
20.686710864
20.704750676
20.723332283
20.73526023
20.751129415
20.7605979
20.765187866
20.773882396
20.779723816
20.765844988
20.764896991
20.760693155
20.749188622
20.752430338
20.725763014
20.702518217
20.67770923
20.664249165
20.653073522
20.650976095
20.674083084
20.678441419
20.701359214
20.781405257
20.784144642
20.79614352
20.796674042
20.805484308
20.804046056
20.792268726
20.791290534
20.79689437
20.793080541
20.793579803
20.79114011
20.78977552
20.789214243
20.784244468
20.778252708
20.778305977
20.775988696
20.792116668
20.809391378
20.803221056
20.808132432
20.807850689
20.806447411
20.811872769
20.806312905
20.803362568
20.801449467
20.808594873
20.795120012
20.788272448
20.782906182
20.780968771
20.781528187
20.774730393
20.828701888
20.829586548
