20090901
20201231
1.089566273
1.089566273
1.089566273
1.089566273
1.089566273
0.514742759
0.514742759
0.514742759
0.514742759
0.514742759
0.514742759
0.514742759
0.514742759
0.360366961
0.360366961
0.360366961
0.360366961
0.360366961
0.360366961
0.360366961
0.360366961
0.545077074
0.545077074
0.545077074
0.545077074
0.545077074
0.545077074
0.545077074
0.545077074
0.212810505
0.234349073
0.234349073
0.234349073
0.234349073
0.234349073
0.234349073
0.234349073
0.134006238
0.134006238
0.134006238
0.134006238
0.134006238
0.134006238
0.134006238
0.134006238
0.273579885
0.273579885
0.273579885
0.273579885
0.273579885
0.273579885
0.273579885
0.273579885
0.223473205
0.223473205
0.223473205
0.223473205
0.223473205
0.223473205
0.223473205
0.223473205
0.278525271
0.278525271
0.278525271
0.278525271
0.278525271
0.278525271
0.278525271
0.278525271
0.212901511
0.212901511
0.212901511
0.212901511
0.212901511
0.212901511
0.212901511
0.212901511
0.168192194
0.168192194
0.168192194
0.168192194
0.168192194
0.168192194
0.168192194
0.168192194
0.122606223
0.122606223
0.122606223
0.122606223
0.122606223
0.122606223
0.116954134
0.116954134
0.032971748
0.032971748
0.032971748
0.032971748
0.032971748
0.032971748
0.032971748
0.032971748
0.06319585
0.06319585
0.06319585
0.06319585
0.06319585
0.06319585
0.06319585
0.06319585
0.055191838
0.055191838
0.055191838
0.055191838
0.055191838
0.055191838
0.055191838
0.055191838
0.004300663
0.004300663
0.004300663
0.004300663
0.004300663
0.000599678
0.000599678
0.000599678
0.000599678
0.000599678
0.000599678
0.000599678
0.000599678
0.033222172
0.033222172
0.033222172
0.033222172
0.033222172
0.033222172
0.033222172
0.033222172
0.069922478
0.069922478
0.069922478
0.069922478
0.069922478
0.069922478
0.069922478
0.069922478
0.021228608
0.021228608
0.021228608
0.021228608
0.021228608
0.021228608
0.021228608
0.022571924
0.025887573
0.025887573
0.025887573
0.025887573
0.025887573
0.025887573
0.025887573
0.025887573
0.047056722
0.047056722
0.047056722
0.047056722
0.047056722
0.047056722
0.047056722
0.047056722
0.062997346
0.062997346
0.062997346
0.062997346
0.062997346
0.062997346
0.062997346
0.062997346
0.081360945
0.081360945
0.081360945
0.069472971
0.069472971
0.069472971
0.069472971
0.069472971
0.101378269
0.101378269
0.101378269
0.101378269
0.101378269
0.101378269
0.101378269
0.101378269
0.158328683
0.158328683
0.158328683
0.158328683
0.158328683
0.158328683
0.158328683
0.158328683
0.152666309
0.152666309
0.152666309
0.152666309
0.152666309
0.152666309
0.152666309
0.152666309
0.319052985
0.319052985
0.297387842
0.297387842
0.297387842
0.297387842
0.297387842
0.297387842
0.51804353
0.51804353
0.51804353
0.51804353
0.51804353
0.51804353
0.51804353
0.51804353
0.332505996
0.332505996
0.332505996
0.332505996
0.332505996
0.332505996
0.332505996
0.332505996
0.924642743
0.924642743
0.924642743
0.924642743
0.924642743
0.924642743
0.924642743
0.924642743
1.127290119
1.127290119
1.127290119
1.127290119
1.127290119
1.127290119
1.127290119
1.127290119
0.605449414
0.605449414
0.605449414
0.605449414
0.605449414
0.605449414
0.605449414
0.605449414
1.389434013
1.389434013
1.389434013
1.389434013
1.389434013
1.389434013
1.389434013
1.389434013
1.420940222
1.420940222
1.420940222
1.420940222
1.420940222
1.420940222
1.420940222
1.472181489
1.169737775
1.169737775
1.169737775
1.169737775
1.169737775
1.169737775
1.169737775
1.169737775
0.897612379
0.897612379
0.897612379
0.897612379
0.897612379
0.897612379
0.897612379
0.897612379
1.135405184
1.135405184
1.135405184
1.135405184
1.135405184
1.135405184
1.135405184
1.135405184
1.007265392
1.007265392
1.007265392
1.007265392
1.007265392
1.22724094
1.22724094
1.22724094
1.045632449
1.045632449
1.045632449
1.045632449
1.045632449
1.045632449
1.045632449
1.045632449
1.497658687
1.497658687
1.497658687
1.497658687
1.497658687
1.497658687
1.497658687
1.497658687
1.11848178
1.11848178
1.11848178
1.11848178
1.11848178
1.11848178
1.11848178
1.11848178
1.326218212
1.326218212
1.326218212
1.326218212
1.366681685
1.366681685
1.366681685
1.366681685
1.425837356
1.425837356
1.425837356
1.425837356
1.425837356
1.425837356
1.425837356
1.425837356
0.819823321
0.819823321
0.819823321
0.819823321
0.819823321
0.819823321
0.819823321
0.819823321
0.775788158
0.775788158
0.775788158
0.775788158
0.775788158
0.775788158
0.775788158
0.775788158
0.632673878
0.632673878
0.632673878
0.560832106
0.560832106
0.560832106
0.560832106
0.560832106
0.601513009
0.601513009
0.601513009
0.601513009
0.601513009
0.601513009
0.601513009
0.601513009
0.614563819
0.614563819
0.614563819
0.614563819
0.614563819
0.614563819
0.614563819
0.614563819
0.537787432
0.537787432
0.537787432
0.537787432
0.537787432
0.537787432
0.537787432
0.537787432
0.525677221
0.578881054
0.578881054
0.578881054
0.578881054
0.578881054
0.578881054
0.578881054
0.487471968
0.487471968
0.487471968
0.487471968
0.487471968
0.487471968
0.487471968
0.487471968
0.418720941
0.418720941
0.418720941
0.418720941
0.418720941
0.418720941
0.418720941
0.418720941
0.307502237
0.307502237
0.307502237
0.307502237
0.307502237
0.307502237
0.307502237
0.307502237
0.273515824
0.273515824
0.273515824
0.273515824
0.273515824
0.273515824
0.273515824
0.273515824
0.17783538
0.17783538
0.17783538
0.17783538
0.17783538
0.17783538
0.17783538
0.17783538
0.161679912
0.161679912
0.161679912
0.161679912
0.161679912
0.161679912
0.161679912
0.161679912
0.129494213
0.129494213
0.129494213
0.129494213
0.129494213
0.129494213
0.123524591
0.123524591
0.098198466
0.098198466
0.098198466
0.098198466
0.098198466
0.098198466
0.098198466
0.098198466
0.060567667
0.060567667
0.060567667
0.060567667
0.060567667
0.060567667
0.060567667
0.060567667
0.047785141
0.047785141
0.047785141
0.047785141
0.047785141
0.047785141
0.047785141
0.047785141
0.082787757
0.082787757
0.082787757
0.082787757
0.082787757
0.076279067
0.076279067
0.076279067
0.076279067
0.076279067
0.076279067
0.076279067
0.076279067
0.021228608
0.021228608
0.021228608
0.021228608
0.021228608
0.021228608
0.021228608
0.021228608
0.095828576
0.095828576
0.095828576
0.095828576
0.095828576
0.095828576
0.095828576
0.095828576
0.140084827
0.140084827
0.140084827
0.140084827
0.140084827
0.140084827
0.140084827
0.14894919
0
0
0
0
0
0
0
0
0.153667615
0.153667615
0.153667615
0.153667615
0.153667615
0.153667615
0.153667615
0.153667615
0.293052431
0.293052431
0.293052431
0.293052431
0.293052431
0.293052431
0.293052431
0.293052431
0.235411135
0.235411135
0.235411135
0.20101427
0.20101427
0.20101427
0.20101427
0.20101427
0.224752683
0.224752683
0.224752683
0.224752683
0.224752683
0.224752683
0.224752683
0.224752683
0.29335452
0.29335452
0.29335452
0.29335452
0.29335452
0.29335452
0.29335452
0.29335452
0.298472434
0.298472434
0.298472434
0.298472434
0.298472434
0.298472434
0.298472434
0.298472434
0.333317812
0.333317812
0.310684022
0.310684022
0.310684022
0.310684022
0.310684022
0.310684022
0.49561257
0.49561257
0.49561257
0.49561257
0.49561257
0.49561257
0.49561257
0.49561257
0.509010248
0.509010248
0.509010248
0.509010248
0.509010248
0.509010248
0.509010248
0.509010248
0.450141665
0.450141665
0.450141665
0.450141665
0.450141665
0.450141665
0.450141665
0.450141665
0.724031036
0.724031036
0.724031036
0.724031036
0.724031036
0.724031036
0.724031036
0.724031036
1.060505113
1.060505113
1.060505113
1.060505113
1.060505113
1.060505113
1.060505113
1.060505113
0.929891994
0.929891994
0.929891994
0.929891994
0.929891994
0.929891994
0.929891994
0.929891994
1.151251152
1.151251152
1.151251152
1.151251152
1.151251152
1.151251152
1.151251152
1.19276702
1.364429974
1.364429974
1.364429974
1.364429974
1.364429974
1.364429974
1.364429974
1.364429974
0.936804352
0.936804352
0.936804352
0.936804352
0.936804352
0.936804352
0.936804352
0.936804352
1.069592249
1.069592249
1.069592249
1.069592249
1.069592249
1.069592249
1.069592249
1.069592249
0.617247162
0.617247162
0.617247162
0.617247162
0.617247162
0.75204707
0.75204707
0.75204707
0.696573463
0.696573463
0.696573463
0.696573463
0.696573463
0.696573463
0.696573463
0.696573463
0.688078665
0.688078665
0.688078665
0.688078665
0.688078665
0.688078665
0.688078665
0.688078665
0.640327601
0.640327601
0.640327601
0.640327601
0.640327601
0.640327601
0.640327601
0.640327601
0.662465561
0.662465561
0.662465561
0.662465561
0.682677662
0.682677662
0.682677662
0.682677662
0.529350408
0.529350408
0.529350408
0.529350408
0.529350408
0.529350408
0.529350408
0.529350408
0.62657262
0.62657262
0.62657262
0.62657262
0.62657262
0.62657262
0.62657262
0.62657262
0.718224119
0.718224119
0.718224119
0.718224119
0.718224119
0.718224119
0.718224119
0.718224119
0.67206678
0.67206678
0.67206678
0.595751841
0.595751841
0.595751841
0.595751841
0.595751841
0.674879725
0.674879725
0.674879725
0.674879725
0.674879725
0.674879725
0.674879725
0.674879725
0.53508321
0.53508321
0.53508321
0.53508321
0.53508321
0.53508321
0.53508321
0.53508321
0.485466617
0.485466617
0.485466617
0.485466617
0.485466617
0.485466617
0.485466617
0.485466617
0.444432989
0.489414087
0.489414087
0.489414087
0.489414087
0.489414087
0.489414087
0.489414087
0.291576858
0.291576858
0.291576858
0.291576858
0.291576858
0.291576858
0.291576858
0.291576858
0.455103311
0.455103311
0.455103311
0.455103311
0.455103311
0.455103311
0.455103311
0.455103311
0.414189329
0.414189329
0.414189329
0.414189329
0.414189329
0.414189329
0.414189329
0.414189329
0.244961974
0.244961974
0.244961974
0.244961974
0.244961974
0.244961974
0.244961974
0.244961974
0.237322567
0.237322567
0.237322567
0.237322567
0.237322567
0.237322567
0.237322567
0.237322567
0.139638344
0.139638344
0.139638344
0.139638344
0.139638344
0.139638344
0.139638344
0.139638344
0.092800012
0.092800012
0.092800012
0.092800012
0.092800012
0.092800012
0.088521974
0.088521974
0.048621381
0.048621381
0.048621381
0.048621381
0.048621381
0.048621381
0.048621381
0.048621381
0.048262993
0.048262993
0.048262993
0.048262993
0.048262993
0.048262993
0.048262993
0.048262993
0.059731427
0.059731427
0.059731427
0.059731427
0.059731427
0.059731427
0.059731427
0.059731427
0.079920649
0.079920649
0.079920649
0.079920649
0.079920649
0.093429863
0.093429863
0.093429863
0.093429863
0.093429863
0.093429863
0.093429863
0.093429863
0.066324409
0.066324409
0.066324409
0.066324409
0.066324409
0.066324409
0.066324409
0.066324409
0.073880354
0.073880354
0.073880354
0.073880354
0.073880354
0.073880354
0.073880354
0.073880354
0.104104135
0.104104135
0.104104135
0.104104135
0.104104135
0.104104135
0.104104135
0.110691693
0.095898794
0.095898794
0.095898794
0.095898794
0.095898794
0.095898794
0.095898794
0.095898794
0.109033868
0.109033868
0.109033868
0.109033868
0.109033868
0.109033868
0.109033868
0.109033868
0.162594364
0.162594364
0.162594364
0.162594364
0.162594364
0.162594364
0.162594364
0.162594364
0.284890832
0.284890832
0.284890832
0.284890832
0.24326429
0.24326429
0.24326429
0.24326429
0.158546466
0.158546466
0.158546466
0.158546466
0.158546466
0.158546466
0.158546466
0.158546466
0.26743827
0.26743827
0.26743827
0.26743827
0.26743827
0.26743827
0.26743827
0.26743827
0.594331465
0.594331465
0.594331465
0.594331465
0.594331465
0.594331465
0.594331465
0.594331465
0.880172451
0.880172451
0.880172451
0.820404752
0.820404752
0.820404752
0.820404752
0.820404752
0.600967034
0.600967034
0.600967034
0.600967034
0.600967034
0.600967034
0.600967034
0.600967034
1.020659432
1.020659432
1.020659432
1.020659432
1.020659432
1.020659432
1.020659432
1.020659432
1.543676343
1.543676343
1.543676343
1.543676343
1.543676343
1.543676343
1.543676343
1.543676343
0.992037121
0.996575038
0.996575038
0.996575038
0.996575038
0.996575038
0.996575038
0.996575038
0.797239638
0.797239638
0.797239638
0.797239638
0.797239638
0.797239638
0.797239638
0.797239638
1.023085117
1.023085117
1.023085117
1.023085117
1.023085117
1.023085117
1.023085117
1.023085117
1.001367245
1.001367245
1.001367245
1.001367245
1.001367245
1.001367245
1.001367245
1.001367245
0.868773003
0.868773003
0.868773003
0.868773003
0.868773003
0.868773003
0.868773003
0.868773003
0.988461696
0.988461696
0.988461696
0.988461696
0.988461696
0.988461696
0.988461696
0.988461696
0.972932801
0.972932801
0.972932801
0.972932801
0.972932801
0.972932801
0.972932801
0.972932801
0.85810349
0.85810349
0.85810349
0.85810349
0.85810349
0.85810349
1.04550374
1.04550374
1.110501818
1.110501818
1.110501818
1.110501818
1.110501818
1.110501818
1.110501818
1.110501818
0.705583098
0.705583098
0.705583098
0.705583098
0.705583098
0.705583098
0.705583098
0.705583098
0.667871341
0.667871341
0.667871341
0.667871341
0.667871341
0.667871341
0.667871341
0.667871341
0.541993875
0.541993875
0.541993875
0.541993875
0.541993875
0.558530335
0.558530335
0.558530335
0.541818195
0.541818195
0.541818195
0.541818195
0.541818195
0.541818195
0.541818195
0.541818195
0.493140771
0.493140771
0.493140771
0.493140771
0.493140771
0.493140771
0.493140771
0.493140771
0.502955837
0.502955837
0.502955837
0.502955837
0.502955837
0.502955837
0.502955837
0.502955837
0.598586417
0.598586417
0.598586417
0.598586417
0.530615365
0.530615365
0.530615365
0.530615365
0.524971772
0.524971772
0.524971772
0.524971772
0.524971772
0.524971772
0.524971772
0.524971772
0.253608984
0.253608984
0.253608984
0.253608984
0.253608984
0.253608984
0.253608984
0.253608984
0.399872116
0.399872116
0.399872116
0.399872116
0.399872116
0.399872116
0.399872116
0.399872116
0.24408542
0.24408542
0.268789324
0.268789324
0.268789324
0.268789324
0.268789324
0.268789324
0.25635976
0.25635976
0.25635976
0.25635976
0.25635976
0.25635976
0.25635976
0.25635976
0.418461992
0.418461992
0.418461992
0.418461992
0.418461992
0.418461992
0.418461992
0.418461992
0.242505975
0.242505975
0.242505975
0.242505975
0.242505975
0.242505975
0.242505975
0.242505975
0.23564382
0.227929853
0.227929853
0.227929853
0.227929853
0.227929853
0.227929853
0.227929853
0.126363309
0.126363309
0.126363309
0.126363309
0.126363309
0.126363309
0.126363309
0.126363309
0.151786254
0.151786254
0.151786254
0.151786254
0.151786254
0.151786254
0.151786254
0.151786254
0.144146847
0.144146847
0.144146847
0.144146847
0.144146847
0.144146847
0.144146847
0.137501744
0.093658877
0.093658877
0.093658877
0.093658877
0.093658877
0.093658877
0.093658877
0.093658877
0.056744855
0.056744855
0.056744855
0.056744855
0.056744855
0.056744855
0.056744855
0.056744855
0.054594524
0.054594524
0.054594524
0.054594524
0.054594524
0.054594524
0.054594524
0.054594524
0.003822811
0.003822811
0.003822811
0.003822811
0.003822811
0.003822811
0.029384232
0.029384232
0.029384232
0.029384232
0.029384232
0.029384232
0.029384232
0.029384232
0.022427965
0.022427965
0.022427965
0.022427965
0.022427965
0.022427965
0.022427965
0.022427965
0.054930523
0.054930523
0.054930523
0.054930523
0.054930523
0.054930523
0.054930523
0.054930523
0.057449171
0.057449171
0.057449171
0.057449171
0.057449171
0.057449171
0.057449171
0.061084471
0.130330542
0.130330542
0.130330542
0.130330542
0.130330542
0.130330542
0.130330542
0.130330542
0.051009997
0.051009997
0.051009997
0.051009997
0.051009997
0.051009997
0.051009997
0.051009997
0.070903895
0.070903895
0.070903895
0.070903895
0.070903895
0.070903895
0.070903895
0.070903895
0.123061617
0.123061617
0.123061617
0.105080591
0.105080591
0.105080591
0.105080591
0.105080591
0.091578007
0.091578007
0.091578007
0.091578007
0.091578007
0.091578007
0.091578007
0.091578007
0.223881549
0.223881549
0.223881549
0.223881549
0.223881549
0.223881549
0.223881549
0.223881549
0.155497496
0.155497496
0.155497496
0.155497496
0.155497496
0.155497496
0.155497496
0.155497496
0.184353824
0.184353824
0.171835364
0.171835364
0.171835364
0.171835364
0.171835364
0.171835364
0.345903674
0.345903674
0.345903674
0.345903674
0.345903674
0.345903674
0.345903674
0.345903674
0.287948569
0.287948569
0.287948569
0.287948569
0.287948569
0.287948569
0.287948569
0.287948569
0.33484044
0.33484044
0.33484044
0.33484044
0.33484044
0.33484044
0.33484044
0.33484044
0.528060377
0.528060377
0.528060377
0.528060377
0.528060377
0.528060377
0.528060377
0.528060377
0.770525636
0.770525636
0.770525636
0.770525636
0.770525636
0.770525636
0.770525636
0.770525636
0.683348261
0.683348261
0.683348261
0.683348261
0.683348261
0.683348261
0.683348261
0.683348261
0.763082421
0.763082421
0.763082421
0.763082421
0.763082421
0.763082421
0.763082421
0.790600335
1.33622443
1.33622443
1.33622443
1.33622443
1.33622443
1.33622443
1.33622443
1.33622443
1.42432714
1.42432714
1.42432714
1.42432714
1.42432714
1.42432714
1.42432714
1.42432714
1.455490568
1.455490568
1.455490568
1.455490568
1.455490568
1.455490568
1.455490568
1.455490568
1.091987662
1.091987662
1.091987662
1.091987662
1.091987662
1.330465611
1.330465611
1.330465611
1.419532284
1.419532284
1.419532284
1.419532284
1.419532284
1.419532284
1.419532284
1.419532284
0.895557678
0.895557678
0.895557678
0.895557678
0.895557678
0.895557678
0.895557678
0.895557678
1.127105287
1.127105287
1.127105287
1.127105287
1.127105287
1.127105287
1.127105287
1.127105287
1.310901833
1.310901833
1.310901833
1.310901833
1.350897997
1.350897997
1.350897997
1.350897997
1.063475713
1.063475713
1.063475713
1.063475713
1.063475713
1.063475713
1.063475713
1.063475713
1.203141456
1.203141456
1.203141456
1.203141456
1.203141456
1.203141456
1.203141456
1.203141456
1.016920466
1.016920466
1.016920466
1.016920466
1.016920466
1.016920466
1.016920466
1.016920466
0.856430866
0.856430866
0.856430866
0.759180903
0.759180903
0.759180903
0.759180903
0.759180903
0.652893225
0.652893225
0.652893225
0.652893225
0.652893225
0.652893225
0.652893225
0.652893225
0.532731713
0.532731713
0.532731713
0.532731713
0.532731713
0.532731713
0.532731713
0.532731713
0.444432989
0.444432989
0.444432989
0.444432989
0.444432989
0.444432989
0.444432989
0.444432989
0.438789396
0.483199305
0.483199305
0.483199305
0.483199305
0.483199305
0.483199305
0.483199305
0.416390398
0.416390398
0.416390398
0.416390398
0.416390398
0.416390398
0.416390398
0.416390398
0.286915772
0.286915772
0.286915772
0.286915772
0.286915772
0.286915772
0.286915772
0.286915772
0.209748894
0.209748894
0.209748894
0.209748894
0.209748894
0.209748894
0.209748894
0.209748894
0.153790033
0.153790033
0.153790033
0.153790033
0.153790033
0.153790033
0.153790033
0.153790033
0.138636455
0.138636455
0.138636455
0.138636455
0.138636455
0.138636455
0.138636455
0.138636455
0.060489076
0.060489076
0.060489076
0.060489076
0.060489076
0.060489076
0.060489076
0.060489076
0.050595418
0.050595418
0.050595418
0.050595418
0.050595418
0.050595418
0.048262993
0.048262993
0.007287234
0.007287234
0.007287234
0.007287234
0.007287234
0.007287234
0.007287234
0.007287234
0.040258982
0.040258982
0.040258982
0.040258982
0.040258982
0.040258982
0.040258982
0.040258982
0.035361005
0.035361005
0.035361005
0.035361005
0.035361005
0.035361005
0.035361005
0.035361005
0.032732822
0.032732822
0.032732822
0.032732822
0.032732822
0.028664618
0.028664618
0.028664618
0.028664618
0.028664618
0.028664618
0.028664618
0.028664618
0.056969429
0.056969429
0.056969429
0.056969429
0.056969429
0.056969429
0.056969429
0.056969429
0.050732775
0.050732775
0.050732775
0.050732775
0.050732775
0.050732775
0.050732775
0.050732775
0
0
0
0
0
0
0
0
0
0
0
0
0
0
0
0
0.045526422
0.045526422
0.045526422
0.045526422
0.045526422
0.045526422
0.045526422
0.045526422
0.120893692
0.120893692
0.120893692
0.120893692
0.120893692
0.120893692
0.120893692
0.120893692
0.031753723
0.031753723
0.031753723
0.027114059
0.027114059
0.027114059
0.027114059
0.027114059
0.095933679
0.095933679
0.095933679
0.095933679
0.095933679
0.095933679
0.095933679
0.095933679
0.125987817
0.125987817
0.125987817
0.125987817
0.125987817
0.125987817
0.125987817
0.125987817
0.128819004
0.128819004
0.128819004
0.128819004
0.128819004
0.128819004
0.128819004
0.128819004
0.252846769
0.252846769
0.235677327
0.235677327
0.235677327
0.235677327
0.235677327
0.235677327
0.275565867
0.275565867
0.275565867
0.275565867
0.275565867
0.275565867
0.275565867
0.275565867
0.283178184
0.283178184
0.283178184
0.283178184
0.283178184
0.283178184
0.283178184
0.283178184
0.562600958
0.562600958
0.562600958
0.562600958
0.562600958
0.562600958
0.562600958
0.562600958
0.646845922
0.646845922
0.646845922
0.646845922
0.646845922
0.646845922
0.646845922
0.646845922
0.596782658
0.596782658
0.596782658
0.596782658
0.596782658
0.596782658
0.596782658
0.596782658
0.80233773
0.80233773
0.80233773
0.80233773
0.80233773
0.80233773
0.80233773
0.80233773
0.728721281
0.728721281
0.728721281
0.728721281
0.728721281
0.728721281
0.728721281
0.755000079
0.638269271
0.638269271
0.638269271
0.638269271
0.638269271
0.638269271
0.638269271
0.638269271
0.951171221
0.951171221
0.951171221
0.951171221
0.951171221
0.951171221
0.951171221
0.951171221
1.098959819
1.098959819
1.098959819
1.098959819
1.098959819
1.098959819
1.098959819
1.098959819
0.954974215
0.954974215
0.954974215
0.954974215
0.954974215
1.163529953
1.163529953
1.163529953
1.242814737
1.242814737
1.242814737
1.242814737
1.242814737
1.242814737
1.242814737
1.242814737
0.831846691
0.831846691
0.831846691
0.831846691
0.831846691
0.831846691
0.831846691
0.831846691
0.756037051
0.756037051
0.756037051
0.756037051
0.756037051
0.756037051
0.756037051
0.756037051
0.645604673
0.645604673
0.645604673
0.645604673
0.665302342
0.665302342
0.665302342
0.665302342
0.779899875
0.779899875
0.779899875
0.779899875
0.779899875
0.779899875
0.779899875
0.779899875
0.654691459
0.654691459
0.654691459
0.654691459
0.654691459
0.654691459
0.654691459
0.654691459
0.613043745
0.613043745
0.613043745
0.613043745
0.613043745
0.613043745
0.613043745
0.613043745
0.45772695
0.45772695
0.45772695
0.405750859
0.405750859
0.405750859
0.405750859
0.405750859
0.220217722
0.220217722
0.220217722
0.220217722
0.220217722
0.220217722
0.220217722
0.220217722
0.285942071
0.285942071
0.285942071
0.285942071
0.285942071
0.285942071
0.285942071
0.285942071
0.333324742
0.333324742
0.333324742
0.333324742
0.333324742
0.333324742
0.333324742
0.333324742
0.26560162
0.292483181
0.292483181
0.292483181
0.292483181
0.292483181
0.292483181
0.292483181
0.215057354
0.215057354
0.215057354
0.215057354
0.215057354
0.215057354
0.215057354
0.215057354
0.221919509
0.221919509
0.221919509
0.221919509
0.221919509
0.221919509
0.221919509
0.221919509
0.226192172
0.226192172
0.226192172
0.226192172
0.226192172
0.226192172
0.226192172
0.226192172
0.121353861
0.121353861
0.121353861
0.121353861
0.121353861
0.121353861
0.121353861
0.121353861
0.061115257
0.061115257
0.061115257
0.061115257
0.061115257
0.061115257
0.061115257
0.061115257
0.048341167
0.048341167
0.048341167
0.048341167
0.048341167
0.048341167
0.048341167
0.048341167
0.074891237
0.074891237
0.074891237
0.074891237
0.074891237
0.074891237
0.071438786
0.071438786
0.022817405
0.022817405
0.022817405
0.022817405
0.022817405
0.022817405
0.022817405
0.022817405
0.01588856
0.01588856
0.01588856
0.01588856
0.01588856
0.01588856
0.01588856
0.01588856
0.015171782
0.015171782
0.015171782
0.015171782
0.015171782
0.015171782
0.015171782
0.015171782
0.011468434
0.011468434
0.011468434
0.011468434
0.011468434
0.004437619
0.004437619
0.004437619
0.004437619
0.004437619
0.004437619
0.004437619
0.004437619
0.003957876
0.003957876
0.003957876
0.003957876
0.003957876
0.003957876
0.003957876
0.003957876
0.043656573
0.043656573
0.043656573
0.043656573
0.043656573
0.043656573
0.043656573
0.043656573
0.05529033
0.05529033
0.05529033
0.05529033
0.05529033
0.05529033
0.05529033
0.058789021
0.035196898
0.035196898
0.035196898
0.035196898
0.035196898
0.035196898
0.035196898
0.035196898
0.092838194
0.092838194
0.092838194
0.092838194
0.092838194
0.092838194
0.092838194
0.092838194
0.021424199
0.021424199
0.021424199
0.021424199
0.021424199
0.021424199
0.021424199
0.021424199
0.007268925
0.007268925
0.007268925
0.006206833
0.006206833
0.006206833
0.006206833
0.006206833
0.075026453
0.075026453
0.075026453
0.075026453
0.075026453
0.075026453
0.075026453
0.075026453
0.127403411
0.127403411
0.127403411
0.127403411
0.127403411
0.127403411
0.127403411
0.127403411
0.244026532
0.244026532
0.244026532
0.244026532
0.244026532
0.244026532
0.244026532
0.244026532
0.291067792
0.291067792
0.27130297
0.27130297
0.27130297
0.27130297
0.27130297
0.27130297
0.50393537
0.50393537
0.50393537
0.50393537
0.50393537
0.50393537
0.50393537
0.50393537
0.532557681
0.532557681
0.532557681
0.532557681
0.532557681
0.532557681
0.532557681
0.532557681
0.754228345
0.754228345
0.754228345
0.754228345
0.754228345
0.754228345
0.754228345
0.754228345
0.922142894
0.922142894
0.922142894
0.922142894
0.922142894
0.922142894
0.922142894
0.922142894
0.760023566
0.760023566
0.760023566
0.760023566
0.760023566
0.760023566
0.760023566
0.760023566
0.769811903
0.769811903
0.769811903
0.769811903
0.769811903
0.769811903
0.769811903
0.769811903
0.913374176
0.913374176
0.913374176
0.913374176
0.913374176
0.913374176
0.913374176
0.946311839
1.504612583
1.504612583
1.504612583
1.504612583
1.504612583
1.504612583
1.504612583
1.504612583
1.025540894
1.025540894
1.025540894
1.025540894
1.025540894
1.025540894
1.025540894
1.025540894
1.191604994
1.191604994
1.191604994
1.191604994
1.191604994
1.191604994
1.191604994
1.191604994
1.018040543
1.018040543
1.018040543
1.018040543
1.018040543
1.240369265
1.240369265
1.240369265
1.151173883
1.151173883
1.151173883
1.151173883
1.151173883
1.151173883
1.151173883
1.151173883
1.641555423
1.641555423
1.641555423
1.641555423
1.641555423
1.641555423
1.641555423
1.641555423
1.335356556
1.335356556
1.335356556
1.335356556
1.335356556
1.335356556
1.335356556
1.335356556
1.437036717
1.437036717
1.437036717
1.437036717
1.480881309
1.480881309
1.480881309
1.480881309
1.472392603
1.472392603
1.472392603
1.472392603
1.472392603
1.472392603
1.472392603
1.472392603
1.152209219
1.152209219
1.152209219
1.152209219
1.152209219
1.152209219
1.152209219
1.152209219
1.280998808
1.280998808
1.280998808
1.280998808
1.280998808
1.280998808
1.280998808
1.280998808
0.685860927
0.685860927
0.685860927
0.607979626
0.607979626
0.607979626
0.607979626
0.607979626
0.555541237
0.555541237
0.555541237
0.555541237
0.555541237
0.555541237
0.555541237
0.555541237
0.405868434
0.405868434
0.405868434
0.405868434
0.405868434
0.405868434
0.405868434
0.405868434
0.577292587
0.577292587
0.577292587
0.577292587
0.577292587
0.577292587
0.577292587
0.577292587
0.406456308
0.447593783
0.447593783
0.447593783
0.447593783
0.447593783
0.447593783
0.447593783
0.326276058
0.326276058
0.326276058
0.326276058
0.326276058
0.326276058
0.326276058
0.326276058
0.279535718
0.279535718
0.279535718
0.279535718
0.279535718
0.279535718
0.279535718
0.279535718
0.196024584
0.196024584
0.196024584
0.196024584
0.196024584
0.196024584
0.196024584
0.196024584
0.134127952
0.134127952
0.134127952
0.134127952
0.134127952
0.134127952
0.134127952
0.134127952
0.135129841
0.135129841
0.135129841
0.135129841
0.135129841
0.135129841
0.135129841
0.135129841
0.082655881
0.082655881
0.082655881
0.082655881
0.082655881
0.082655881
0.082655881
0.082655881
0.016906885
0.016906885
0.016906885
0.016906885
0.016906885
0.016906885
0.016127485
0.016127485
0.074783746
0.074783746
0.074783746
0.074783746
0.074783746
0.074783746
0.074783746
0.074783746
0.040856296
0.040856296
0.040856296
0.040856296
0.040856296
0.040856296
0.040856296
0.040856296
0.049457621
0.049457621
0.049457621
0.049457621
0.049457621
0.049457621
0.049457621
0.049457621
0.012304674
0.012304674
0.012304674
0.012304674
0.012304674
0.019429574
0.019429574
0.019429574
0.019429574
0.019429574
0.019429574
0.019429574
0.019429574
0.031543073
0.031543073
0.031543073
0.031543073
0.031543073
0.031543073
0.031543073
0.031543073
0.019189702
0.019189702
0.019189702
0.019189702
0.019189702
0.019189702
0.019189702
0.019189702
0.072920869
0.072920869
0.072920869
0.072920869
0.072920869
0.072920869
0.072920869
0.077535195
0.067970821
0.067970821
0.067970821
0.067970821
0.067970821
0.067970821
0.067970821
0.067970821
0.094623544
0.094623544
0.094623544
0.094623544
0.094623544
0.094623544
0.094623544
0.094623544
0.123061617
0.123061617
0.123061617
0.123061617
0.123061617
0.123061617
0.123061617
0.123061617
0.172796364
0.172796364
0.172796364
0.172796364
0.147548394
0.147548394
0.147548394
0.147548394
0.139490401
0.139490401
0.139490401
0.139490401
0.139490401
0.139490401
0.139490401
0.139490401
0.224643791
0.224643791
0.224643791
0.224643791
0.224643791
0.224643791
0.224643791
0.224643791
0.339415753
0.339415753
0.339415753
0.339415753
0.339415753
0.339415753
0.339415753
0.339415753
0.320250795
0.320250795
0.320250795
0.298504315
0.298504315
0.298504315
0.298504315
0.298504315
0.382848785
0.382848785
0.382848785
0.382848785
0.382848785
0.382848785
0.382848785
0.382848785
0.383254775
0.383254775
0.383254775
0.383254775
0.383254775
0.383254775
0.383254775
0.383254775
0.674958753
0.674958753
0.674958753
0.674958753
0.674958753
0.674958753
0.674958753
0.674958753
1.035376578
1.040112744
1.040112744
1.040112744
1.040112744
1.040112744
1.040112744
1.040112744
1.212530218
1.212530218
1.212530218
1.212530218
1.212530218
1.212530218
1.212530218
1.212530218
0.726784006
0.726784006
0.726784006
0.726784006
0.726784006
0.726784006
0.726784006
0.726784006
1.274523018
1.274523018
1.274523018
1.274523018
1.274523018
1.274523018
1.274523018
1.274523018
1.263439338
1.263439338
1.263439338
1.263439338
1.263439338
1.263439338
1.263439338
1.263439338
1.220127454
1.220127454
1.220127454
1.220127454
1.220127454
1.220127454
1.220127454
1.220127454
1.163399451
1.163399451
1.163399451
1.163399451
1.163399451
1.163399451
1.163399451
1.163399451
1.602539695
1.602539695
1.602539695
1.602539695
1.602539695
1.602539695
1.952516525
1.952516525
1.159025136
1.159025136
1.159025136
1.159025136
1.159025136
1.159025136
1.159025136
1.159025136
1.862935015
1.862935015
1.862935015
1.862935015
1.862935015
1.862935015
1.862935015
1.862935015
1.558151948
1.558151948
1.558151948
1.558151948
1.558151948
1.558151948
1.558151948
1.558151948
1.158639008
1.158639008
1.158639008
1.158639008
1.158639008
1.19398957
1.19398957
1.19398957
0.917841349
0.917841349
0.917841349
0.917841349
0.917841349
0.917841349
0.917841349
0.917841349
0.907230466
0.907230466
0.907230466
0.907230466
0.907230466
0.907230466
0.907230466
0.907230466
0.942379015
0.942379015
0.942379015
0.942379015
0.942379015
0.942379015
0.942379015
0.942379015
0.572457119
0.572457119
0.572457119
0.572457119
0.507453117
0.507453117
0.507453117
0.507453117
0.485231467
0.485231467
0.485231467
0.485231467
0.485231467
0.485231467
0.485231467
0.485231467
0.498870152
0.498870152
0.498870152
0.498870152
0.498870152
0.498870152
0.498870152
0.498870152
0.403046637
0.403046637
0.403046637
0.403046637
0.403046637
0.403046637
0.403046637
0.403046637
0.527558419
0.527558419
0.580952648
0.580952648
0.580952648
0.580952648
0.580952648
0.580952648
0.431668404
0.431668404
0.431668404
0.431668404
0.431668404
0.431668404
0.431668404
0.431668404
0.440602153
0.440602153
0.440602153
0.440602153
0.440602153
0.440602153
0.440602153
0.440602153
0.325887634
0.325887634
0.325887634
0.325887634
0.325887634
0.325887634
0.325887634
0.325887634
0.257525032
0.249094768
0.249094768
0.249094768
0.249094768
0.249094768
0.249094768
0.249094768
0.168066958
0.168066958
0.168066958
0.168066958
0.168066958
0.168066958
0.168066958
0.168066958
0.20964537
0.20964537
0.20964537
0.20964537
0.20964537
0.20964537
0.20964537
0.20964537
0.10006371
0.10006371
0.10006371
0.10006371
0.10006371
0.10006371
0.10006371
0.09545082
0.024489885
0.024489885
0.024489885
0.024489885
0.024489885
0.024489885
0.024489885
0.024489885
0.001314091
0.001314091
0.001314091
0.001314091
0.001314091
0.001314091
0.001314091
0.001314091
0.021264388
0.021264388
0.021264388
0.021264388
0.021264388
0.021264388
0.021264388
0.021264388
0.078248169
0.078248169
0.078248169
0.078248169
0.078248169
0.078248169
0.015471697
0.015471697
0.015471697
0.015471697
0.015471697
0.015471697
0.015471697
0.015471697
0.030463652
0.030463652
0.030463652
0.030463652
0.030463652
0.030463652
0.030463652
0.030463652
0.057569107
0.057569107
0.057569107
0.057569107
0.057569107
0.057569107
0.057569107
0.057569107
0.076399002
0.076399002
0.076399002
0.076399002
0.076399002
0.076399002
0.076399002
0.08123342
0.07613242
0.07613242
0.07613242
0.07613242
0.07613242
0.07613242
0.07613242
0.07613242
0.126504792
0.126504792
0.126504792
0.126504792
0.126504792
0.126504792
0.126504792
0.126504792
0.170118339
0.170118339
0.170118339
0.170118339
0.170118339
0.170118339
0.170118339
0.170118339
0.191287488
0.191287488
0.191287488
0.163337706
0.163337706
0.163337706
0.163337706
0.163337706
0.212665693
0.212665693
0.212665693
0.212665693
0.212665693
0.212665693
0.212665693
0.212665693
0.256984657
0.256984657
0.256984657
0.256984657
0.256984657
0.256984657
0.256984657
0.256984657
0.272338401
0.272338401
0.272338401
0.272338401
0.272338401
0.272338401
0.272338401
0.272338401
0.34224694
0.34224694
0.319006821
0.319006821
0.319006821
0.319006821
0.319006821
0.319006821
0.509111745
0.509111745
0.509111745
0.509111745
0.509111745
0.509111745
0.509111745
0.509111745
0.646133447
0.646133447
0.646133447
0.646133447
0.646133447
0.646133447
0.646133447
0.646133447
0.911549559
0.911549559
0.911549559
0.911549559
0.911549559
0.911549559
0.911549559
0.911549559
1.108427178
1.108427178
1.108427178
1.108427178
1.108427178
1.108427178
1.108427178
1.108427178
1.134733333
1.134733333
1.134733333
1.134733333
1.134733333
1.134733333
1.134733333
1.134733333
1.377402516
1.377402516
1.377402516
1.377402516
1.377402516
1.377402516
1.377402516
1.377402516
1.474470189
1.474470189
1.474470189
1.474470189
1.474470189
1.474470189
1.474470189
1.527641828
1.061563705
1.061563705
1.061563705
1.061563705
1.061563705
1.061563705
1.061563705
1.061563705
1.298194484
1.298194484
1.298194484
1.298194484
1.298194484
1.298194484
1.298194484
1.298194484
1.163610728
1.163610728
1.163610728
1.163610728
1.163610728
1.163610728
1.163610728
1.163610728
1.082374537
1.082374537
1.082374537
1.082374537
1.082374537
1.318753086
1.318753086
1.318753086
1.161985444
1.161985444
1.161985444
1.161985444
1.161985444
1.161985444
1.161985444
1.161985444
1.357108388
1.357108388
1.357108388
1.357108388
1.357108388
1.357108388
1.357108388
1.357108388
0.881399681
0.881399681
0.881399681
0.881399681
0.881399681
0.881399681
0.881399681
0.881399681
0.844460179
0.844460179
0.844460179
0.844460179
0.870225013
0.870225013
0.870225013
0.870225013
0.880437988
0.880437988
0.880437988
0.880437988
0.880437988
0.880437988
0.880437988
0.880437988
1.216537695
1.216537695
1.216537695
1.216537695
1.216537695
1.216537695
1.216537695
1.216537695
1.032704154
1.032704154
1.032704154
1.032704154
1.032704154
1.032704154
1.032704154
1.032704154
1.249431432
1.249431432
1.249431432
1.107555227
1.107555227
1.107555227
1.107555227
1.107555227
1.02713402
1.02713402
1.02713402
1.02713402
1.02713402
1.02713402
1.02713402
1.02713402
0.712503681
0.712503681
0.712503681
0.712503681
0.712503681
0.712503681
0.712503681
0.712503681
0.490052037
0.490052037
0.490052037
0.490052037
0.490052037
0.490052037
0.490052037
0.490052037
0.406338733
0.447464308
0.447464308
0.447464308
0.447464308
0.447464308
0.447464308
0.447464308
0.535895478
0.535895478
0.535895478
0.535895478
0.535895478
0.535895478
0.535895478
0.535895478
0.348675168
0.348675168
0.348675168
0.348675168
0.348675168
0.348675168
0.348675168
0.348675168
0.276946225
0.276946225
0.276946225
0.276946225
0.276946225
0.276946225
0.276946225
0.276946225
0.185349551
0.185349551
0.185349551
0.185349551
0.185349551
0.185349551
0.185349551
0.185349551
0.078147378
0.078147378
0.078147378
0.078147378
0.078147378
0.078147378
0.078147378
0.078147378
0.08365777
0.08365777
0.08365777
0.08365777
0.08365777
0.08365777
0.08365777
0.08365777
0.113714454
0.113714454
0.113714454
0.113714454
0.113714454
0.113714454
0.108472271
0.108472271
0.105724625
0.105724625
0.105724625
0.105724625
0.105724625
0.105724625
0.105724625
0.105724625
0.073828043
0.073828043
0.073828043
0.073828043
0.073828043
0.073828043
0.073828043
0.073828043
0.034285839
0.034285839
0.034285839
0.034285839
0.034285839
0.034285839
0.034285839
0.034285839
0.006212068
0.006212068
0.006212068
0.006212068
0.006212068
0.008395495
0.008395495
0.008395495
0.008395495
0.008395495
0.008395495
0.008395495
0.008395495
0.022308029
0.022308029
0.022308029
0.022308029
0.022308029
0.022308029
0.022308029
0.022308029
0.036700306
0.036700306
0.036700306
0.036700306
0.036700306
0.036700306
0.036700306
0.036700306
0.06572473
0.06572473
0.06572473
0.06572473
0.06572473
0.06572473
0.06572473
0.069883695
0.034049173
0.034049173
0.034049173
0.034049173
0.034049173
0.034049173
0.034049173
0.034049173
0.051265047
0.051265047
0.051265047
0.051265047
0.051265047
0.051265047
0.051265047
0.051265047
0.026780248
0.026780248
0.026780248
0.026780248
0.026780248
0.026780248
0.026780248
0.026780248
0.100107119
0.100107119
0.100107119
0.085480066
0.085480066
0.085480066
0.085480066
0.085480066
0.122067712
0.122067712
0.122067712
0.122067712
0.122067712
0.122067712
0.122067712
0.122067712
0.179344801
0.179344801
0.179344801
0.179344801
0.179344801
0.179344801
0.179344801
0.179344801
0.141994912
0.141994912
0.141994912
0.141994912
0.141994912
0.141994912
0.141994912
0.141994912
0.164535516
0.164535516
0.153362808
0.153362808
0.153362808
0.153362808
0.153362808
0.153362808
0.304391173
0.304391173
0.304391173
0.304391173
0.304391173
0.304391173
0.304391173
0.304391173
0.314540929
0.314540929
0.314540929
0.314540929
0.314540929
0.314540929
0.314540929
0.314540929
0.531238213
0.531238213
0.531238213
0.531238213
0.531238213
0.531238213
0.531238213
0.531238213
0.725152616
0.725152616
0.725152616
0.725152616
0.725152616
0.725152616
0.725152616
0.725152616
1.391779136
1.391779136
1.391779136
1.391779136
1.391779136
1.391779136
1.391779136
1.391779136
1.32948045
1.32948045
1.32948045
1.32948045
1.32948045
1.32948045
1.32948045
1.32948045
1.737225854
1.737225854
1.737225854
1.737225854
1.737225854
1.737225854
1.737225854
1.799872863
1.145123948
1.145123948
1.145123948
1.145123948
1.145123948
1.145123948
1.145123948
1.145123948
1.67342329
1.67342329
1.67342329
1.67342329
1.67342329
1.67342329
1.67342329
1.67342329
1.303793337
1.303793337
1.303793337
1.303793337
1.303793337
1.303793337
1.303793337
1.303793337
1.466688275
1.466688275
1.466688275
1.466688275
1.466688275
1.786996667
1.786996667
1.786996667
1.145510684
1.145510684
1.145510684
1.145510684
1.145510684
1.145510684
1.145510684
1.145510684
1.05515692
1.05515692
1.05515692
1.05515692
1.05515692
1.05515692
1.05515692
1.05515692
0.961070593
0.961070593
0.961070593
0.961070593
0.961070593
0.961070593
0.961070593
0.961070593
0.942536487
0.942536487
0.942536487
0.942536487
0.97129367
0.97129367
0.97129367
0.97129367
1.196111746
1.196111746
1.196111746
1.196111746
1.196111746
1.196111746
1.196111746
1.196111746
0.888528786
0.888528786
0.888528786
0.888528786
0.888528786
0.888528786
0.888528786
0.888528786
0.993311252
0.993311252
0.993311252
0.993311252
0.993311252
0.993311252
0.993311252
0.993311252
0.745149234
0.745149234
0.745149234
0.660535591
0.660535591
0.660535591
0.660535591
0.660535591
0.364834806
0.364834806
0.364834806
0.364834806
0.364834806
0.364834806
0.364834806
0.364834806
0.577645311
0.577645311
0.577645311
0.577645311
0.577645311
0.577645311
0.577645311
0.577645311
0.365775405
0.365775405
0.365775405
0.365775405
0.365775405
0.365775405
0.365775405
0.365775405
0.459247422
0.50572789
0.50572789
0.50572789
0.50572789
0.50572789
0.50572789
0.50572789
0.321226548
0.321226548
0.321226548
0.321226548
0.321226548
0.321226548
0.321226548
0.321226548
0.255841861
0.255841861
0.255841861
0.255841861
0.255841861
0.255841861
0.255841861
0.255841861
0.24936813
0.24936813
0.24936813
0.24936813
0.24936813
0.24936813
0.24936813
0.24936813
0.160051842
0.160051842
0.160051842
0.160051842
0.160051842
0.160051842
0.160051842
0.160051842
0.059988132
0.059988132
0.059988132
0.059988132
0.059988132
0.059988132
0.059988132
0.059988132
0.083908243
0.083908243
0.083908243
0.083908243
0.083908243
0.083908243
0.083908243
0.083908243
0.101942253
0.101942253
0.101942253
0.101942253
0.101942253
0.101942253
0.097242763
0.097242763
0.025206662
0.025206662
0.025206662
0.025206662
0.025206662
0.025206662
0.025206662
0.025206662
0.056028078
0.056028078
0.056028078
0.056028078
0.056028078
0.056028078
0.056028078
0.056028078
0.068332752
0.068332752
0.068332752
0.068332752
0.068332752
0.068332752
0.068332752
0.068332752
0.026401291
0.026401291
0.026401291
0.026401291
0.026401291
0.027945004
0.027945004
0.027945004
0.027945004
0.027945004
0.027945004
0.027945004
0.027945004
0.03741992
0.03741992
0.03741992
0.03741992
0.03741992
0.03741992
0.03741992
0.03741992
0.060447562
0.060447562
0.060447562
0.060447562
0.060447562
0.060447562
0.060447562
0.060447562
0.031663009
0.031663009
0.031663009
0.031663009
0.031663009
0.031663009
0.031663009
0.033666598
0.073199345
0.073199345
0.073199345
0.073199345
0.073199345
0.073199345
0.073199345
0.073199345
0.088374819
0.088374819
0.088374819
0.088374819
0.088374819
0.088374819
0.088374819
0.088374819
0.059681696
0.059681696
0.059681696
0.059681696
0.059681696
0.059681696
0.059681696
0.059681696
0.024102223
0.024102223
0.024102223
0.020580551
0.020580551
0.020580551
0.020580551
0.020580551
0.061523869
0.061523869
0.061523869
0.061523869
0.061523869
0.061523869
0.061523869
0.061523869
0.194262978
0.194262978
0.194262978
0.194262978
0.194262978
0.194262978
0.194262978
0.194262978
0.192847385
0.192847385
0.192847385
0.192847385
0.192847385
0.192847385
0.192847385
0.192847385
0.218001391
0.218001391
0.203198109
0.203198109
0.203198109
0.203198109
0.203198109
0.203198109
0.27130297
0.27130297
0.27130297
0.27130297
0.27130297
0.27130297
0.27130297
0.27130297
0.603301478
0.603301478
0.603301478
0.603301478
0.603301478
0.603301478
0.603301478
0.603301478
0.818577796
0.818577796
0.818577796
0.818577796
0.818577796
0.818577796
0.818577796
0.818577796
0.751050924
0.751050924
0.751050924
0.751050924
0.751050924
0.751050924
0.751050924
0.751050924
0.96455902
0.96455902
0.96455902
0.96455902
0.96455902
0.96455902
0.96455902
0.96455902
0.974041471
0.974041471
0.974041471
0.974041471
0.974041471
0.974041471
0.974041471
0.974041471
0.83945184
0.83945184
0.83945184
0.83945184
0.83945184
0.83945184
0.83945184
0.869723752
1.212732742
1.212732742
1.212732742
1.212732742
1.212732742
1.212732742
1.212732742
1.212732742
1.24484692
1.24484692
1.24484692
1.24484692
1.24484692
1.24484692
1.24484692
1.24484692
1.44862405
1.44862405
1.44862405
1.44862405
1.44862405
1.44862405
1.44862405
1.44862405
1.580144282
1.580144282
1.580144282
1.580144282
1.580144282
1.925230203
1.925230203
1.925230203
1.780947341
1.780947341
1.780947341
1.780947341
1.780947341
1.780947341
1.780947341
1.780947341
1.695870648
1.695870648
1.695870648
1.695870648
1.695870648
1.695870648
1.695870648
1.695870648
1.115521471
1.115521471
1.115521471
1.115521471
1.115521471
1.115521471
1.115521471
1.115521471
0.901735714
0.901735714
0.901735714
0.901735714
0.929248048
0.929248048
0.929248048
0.929248048
0.800193188
0.800193188
0.800193188
0.800193188
0.800193188
0.800193188
0.800193188
0.800193188
0.771278532
0.771278532
0.771278532
0.771278532
0.771278532
0.771278532
0.771278532
0.771278532
0.800591096
0.800591096
0.800591096
0.800591096
0.800591096
0.800591096
0.800591096
0.800591096
0.65800736
0.65800736
0.65800736
0.583288905
0.583288905
0.583288905
0.583288905
0.583288905
0.758475454
0.758475454
0.758475454
0.758475454
0.758475454
0.758475454
0.758475454
0.758475454
0.713326705
0.713326705
0.713326705
0.713326705
0.713326705
0.713326705
0.713326705
0.713326705
0.621618311
0.621618311
0.621618311
0.621618311
0.621618311
0.621618311
0.621618311
0.621618311
0.430794305
0.47439503
0.47439503
0.47439503
0.47439503
0.47439503
0.47439503
0.47439503
0.488637239
0.488637239
0.488637239
0.488637239
0.488637239
0.488637239
0.488637239
0.488637239
0.37392272
0.37392272
0.37392272
0.37392272
0.37392272
0.37392272
0.37392272
0.37392272
0.076001606
0.076001606
0.076001606
0.076001606
0.076001606
0.076001606
0.076001606
0.076001606
0.103445087
0.103445087
0.103445087
0.103445087
0.103445087
0.103445087
0.103445087
0.103445087
0.061490966
0.061490966
0.061490966
0.061490966
0.061490966
0.061490966
0.061490966
0.061490966
0.059236715
0.059236715
0.059236715
0.059236715
0.059236715
0.059236715
0.059236715
0.059236715
0.050971126
0.050971126
0.050971126
0.050971126
0.050971126
0.050971126
0.048621381
0.048621381
0.045754273
0.045754273
0.045754273
0.045754273
0.045754273
0.045754273
0.045754273
0.045754273
0.019830834
0.019830834
0.019830834
0.019830834
0.019830834
0.019830834
0.019830834
0.019830834
0.054475061
0.054475061
0.054475061
0.054475061
0.054475061
0.054475061
0.054475061
0.054475061
0.028073771
0.028073771
0.028073771
0.028073771
0.028073771
0.037659791
0.037659791
0.037659791
0.037659791
0.037659791
0.037659791
0.037659791
0.037659791
0.067163958
0.067163958
0.067163958
0.067163958
0.067163958
0.067163958
0.067163958
0.067163958
0.026385841
0.026385841
0.026385841
0.026385841
0.026385841
0.026385841
0.026385841
0.026385841
0.042697088
0.042697088
0.042697088
0.042697088
0.042697088
0.042697088
0.042697088
0.045398897
0.066695571
0.066695571
0.066695571
0.066695571
0.066695571
0.066695571
0.066695571
0.066695571
0.032391348
0.032391348
0.032391348
0.032391348
0.032391348
0.032391348
0.032391348
0.032391348
0.057896346
0.057896346
0.057896346
0.057896346
0.057896346
0.057896346
0.057896346
0.057896346
0.118725767
0.118725767
0.118725767
0.118725767
0.101378269
0.101378269
0.101378269
0.101378269
0.188165037
0.188165037
0.188165037
0.188165037
0.188165037
0.188165037
0.188165037
0.188165037
0.094735869
0.094735869
0.094735869
0.094735869
0.094735869
0.094735869
0.094735869
0.094735869
0.2245349
0.2245349
0.2245349
0.2245349
0.2245349
0.2245349
0.2245349
0.2245349
0.253173444
0.253173444
0.253173444
0.23598182
0.23598182
0.23598182
0.23598182
0.23598182
0.430248144
0.430248144
0.430248144
0.430248144
0.430248144
0.430248144
0.430248144
0.430248144
0.366101688
0.366101688
0.366101688
0.366101688
0.366101688
0.366101688
0.366101688
0.366101688
0.866992131
0.866992131
0.866992131
0.866992131
0.866992131
0.866992131
0.866992131
0.866992131
1.015686052
1.020332147
1.020332147
1.020332147
1.020332147
1.020332147
1.020332147
1.020332147
0.668461832
0.668461832
0.668461832
0.668461832
0.668461832
0.668461832
0.668461832
0.668461832
1.222420517
1.222420517
1.222420517
1.222420517
1.222420517
1.222420517
1.222420517
1.222420517
0.929586108
0.929586108
0.929586108
0.929586108
0.929586108
0.929586108
0.929586108
0.929586108
1.17269566
1.17269566
1.17269566
1.17269566
1.17269566
1.17269566
1.17269566
1.17269566
1.362951032
1.362951032
1.362951032
1.362951032
1.362951032
1.362951032
1.362951032
1.362951032
1.001032706
1.001032706
1.001032706
1.001032706
1.001032706
1.001032706
1.001032706
1.001032706
1.450525548
1.450525548
1.450525548
1.450525548
1.450525548
1.450525548
1.76730418
1.76730418
1.730493387
1.730493387
1.730493387
1.730493387
1.730493387
1.730493387
1.730493387
1.730493387
1.471788165
1.471788165
1.471788165
1.471788165
1.471788165
1.471788165
1.471788165
1.471788165
1.423650975
1.423650975
1.423650975
1.423650975
1.423650975
1.423650975
1.423650975
1.423650975
1.273061368
1.273061368
1.273061368
1.273061368
1.273061368
1.311903003
1.311903003
1.311903003
1.661664223
1.661664223
1.661664223
1.661664223
1.661664223
1.661664223
1.661664223
1.661664223
1.360049883
1.360049883
1.360049883
1.360049883
1.360049883
1.360049883
1.360049883
1.360049883
1.035356874
1.035356874
1.035356874
1.035356874
1.035356874
1.035356874
1.035356874
1.035356874
0.969038858
0.969038858
0.969038858
0.969038858
0.859001963
0.859001963
0.859001963
0.859001963
0.747658566
0.747658566
0.747658566
0.747658566
0.747658566
0.747658566
0.747658566
0.747658566
0.800096956
0.800096956
0.800096956
0.800096956
0.800096956
0.800096956
0.800096956
0.800096956
0.501927098
0.501927098
0.501927098
0.501927098
0.501927098
0.501927098
0.501927098
0.501927098
0.590696121
0.590696121
0.650480522
0.650480522
0.650480522
0.650480522
0.650480522
0.650480522
0.487860392
0.487860392
0.487860392
0.487860392
0.487860392
0.487860392
0.487860392
0.487860392
0.308020136
0.308020136
0.308020136
0.308020136
0.308020136
0.308020136
0.308020136
0.308020136
0.073412113
0.073412113
0.073412113
0.073412113
0.073412113
0.073412113
0.073412113
0.073412113
0.194988787
0.188605692
0.188605692
0.188605692
0.188605692
0.188605692
0.188605692
0.188605692
0.120978153
0.120978153
0.120978153
0.120978153
0.120978153
0.120978153
0.120978153
0.120978153
0.104572213
0.104572213
0.104572213
0.104572213
0.104572213
0.104572213
0.104572213
0.104572213
0.066375177
0.066375177
0.066375177
0.066375177
0.066375177
0.066375177
0.066375177
0.063315312
0.042170387
0.042170387
0.042170387
0.042170387
0.042170387
0.042170387
0.042170387
0.042170387
0.031060342
0.031060342
0.031060342
0.031060342
0.031060342
0.031060342
0.031060342
0.031060342
0.04814353
0.04814353
0.04814353
0.04814353
0.04814353
0.04814353
0.04814353
0.04814353
0.04061737
0.04061737
0.04061737
0.04061737
0.04061737
0.04061737
