20090901
20201231
21.586484375
22.782135418
21.879322917
22.484401043
22.763802082
23.47611979
23.804270833
24.184713542
24.688229165
23.999609378
23.570390622
22.635546875
22.065468752
21.102447918
21.89934896
21.713515623
21.212265625
21.68627604
21.71674479
21.954921875
22.68434896
20.900833332
19.1940625
18.15955729
18.316328125
19.8084375
20.326015625
19.722682293
18.163255208
19.284947917
20.958177083
18.04265625
17.178958335
17.369973958
17.3553125
17.95903646
16.391119792
18.1084375
15.336848957
14.531588542
14.024427085
15.293203125
16.250416665
16.180546875
15.642708335
15.17424479
14.66466146
14.282005208
16.37549479
17.646119792
17.58046875
16.067291668
14.45294271
14.0709375
15.432291668
14.458723958
14.099010418
14.239505207
15.77932292
13.845104165
13.2365625
13.503828125
13.695833332
14.043437498
14.000572915
14.416302082
14.935296023
15.586382708
16.14440972
16.464817707
15.60109375
15.502604168
15.320494792
16.02703125
15.944971217
15.276770835
12.742864585
11.470833335
10.417526043
10.983359375
12.928281248
13.525260415
12.261744792
12.050286458
11.167057293
9.773229166
9.251294271
9.671492188
10.971510415
11.061380208
9.31328125
8.339895833
8.415617188
6.804515625
5.216127604
5.237690104
6.912679688
6.073299479
6.465708333
3.945726562
2.424552083
2.884739583
5.52046875
7.93124506
7.109010417
4.217679687
4.010075521
5.147166667
5.524567708
5.290604167
4.760296875
5.887401042
7.938765625
8.987786458
5.470541667
4.791932292
4.650635416
4.460825521
4.161177083
4.002114584
4.057875
3.876221354
3.282221354
3.067325521
3.135661458
2.792606771
3.005744792
3.096945312
1.727328125
0.659010417
0.209765625
0.09551823
0.356914062
0.964065104
2.235697916
5.367015625
6.391575521
6.776078125
6.937565104
6.995479166
7.285270833
7.753002604
8.079536458
8.029184896
9.393072916
7.928867188
6.598361979
5.889330729
7.9929375
6.053184896
4.172119792
3.971739583
4.010583333
3.977144906
3.766172938
3.723268229
4.121484375
5.807544271
5.076401042
5.227533854
5.118174479
3.468684896
3.122705729
3.584651042
4.350820312
5.750648438
4.353898438
3.569583333
3.654143229
4.328239584
5.55717448
6.817002604
7.232148438
7.389440104
5.247059896
5.304356771
5.311838542
5.7948125
5.406109375
6.234984375
6.903557292
6.545666667
6.393606771
6.722041667
7.793945312
9.693875
10.838255208
11.045364585
10.68375
11.478645835
10.788203125
10.397734376
10.258671875
10.51765625
9.921848958
10.5225
10.64765625
9.819609375
10.208856772
11.423671875
7.598828125
6.361625
7.819421875
9.873601562
11.650416668
11.238645832
10.800755208
10.884609372
10.761432292
11.36125
12.885260418
14.907942708
16.177447918
16.209505208
14.402083335
16.02190104
17.145390627
18.108177082
15.046484375
13.53143229
13.839010417
15.40859375
16.72359375
17.229322917
16.893072915
16.9878125
17.068828125
16.839791668
14.916015625
14.166302082
14.503697915
14.67205729
16.41184896
17.016588542
18.216874997
17.498645832
17.093854165
15.527265625
14.938697917
15.369895835
17.843828125
18.379010415
16.654088542
16.977291668
15.847083335
16.482473958
18.039401042
18.57546875
18.82609375
16.958567708
16.09783854
17.134505207
18.008619795
19.1515625
17.38513021
15.89359375
16.886770835
18.073844022
18.18221354
18.487291665
19.122994793
19.593333335
19.719661457
20.93559896
21.805677082
22.13859375
21.90018229
22.025989582
22.16221354
22.371041668
22.392682292
22.617109375
23.05481771
23.6290625
23.76080729
23.554921875
23.758333333
23.991041667
24.438671877
24.15190104
25.004713542
24.700494792
24.246484377
24.903880208
25.277890625
25.484479167
23.600807293
22.927604165
24.253567708
24.923932292
25.47859375
25.790104168
25.941302082
25.805703125
26.136458335
26.036770833
26.246640627
25.997161457
26.174270832
25.965104165
25.09375
25.26890625
24.826796875
24.85440104
24.960625
24.585911455
24.709687502
25.2725
25.631666667
25.362135417
25.024531248
24.62888021
24.720520833
25.617994792
25.15278646
26.04190104
26.683645835
26.814270835
26.971484375
27.079427085
26.845364583
26.789322915
26.890989585
26.743255207
26.502604165
26.857994793
26.87815104
26.502760417
26.189322918
25.837968747
26.0621875
26.19763021
26.074374998
26.36091146
26.869296875
26.576145832
26.416927082
26.528880208
26.7865625
26.617760418
26.979427085
27.032421877
27.039583333
27.025546875
27.168359377
27.417682293
27.61078125
27.791692708
27.66484375
27.568958335
27.415807292
27.334114582
27.10919271
28.195052085
28.127109373
28.236119792
28.35236979
26.134479165
24.626744792
23.815390625
23.98763021
24.303046878
25.459114582
26.730989583
27.271875002
26.512083332
25.866406247
23.333203127
21.884401043
22.393125
24.460234375
24.52565104
23.64997396
24.265572918
25.863776045
25.685364585
24.842343747
25.063046872
25.676536457
25.78518229
25.78794271
25.43484375
25.368854168
25.251562498
24.927239585
24.966744793
25.081354167
25.006380205
25.237161458
24.120052085
22.402578125
20.259739582
20.468567708
20.521927082
20.438515625
19.995286458
19.630390625
18.242734375
17.287109378
17.450885415
18.017447915
18.87841146
18.905494793
18.872317708
19.369765628
19.04825521
18.843098958
18.637317707
16.951067708
17.484739582
17.581276043
17.401484375
17.996848955
18.859375
18.014453125
17.785
17.803541667
18.316119793
18.21515625
17.5021875
17.154583335
15.885494792
14.40765625
13.766744792
14.358515625
15.165677085
15.023046875
14.887265628
14.586197918
13.68984375
12.018697915
11.82794271
12.702760415
14.181953122
15.26627604
15.34565104
16.094921875
15.924583332
13.367604168
11.860208333
12.46408854
12.24049479
11.84736979
10.900572915
10.683854168
12.677708332
15.020468748
15.85138021
13.27109375
15.522395833
11.076510418
8.843190104
9.024416667
9.957424481
11.818932292
8.833869792
7.938419271
8.519252604
9.39145573
9.739374999
7.919552083
6.855708334
7.226747396
8.4378125
8.114416667
8.543143229
9.21475
6.416510417
5.774401042
6.599289062
8.217927083
8.216091146
8.148734375
7.849518229
7.703997396
9.924348958
9.735286457
8.363401042
7.711619792
8.113697917
6.305611979
4.500583333
5.162335938
6.304507812
9.173203125
11.1584375
9.402697917
5.515242188
4.078932292
5.643614584
6.475638021
5.665523438
6.4221875
7.311627604
5.924885417
5.658291667
5.174286458
2.930385417
2.199302084
2.807065104
3.956117188
5.348635416
6.057716146
6.597549479
6.590778646
5.813802084
4.431664062
3.082992187
4.617729167
4.807666666
3.933323794
5.865372396
4.897833333
5.300981771
7.571570313
7.964494792
6.788872396
7.229117188
3.795997396
3.449291667
3.265861979
3.458815104
3.44296875
3.626213542
4.248791666
4.316346354
2.2458125
1.960940104
2.189171875
3.944322916
5.382760417
6.314401042
8.282075521
9.675026041
12.324036458
12.354427082
13.528098958
14.337473958
11.92890625
9.918138021
12.685807292
13.818567708
9.428229167
10.072552084
13.581770835
11.428385415
10.427552083
11.050234372
11.715520835
12.347890622
9.804947916
9.440203125
10.895989582
12.113333332
11.23200521
10.743489582
11.399531253
12.918515625
13.039140628
10.812135415
10.512437502
13.031145835
16.1196875
16.26828125
16.2290625
17.433671875
17.108515625
17.76033854
15.588932293
14.505494792
16.141119792
14.569557292
11.837630208
11.866796875
11.566562502
11.066744795
12.1871875
14.304036458
15.58828125
19.07606771
15.938515625
14.43109375
17.2053125
18.728732255
20.090416668
21.181927082
21.230625
19.25752604
18.171901043
18.89580729
20.35609375
17.227916668
17.09486979
17.652395832
21.075755207
22.483619793
18.638333335
17.783177082
21.45
19.23171875
16.827317708
17.82903646
17.484609375
16.623880208
16.573411458
17.764895833
19.105677085
15.546458332
14.48122396
15.11481771
16.529010418
17.46046875
18.038880208
20.594088542
22.096145832
23.407916668
22.466692708
20.8184375
21.060052083
19.833854168
18.7825
18.30674479
18.66424479
18.921692708
20.407473957
21.591953127
20.157760418
21.82908854
23.73377604
23.569192708
23.096067708
22.00588542
21.281927085
22.12484375
24.231640623
24.961770833
24.639765625
24.775520835
25.07690104
25.050416667
25.467213542
25.430651042
25.629609377
26.19515625
26.960052085
27.49919271
27.798645835
27.482864585
27.673385415
28.167291667
28.943463542
29.06861979
27.69971354
28.088333335
29.25859375
29.9803125
29.800885417
30.313541668
29.292916668
28.916067707
29.287135418
30.697265625
31.532578128
32.054505208
32.4178125
31.63325521
29.12018116
28.70941725
28.60669575
28.46484225
28.7192005
28.69963425
28.773007
29.0616055
29.394228
32.76005406
35.351095752
34.443411457
33.571901043
32.36513021
30.082838542
29.899453127
30.681536458
31.307942708
31.277083335
31.73328125
31.95393229
32.378958335
32.380885415
32.553723957
32.891015625
33.441484375
32.541927083
32.661145835
34.088984377
34.271536457
33.644895832
33.950729165
34.520989582
34.760677082
35.076901042
35.418437498
35.693489585
36.01190104
36.270234375
34.402578125
35.723906252
35.601171875
33.878984375
28.471927085
28.872317707
28.333906253
29.055859375
29.23049479
29.745104165
29.629713542
30.011562498
29.51731771
29.5178125
28.902395832
29.496145833
29.813229167
29.86690104
29.625052082
28.814505207
29.144687498
29.423645833
29.018072917
28.810208335
29.135052085
29.215520832
28.861953125
28.982630208
27.253749998
25.547708335
24.396848958
23.716640625
24.623072915
24.06640625
24.6884375
25.259713542
25.65205729
27.401875
27.24046875
23.191119793
20.9590625
23.161979165
24.372239585
22.844947918
22.142630207
22.666354167
20.603802082
19.810651042
21.049505208
21.368177083
20.956328125
21.654010418
22.334843752
23.153385415
22.248541667
20.669661457
20.6503125
21.193515625
21.666588543
21.067734375
23.291302082
23.96481771
22.828359375
20.109557292
19.85140625
19.64221354
20.796666665
19.531640622
19.025390625
19.494036458
19.936458332
19.834192708
17.774791665
16.087838543
15.29138021
15.689661458
17.06268229
18.053515625
17.78481771
18.831302082
18.580625
15.549427082
14.920416668
13.841718748
14.385364585
14.227384048
15.656458332
15.931979168
13.369739585
11.85903646
12.85390625
15.333177085
17.1346875
16.611510417
14.194635417
13.016692707
12.60421875
13.244166668
14.502421875
15.076544135
15.082682292
13.295078125
11.336666668
12.09408854
14.562604168
12.724921878
11.670052085
11.912856362
11.447369795
11.278437502
13.133359375
12.8084375
9.773046876
8.304223958
8.515346354
8.299888021
9.336536458
9.379635417
10.840963545
9.670234375
7.971723958
6.657966146
5.514226562
5.971335938
5.976005208
5.786544271
5.884861979
7.510333334
8.727604167
11.216875
9.750859374
8.242026042
7.195401042
8.121119792
9.828125
9.380364584
8.266450521
7.523046875
6.707380208
5.709252604
6.084695312
7.748703125
7.071502604
6.396723958
6.731398438
7.752541666
7.516020834
7.754114583
6.288033854
5.72078125
6.489617188
6.283117188
6.782828125
7.668463542
8.202916667
7.678679688
7.942239583
6.884091146
5.155791667
4.446817708
4.904768229
5.496080729
9.033804688
7.322986979
5.249544271
5.926981771
6.341799479
5.449614583
7.177903646
7.186054688
7.127643229
8.449244792
7.85909375
7.616335938
7.296625
6.286382812
7.384132812
10.213567708
8.921276042
8.914489583
11.73869792
9.719891172
8.273270861
7.324070313
8.52896875
7.545184896
6.370153646
6.965648438
4.456299479
3.98375
5.024294271
5.708861979
8.453338542
8.574947917
9.357265625
9.320130208
8.751018229
8.805104167
8.187257812
8.87646875
9.857942708
8.920411458
8.312773437
9.719692709
10.588802085
11.792604165
11.402526042
10.85747396
11.31265625
10.053906252
9.764182292
10.90328125
12.309947915
13.80705729
11.10153646
9.858958334
9.632447916
10.718879078
12.42109375
13.470677082
15.382790298
16.46075521
16.694010415
17.260286458
16.98236979
15.756979165
15.2678125
14.651744792
13.802630208
13.89986979
14.455260418
15.170677085
15.82513021
16.687994792
16.975490955
17.706901045
17.94138021
18.391927083
19.080052082
19.66778646
17.790390627
17.588515628
16.53518229
16.27359375
16.767578125
16.700312498
17.303854165
17.797395835
17.72140625
17.555651042
17.96422149
18.690520832
18.392239583
16.52877604
16.135
16.694739582
17.706119793
17.38625
15.851197917
15.705703125
15.070234375
16.07028646
18.451035373
19.703869793
20.716091035
19.88421875
20.024322918
20.492031252
21.012760415
21.649739585
22.407682292
22.1334375
22.22984375
22.848385418
20.859036458
19.927812497
19.194427085
19.361223957
18.345010142
18.610303178
19.15953125
18.900781247
18.52087954
20.79922379
20.55928686
20.807031247
21.75200521
20.325026042
20.356953125
20.650989585
22.071067705
23.303541665
24.0371875
24.130104168
23.952031252
24.489453125
24.25783854
23.640572918
23.013932293
21.305416665
21.842994793
23.514375
24.321223958
24.264817708
22.9875
22.459166667
22.640234375
23.211354167
24.304348958
24.9984375
24.419401045
23.269973957
24.488750002
25.02953125
25.32799479
25.463515623
25.573125002
25.605833333
25.430390625
24.656406248
25.155442708
25.506770832
25.443098958
25.559375003
25.914895833
26.221848958
25.79703125
25.920364582
26.055390622
25.92640625
25.986614585
26.35872396
26.55122396
26.695234378
26.775130207
26.5071875
26.275442707
25.909739583
25.600546875
25.925286458
25.774140625
25.807890625
25.98846354
25.645885415
25.955
26.425000002
26.882213543
27.584296875
27.936536458
27.882604165
28.016901043
28.35486979
28.580416667
29.15559896
29.032760418
28.899739583
29.05700521
29.224609375
29.582760417
30.042968753
30.65408854
31.3125
31.56736979
31.747994793
31.22140625
31.142552082
30.028880207
29.46283854
29.181406253
28.494453125
27.707239583
28.9515625
28.571822915
27.449192707
28.95169271
27.251171877
26.275865385
24.684244792
24.222057293
24.408723958
24.795052085
24.566197915
24.147604165
24.79421875
25.911015622
25.529010415
25.84671875
25.985572915
24.88453125
24.833854168
25.76234375
26.042604165
26.268541665
26.71875
26.775026042
26.84927083
26.784427082
26.44830729
24.40408854
23.14765625
23.266927083
23.194635417
24.04513021
22.526145832
21.071171875
20.991614582
21.16130208
21.820338543
21.842473957
21.170390627
22.254322915
23.06484375
23.100859375
22.94649068
23.300208335
24.657421877
23.984583335
22.75065104
22.531145833
22.3553125
21.89544271
20.925078125
20.612265625
20.452280393
19.696917393
18.289426267
15.54179594
15.20256845
15.036775982
16.590415343
16.68036475
18.286931475
19.971187175
20.282296192
19.233849525
18.805004675
19.325800833
19.91635114
17.62451509
16.84612714
17.398345265
20.062218443
20.500647785
20.60402641
20.466072215
19.028913733
15.8222739
14.498025792
13.810841825
13.862513485
14.610232218
15.493931468
15.938717708
16.795720125
16.602102108
15.48011705
15.361146657
14.770468618
14.747521575
15.7632326
17.97621555
18.408905932
15.6165912
11.839220642
11.008752618
11.024563432
10.963670125
11.244935818
10.766622482
11.97259311
13.9336435
13.743949142
13.709245092
15.244685592
13.572413908
11.024594275
11.678988718
11.151241008
10.153102382
9.911514232
11.622661725
12.513834508
14.36078469
13.83724006
15.788128232
14.114239008
11.922063368
12.700550875
12.500890858
12.52159326
11.10607815
8.210354379
6.776013492
6.913303794
8.936139475
10.00875545
10.422252715
10.318708925
9.201209058
8.626580166
9.879142325
8.333356904
6.723390312
7.376763346
7.865829075
6.769581079
5.692356942
4.816837342
4.468799146
4.557440388
3.678936692
3.198226062
4.98169975
4.849862312
4.928178679
4.373424558
4.454747167
5.929027496
5.084162821
4.564085654
5.982505378
7.973977808
9.769651375
10.015350374
8.311303012
5.007028138
4.13978035
3.571292271
3.515152454
4.78488655
5.295284554
6.277913017
6.684399546
6.007402496
6.52885067
7.093760416
7.796486979
6.999489583
7.078596354
9.137786458
11.705442708
12.937578125
10.112760417
8.308625
7.485721354
7.579526042
7.969109375
9.913567708
9.531614583
10.516979168
11.626093753
9.997578124
8.882838542
10.135911456
9.171335938
8.27212363
8.624945312
8.573789063
8.543645834
7.997757812
8.459986979
10.045130207
8.5956875
7.328114583
6.525091146
6.216234375
6.243135416
7.087976563
7.405291666
7.344638021
7.44940625
7.121348958
6.775359375
6.862320312
7.945289063
10.069140627
9.162994792
8.185674479
9.416390625
10.482135418
11.681614582
10.171867075
9.2590625
9.40546875
9.954114582
10.985182293
12.342421873
14.033619792
12.185651042
11.78859375
11.0915625
11.498229165
11.305234375
10.737578125
10.40794271
9.723203125
8.844927084
8.894752604
10.37625
12.299895835
13.975989585
15.51890625
15.46765625
14.65875
10.242473959
9.154401042
9.800182292
11.10140625
13.50513021
13.973411458
16.059114585
17.082708335
11.581692708
11.733229165
12.479890897
13.912615955
15.59875
17.154921875
16.044505207
16.279505208
14.635
13.848046878
14.654921878
15.66341146
16.356744792
14.452213542
13.46981771
14.011927082
15.210677085
15.571666668
16.2690625
17.775677083
18.724348957
19.104140623
15.48700521
14.541848955
14.327786458
14.663359378
15.326927082
16.884375
17.875364583
18.018776043
18.636536455
18.375234375
17.670625
18.346484375
19.274036457
18.963020835
18.483828128
19.254088542
21.264947917
21.580598958
21.579453125
19.271796875
19.252989038
19.518776043
20.439375
20.646666665
21.0959375
21.670807293
21.835364582
21.51549479
21.565546875
22.384140622
22.361640625
21.298046872
20.99575521
22.06809896
22.422812503
22.158255208
21.30544271
21.28484375
22.123723958
22.802343748
23.424375
24.045416665
24.318802082
24.370572915
24.048776043
24.47169271
24.067187503
23.700260415
23.273229167
24.282630207
24.521796878
24.606302083
24.705729165
24.629635418
24.795130208
25.01825521
25.272916667
25.22721354
24.546848957
23.840885418
22.650078125
22.066666668
22.101953125
22.374479167
22.954244792
23.47653646
24.141015625
24.352708335
25.123906252
25.07093476
25.20528646
25.364583335
25.61481771
23.736302082
22.535234378
23.259713543
23.891953125
24.354244792
24.664635418
24.90481771
25.243125
25.609375003
26.036692708
25.343437498
24.889869793
24.235364582
24.150859375
24.2303125
24.662473957
25.188619792
25.413177082
25.39377604
25.668333335
25.714635415
25.935052083
25.9009375
25.904401042
25.763880208
25.79609375
25.62223958
25.146510415
24.818463542
25.596458335
24.94440104
24.606927085
24.240781247
23.540416665
23.312604167
23.367109372
23.475
23.682187497
23.631666667
23.93106771
24.533854167
24.677708335
24.868229167
24.680208333
24.062526043
24.316744792
24.678593752
24.883645833
24.976770835
24.836041667
24.94375
23.66752604
23.783333335
24.160984375
24.36959512
24.629895833
24.684921875
24.406927085
24.460677082
24.23341146
24.599869793
24.747291665
24.041276043
24.067005207
24.826588542
24.70109375
24.565026043
24.302083335
23.20390625
21.289661455
20.6165625
20.460026042
20.921250002
20.961223957
21.884479168
22.4059375
21.640807295
19.550234375
19.487265625
20.20128235
21.456718753
22.74359375
23.212838545
20.370937502
18.31171875
17.779114583
17.66963542
18.174296875
18.635833332
20.141901042
20.228125
20.154088542
20.19140625
19.322890625
17.4753125
16.42596354
15.767476152
14.591171875
14.679713542
15.137083332
14.518958332
15.017135418
14.948619792
14.307265628
14.959869793
15.83846354
16.202864582
17.890078125
18.856770835
18.258437503
16.10299479
14.951770832
13.872994792
15.064453125
16.027968748
14.738359375
13.004348958
12.94403646
13.693255208
14.659583335
14.696979168
12.776992325
10.269635418
10.482942708
11.757265625
13.811770835
14.784505208
13.345364582
13.425416668
13.40911458
14.03700521
10.513333335
9.536119792
8.282265625
8.018697916
8.336994792
7.089039063
6.960541667
7.107049479
8.6340625
9.321875
9.768567708
10.211015623
9.380334013
7.734789062
6.550497396
6.316252604
6.177114584
5.820841146
5.147614584
4.7225
4.374375
5.856835938
6.447947917
5.651182292
6.001109375
6.289578125
6.674828125
8.92984375
8.491414062
6.334533854
5.9005
4.600255208
4.996333333
5.247486979
4.840981771
4.979984375
5.650864584
5.634138021
4.250325521
4.103136842
5.074976563
4.271809896
3.97153125
5.345184896
4.291278646
2.416304688
2.441729166
3.520802083
4.435778646
5.824645833
5.496760417
6.06640625
7.060921875
5.964914063
5.49290625
5.916877604
6.146380208
6.260356771
6.062158854
5.497888889
7.10364125
6.3503495
5.998161
4.72636975
5.851416
7.05961775
6.53622675
5.30845875
4.80463425
5.59216625
6.731887
6.70253775
5.998161
5.5726
5.4013975
4.5307095
3.7333945
3.650239
3.90948875
4.31548375
4.03666775
3.88013975
4.8780065
5.46498725
6.67318875
6.75145275
7.5732255
9.128724
8.4830455
9.040677
10.23420425
8.89393175
9.138507
9.446672
8.70805475
8.6102245
7.646598
7.353108
8.84501675
9.37329925
7.02537725
5.02475175
5.48455325
6.560684
7.646598
8.1748805
8.1357485
8.4047815
9.38797375
10.997279
10.679331
10.028761
10.95814675
11.32011825
10.2390955
9.314601
10.44943025
10.68422275
10.620633
11.8190515
11.35925025
10.5863925
10.6940055
11.12934925
10.009195
12.10275875
12.0685185
12.10275875
12.86094225
14.421332
14.42622375
15.6246425
17.2632965
15.12081725
14.18164825
13.16910675
13.78054525
13.555536
14.15229925
15.68823175
16.6909905
17.67418275
18.04104575
14.25991275
13.53596975
14.235455
14.147408
15.1599495
16.01107125
16.02085425
16.8866505
17.76712125
17.8551685
18.31986125
17.4002585
18.33453575
19.57697825
18.28562075
16.9062165
16.407283
16.4121745
17.1752495
18.016588
19.05358725
20.051454
21.039538
21.45531575
21.4259665
21.474882
21.44553275
22.193933
20.68734975
18.67694125
18.530196
18.202465
18.955757
19.6503505
20.13460925
21.44064125
22.42383375
23.22114925
23.666276
22.878744
22.02273075
22.40915925
22.193933
21.79772125
22.10588625
22.73199875
22.79069675
23.05972925
23.43637525
24.1456435
24.47337425
25.75271726
25.401992917
24.6089125
24.327305125
22.9646735
22.611707625
22.343161125
22.983408665
23.285601
23.360019542
23.862600543
24.350119625
24.535814
24.80015354
25.028994585
24.47922346
24.70420225
24.919868833
24.662825125
24.27033579
24.421754543
24.67949025
24.516579917
24.466280125
24.653816
25.016170915
25.431059793
25.43051925
24.970731918
24.44636175
24.427833875
25.110383793
25.502512415
25.832260582
26.047224917
25.433886292
25.527974375
25.488153833
25.473782125
25.484350457
25.324050208
24.695451375
23.207295665
22.117458832
21.824142125
22.47630825
23.250511917
24.548788875
25.406686333
25.785543793
26.083547585
26.267567208
26.7520755
26.920068333
26.157270668
25.890706625
24.57098775
23.613426418
23.749949958
23.895852668
23.96329975
24.194100918
24.267965583
24.589272292
25.352402585
25.639416125
26.346894707
26.204142375
26.386554668
25.667225585
25.66916404
25.923555
26.516060957
26.38782279
26.555153875
27.064137625
27.42253132
27.488782597
27.657450668
28.415927
28.14200275
28.25450775
28.54310625
28.63115325
28.3816865
27.9463425
26.32725475
26.10224525
26.5669385
27.36914525
27.2664235
27.4914325
27.794706
28.12732825
25.114161
24.189667
25.13372725
25.61798625
25.81364625
24.0869455
21.572712
19.58676125
20.77539675
21.90044275
23.299413
23.959766
23.64671
23.6026865
24.1554265
24.1456435
23.309196
22.78580525
22.9521165
22.7613475
22.82493725
23.0108145
22.9716825
23.31897925
23.41191775
24.24347375
24.38043575
22.164584
20.83409475
21.22052375
21.77326375
22.164584
22.52166375
22.95700775
22.24773975
18.78455425
18.828578
18.15355025
16.54424525
16.911108
17.3709095
18.01169675
17.83071075
17.581244
18.62313475
19.31772825
19.06337025
19.61611025
19.4351245
19.87046825
19.855794
19.963407
19.07315325
17.64972525
17.3806925
16.79860325
15.0914685
15.042553
15.7713875
14.97407225
14.10827575
13.60445075
12.99790425
13.56531875
12.763112
14.059361
12.23482925
9.2510115
8.38521525
8.576758143
8.682463233
8.300392934
7.393490533
6.484762475
7.360625238
8.0992531
10.563074875
12.361051408
12.732459132
10.96939856
9.783524582
9.570977458
8.936759725
9.599116016
11.102350782
11.954644292
8.884377392
8.314863958
8.820989667
10.212314908
11.94557
11.516312365
11.063170218
11.36539875
10.311299882
9.9176136
11.060881425
11.347155868
12.25831095
13.096787292
11.615932492
9.92171485
9.061825508
9.315940449
9.481299832
9.474914508
9.611706117
10.21610225
9.585221984
8.877552383
8.026181366
9.465407734
8.081677992
6.667098588
6.485694704
5.987688616
4.74805708
5.059512033
5.716042196
6.314271533
5.075960533
3.970074346
4.555276158
3.862772954
2.725622238
2.873960304
3.055603033
4.277051088
4.616074654
4.088373021
4.090380442
5.064803879
5.025763217
5.435271621
5.767158308
6.531805058
6.962132129
6.595176134
6.35383105
6.499471171
6.402230834
7.150403717
7.088379829
8.211229896
8.744925046
9.02472765
8.224223425
8.182140391
7.967755992
6.023329392
6.3959084
6.263075483
5.58432125
6.244794229
7.936125879
8.6853545
9.312305292
9.481866176
9.09994455
8.059908875
8.082545496
8.921025746
8.473043425
6.662791792
6.485148942
6.563476238
6.402385579
7.069244188
8.227133175
6.365460771
4.406981038
5.250717634
6.423253633
5.402858854
3.693634167
4.081230408
4.367609567
4.703287729
6.421655038
5.633380525
5.048093058
5.368043662
6.680318754
8.529425351
8.8223283
9.748564218
10.231349141
10.829789732
10.60437055
11.250934465
11.87243895
12.483160808
12.75127105
12.583186883
12.357913625
12.01770813
12.08447974
13.519602125
13.86239434
15.143375775
14.375519283
12.83349319
12.726372815
13.405104258
14.592131828
14.687092918
16.41770939
17.43723553
18.53357391
17.79392954
15.936473135
14.97522204
16.713973137
18.998987118
19.192133775
19.586760415
17.69070011
17.08165503
18.614424888
17.702544407
16.250984925
17.380433938
17.627669135
18.298305648
18.80497369
18.214583332
17.070416668
17.496223957
17.444322915
17.14325521
17.828385415
18.750508772
18.744783715
17.07455729
15.942942708
16.417916667
16.994514085
17.4575
18.13703125
18.61046875
19.264036458
18.49234375
18.865677085
19.161875
19.012682292
19.0640625
19.731223957
18.959687502
18.133776042
17.589322915
19.259661458
20.200536458
20.410885418
20.80638021
21.182473958
20.667265625
19.817161457
19.092838542
18.113802083
18.25421875
18.180234375
18.999401043
19.340598957
19.972552085
20.492447915
20.63221354
20.262265625
19.626328122
19.944791665
21.07453125
21.976848957
22.55216146
22.929817707
22.934800995
23.758861825
23.494895832
23.595494792
23.873463542
24.241067708
24.406640625
23.28307292
23.688697915
23.69190104
23.6565625
23.240677082
23.08078125
23.836145832
24.7490625
24.6853125
25.001015622
25.025755208
25.18234375
25.349036457
25.360156253
24.779739585
24.065442708
24.383046872
24.638802085
25.19627604
25.173645833
24.715078128
25.057890625
25.447604167
25.655182293
24.73057292
23.997161457
24.115390623
24.62875
25.107890625
25.275937497
25.62544271
25.96515625
25.929921875
25.799609373
25.99
26.284739583
26.383489585
26.417213543
25.714635415
25.074140622
26.35809896
26.57671875
26.615078125
26.627734375
26.688229165
26.751588542
26.614843748
26.801302085
26.65734375
26.370833335
25.761354168
25.392291668
25.413984378
26.230442707
26.883255207
27.061822915
26.864557292
26.828697915
26.408151043
26.571666668
25.717265625
25.203828127
24.638776042
24.747395833
24.636875
24.7825
25.348203125
23.663333332
22.297578125
23.80703125
24.743333333
24.64892163
24.20924479
24.311588543
24.901067707
24.764296875
24.317856088
24.49296875
24.739713542
24.329114583
24.36299479
24.26153646
24.249687503
24.450546875
24.76984375
25.222864583
25.54760417
25.709192708
25.175286458
24.241614582
23.692578125
22.520260418
22.18234375
22.575
22.89721354
24.0425
24.637708333
24.867526042
23.549947915
21.709713542
22.504713542
23.3
23.2165625
22.820130208
22.9
22.289947918
21.913333333
21.803697915
21.697395835
22.029114583
21.205572917
19.927890625
19.198489582
19.254713542
18.76158854
18.863567707
19.496640625
20.033619793
19.674453125
18.816458332
19.68375
19.81731771
18.601328125
18.775286455
19.45700521
19.013385418
17.81528646
17.354374998
17.292734375
18.501354168
19.491588543
19.440234375
20.078385415
18.908333332
17.388255205
16.339869793
17.045963542
16.670703125
15.959895835
15.460546875
16.021302083
15.329817705
15.889765625
16.565210418
17.410885418
18.24625
16.61591146
15.81578125
14.662942708
14.360859375
14.833802082
16.42140625
14.332317708
13.288098958
12.858046875
13.92875
14.628333332
15.645312502
13.940494793
12.983203125
12.908854168
11.95513021
10.016119791
10.005703125
11.231614585
13.604713542
14.657109375
9.772018228
7.73709375
8.179817708
8.939088542
8.136039062
7.915286458
8.037098958
8.306882813
8.433570312
8.562851562
8.362567708
8.898744792
9.548932292
10.219062499
10.395440625
12.828541665
13.05625
10.95559896
10.302447918
8.944432292
7.804325521
7.312445312
7.558981771
9.62765625
9.673489585
9.271127604
10.68513021
9.456458334
9.50478125
11.445000002
6.934979167
5.605140625
5.126924479
6.387794271
6.980591146
7.428153646
7.072690104
6.752138021
6.658644217
6.42073987
7.134940104
8.013486979
7.665434896
7.190763021
6.45055816
6.406078125
6.291286458
6.457054688
6.92671875
7.389664062
7.31825
6.570888021
6.166802083
6.290122396
6.481695312
6.396416667
6.021763021
6.161278646
6.748945312
7.588721354
6.924713542
6.622408854
6.98671875
7.559864583
8.302348958
9.0453125
8.925598958
9.289325521
8.234143229
7.487364583
7.536630208
8.315315104
7.922622396
7.844317708
7.405255208
7.65396875
8.280125
8.460580729
8.59738802
9.291328125
9.544747396
9.63015625
9.544989583
10.615651042
11.813411457
12.756276042
12.480651042
11.878203122
10.864062498
10.311921874
9.944416668
9.532072917
10.09715625
11.23546875
11.515729168
11.975729167
11.455078125
11.830208332
11.660390628
12.080364582
12.15890625
12.9546875
13.41828125
13.4515625
13.792109375
13.674713542
13.953255208
14.158061595
14.36359375
14.40174479
13.904921875
14.128593752
13.583255208
12.643020832
12.085703125
11.994375
13.00385417
14.25890625
13.568385418
12.98815104
13.82236979
13.455078128
13.049557292
13.930729167
15.230572918
15.050807292
14.31416667
13.717734375
14.01953125
14.648671875
15.253098958
15.69421875
15.251406252
15.217343748
14.899427085
16.158020833
16.00127604
15.624765625
15.791692708
15.65080729
16.000989583
16.746979168
16.786432292
16.914427082
17.156041667
17.328411457
17.298385418
17.282916668
17.456041667
17.94716146
18.726875
18.912447915
18.68440104
18.320989583
18.176640625
18.2515625
17.825572918
17.306015627
16.930130207
17.260078125
17.369140622
17.567109375
17.730078125
18.063333335
18.627682292
18.854739582
19.473359372
19.580416665
19.225234372
18.81401042
18.078828127
18.203333333
18.172317707
17.670052082
17.23716146
17.685703127
18.473020832
19.194921875
19.42127604
20.195442707
21.062916667
21.43033854
20.990202673
20.012099468
20.061069843
20.25134135
20.308075868
20.3722485
20.351999157
20.3468112
20.344934725
20.37003864
20.279184143
20.234907293
20.37142361
20.593874957
20.843574175
21.117931058
21.423653825
21.455702032
21.56671245
21.962089935
22.517430467
22.92633295
23.2166354
23.259925525
23.317181675
23.377157875
23.472735275
23.657843325
23.835959192
23.842247642
23.88039435
24.47881486
24.571692707
24.294609375
24.181484375
24.14255208
24.320338543
24.699192707
24.74653646
24.78486979
25.124348958
25.265729167
25.067890625
24.893880208
24.762291668
24.967239582
25.092526042
25.255208333
25.083835327
24.20533854
24.45828125
24.712526043
24.703932292
24.84966146
24.988697917
25.090286457
25.116640628
25.09877604
25.222083332
25.356614583
25.28671875
25.248125
25.291302082
25.736445625
24.927031248
25.0565625
25.247109375
25.168072915
25.179088543
25.311171875
25.481093748
25.613750002
25.577083332
25.617239582
25.724296877
25.987239585
26.048046875
25.974505207
25.70815104
25.053229167
24.92875
24.5165625
24.642864582
24.76200521
24.583541668
24.267656253
23.638333333
23.166354167
23.96736979
24.541380208
24.78546875
24.77684896
24.64875
24.66065104
24.630364583
24.733828125
24.735703125
24.505677083
24.046979167
23.588046875
23.72734375
24.215260417
24.634453125
24.925963542
25.247135415
25.273567707
24.270494792
22.954583333
22.95203125
23.33966146
23.33825521
23.266302083
23.375390625
23.243385418
22.867447918
23.36578125
23.833020835
24.085572917
23.906744792
23.708333333
23.952734378
23.585416667
22.753750002
21.877057292
21.56278646
21.173828125
20.642604168
20.657161457
20.700338542
20.742734375
21.17989583
21.846354165
22.45671875
21.539713542
20.3175
19.98674479
19.97059896
19.916953128
20.322161458
19.472916668
19.621484375
20.550468753
21.260911455
21.839453123
21.702968752
21.70622396
20.908828128
19.471171875
19.000026043
19.03015625
19.273177082
19.679895833
20.181197918
20.124921875
20.292317708
20.337265622
19.959921875
19.858437503
20.358515625
20.942291668
20.454140625
19.906410085
19.827098957
19.543177082
19.394200445
19.239040485
18.612093535
17.515420695
17.42674989
16.940313572
16.359341978
16.243887455
16.009802403
16.05797573
16.596081133
16.209206133
14.447007088
13.652918548
13.792399325
15.034370435
14.69094985
13.97086528
13.683620868
12.942786728
13.932314755
14.294448292
13.366532968
12.583228362
11.826469608
11.966408668
12.491670695
12.456031462
11.77506363
11.562881229
10.761880102
9.762052433
9.163099201
9.571039814
10.580841388
10.144715823
9.70819636
8.97403101
8.476249328
9.541827856
9.098401982
6.796727932
6.046945447
6.408613402
6.981570796
7.509347133
7.976548244
8.652050473
10.671117913
10.747573292
9.720810781
9.921634452
9.606944614
8.748493126
9.237699529
8.6113125
10.836848958
8.677776042
6.597130208
5.160080729
4.707580729
4.159
3.766773438
5.243710938
8.195205729
8.605369792
8.701662698
7.73464525
6.94711275
6.9520045
7.93030525
7.79334325
8.75207825
9.7744025
9.64233225
9.37329925
9.74505375
8.913498
9.30481825
9.09937525
7.47539575
6.800368
6.62916525
7.3286505
8.169989
8.71783775
8.87436575
7.8667155
7.343325
7.30419275
7.93030525
10.126591
10.997279
9.94071375
8.59555
9.64233225
12.0196035
12.092976
10.97771275
9.63254925
8.80099325
9.02111075
9.97006275
11.48153775
12.4353815
13.33052675
12.6408245
12.38157475
13.3500925
12.15167425
9.9553885
9.6667895
11.38859925
13.34030975
12.4158155
10.86520825
10.845642
10.6353075
11.657632
13.7267385
13.051711
11.8924245
13.6680405
14.333285
13.208239
11.40816525
11.53534425
11.153807
11.501104
12.50875375
14.94472325
15.97683075
16.97958925
17.732881
18.09485225
17.59102725
17.79647025
18.1828995
16.644853313
15.2860174
16.123102575
15.266429867
14.870282475
14.858604942
15.249577492
15.4430167
15.430991283
16.433636133
16.652853583
15.787938725
15.113235583
15.525017792
17.309932225
18.55253635
18.331964183
16.958415625
17.460580867
17.363033867
18.832985475
19.790554858
19.423677242
18.490616275
18.855479325
20.443082825
19.6703237
18.412254575
16.41558035
16.481036575
16.478197983
18.273475083
16.514593417
15.599004733
17.580897258
16.870869633
15.089564933
15.234489808
16.351795692
16.584865642
16.283403025
16.446849008
17.123335258
18.1368885
18.757612392
19.643101325
19.962218783
20.130281083
19.68651045
19.219279617
19.931453675
21.630499942
20.999712242
21.268690142
21.3233826
20.172459358
19.935527467
19.262036333
18.998652592
18.811831042
18.586007917
19.496751575
21.640802875
22.661278717
22.4248667
21.438793508
21.2013505
21.547288425
21.637729642
20.934126542
21.383143325
21.902586733
22.724076925
22.877617312
23.47061625
22.77602225
23.0205975
23.6026865
23.97933225
24.35597825
24.66414275
24.97230775
25.5690715
26.13648575
26.429976
25.24134025
25.119053
25.867453
24.345379015
23.406652774
23.508381219
23.436069854
22.844752967
23.003592933
23.806525858
24.599708829
25.282548852
24.785364209
24.116553695
24.329572268
24.777404307
24.240997759
24.816621393
25.156959723
25.382054323
25.467327638
26.4055185
26.6941175
26.9680415
27.0707635
27.1001125
27.2272915
27.2272915
26.9289095
26.9778245
26.9973905
27.17837625
27.3251215
27.57948
27.794706
27.7995975
27.42295175
27.56969675
27.93166825
27.72133325
27.902319
27.94145075
26.369446278
27.03652275
25.926151
25.5592885
25.62776925
25.5397225
25.89191075
25.55439675
25.2902555
24.86958625
25.1826425
25.4370005
25.76473175
24.85980325
24.5712045
25.44189225
25.91147675
26.32725475
26.000868904
26.138118458
26.440124333
26.278206208
26.207660875
26.140396125
25.077975917
24.756701833
24.662339083
24.701858958
24.791522833
24.753606167
23.952541042
23.501777708
23.577688958
23.317720458
23.717732083
24.095184375
24.313516208
23.592703625
22.22132575
21.785655667
21.798542333
21.773490708
21.734156625
21.552156208
21.2160795
21.170701167
21.736274083
22.889391458
23.526530208
23.853317042
23.136392125
23.807487833
24.386308125
25.027989042
24.8005245
24.264777125
23.961360625
23.583056375
22.976666958
21.530324958
20.776283208
20.884080167
21.070480083
21.15724
21.265520792
22.067985167
22.594859958
22.836770417
22.929667833
22.408436417
20.862224208
20.89377925
19.473296875
18.300266125
18.763897125
20.261024292
21.352626667
19.98337325
18.189826708
17.407819708
17.413698125
17.658492
18.152610083
19.377597917
18.132766125
16.88380575
16.090404792
15.489985458
15.807635583
14.573147375
12.768740792
13.014074333
13.557972042
12.8947785
13.324959292
14.775129833
15.0079625
15.05677575
16.329245583
15.103910083
14.095957458
13.033447125
12.186216704
12.421527
13.465483417
14.099157292
14.227352333
15.201307417
15.695594917
14.572675485
16.313217734
15.246920228
12.530856293
11.993739206
12.174189407
10.973579969
10.744583519
11.731481291
12.244113028
11.508806345
12.271797212
13.741734076
13.25300015
11.885254641
12.312347869
12.598553352
13.275700555
15.103516626
11.785405143
10.098173265
6.484317708
5.251119792
5.832346354
6.066289062
6.415997396
6.561986979
6.235234375
6.312877604
5.855924479
6.003169271
7.076536458
7.353984375
11.247543815
11.987375873
11.196252951
6.569557292
5.668257812
5.402802083
4.674416667
4.169192708
3.642888021
4.258598958
4.93940625
4.357010417
3.043361979
5.164583333
4.551666667
4.305514706
4.605681818
4.972916667
5.71875
7.329166667
7.643452381
7.598958333
8.410416667
8.534375
6.7875
6.365625
6.482291667
6.22486413
5.2425
4.131040825
4.158851033
4.96334
6.675
8.884069958
8.857637067
7.880995817
7.55051025
7.618869025
8.783710733
9.463841305
8.699094558
8.417967583
7.782428733
8.694468583
9.078125
8.460511364
8.215625
8.039583333
6.987291667
6.3875
6.339583333
6.433333333
7.525
7.478125
6.577083333
5.784963768
6.514583333
8.114583333
10.274547101
10.641666667
10.043478261
9.446875
11.375
12.022222222
5.406158745
6.07969175
6.335881482
8.104285714
8.257647059
8.858333333
9.093344156
10.901555176
11.291022727
10.862202381
11.606615867
12.059294783
12.6934236
11.65077125
11.182480358
10.912811742
11.127083333
12.743732808
13.037719033
12.148593054
11.526466583
10.58112125
12.506410256
13.309109731
13.273530138
12.93
13.350608775
11.833726
13.564750375
13.200144075
14.612101
15.066408075
15.290200967
15.795989332
15.572330343
14.604611033
14.650480675
14.780833333
15.160714286
14.128768454
12.778568841
14.285559006
13.230059524
12.8716955
14.056968642
12.758333333
11.884499875
12.656910133
13.064882817
14.275947174
16.10401
17.4800015
16.125778335
14.72720425
14.713744758
16.113793
17.00893825
16.20183975
15.9181325
14.7050395
14.206106
15.673557
16.88175875
15.91324075
15.56105275
16.51000475
16.502203159
16.722035141
17.421479333
18.105034833
18.991239583
19.47740425
19.496103917
19.231308083
19.55078575
20.305376583
20.47052625
20.920369377
20.953131083
20.995779254
21.550410083
21.900116667
22.445929
21.9775035
21.89097425
22.161119833
22.461593322
23.053529293
22.128014543
21.911059167
22.44876579
22.998517667
23.464536833
22.95031825
23.244209417
23.89770825
24.121959833
24.25120725
24.66901625
24.870564341
25.313738681
25.54061775
24.680161417
23.68903175
23.949043333
24.708154917
24.0315985
23.617429583
24.569340333
24.818025583
25.340152917
25.2690005
24.89893525
25.19731675
25.265798
25.35384475
25.35873675
25.3783025
25.0065485
24.625011
24.51250625
24.16031825
23.764106
23.87171925
23.09396975
24.400002
25.04078875
25.4370005
25.5397225
25.35873675
24.80599675
25.691359
26.43975925
26.46421675
26.640311
27.12456975
27.07565475
26.9680415
26.777273
26.280026382
26.329196304
26.550671658
26.601422158
26.688089617
26.787998592
26.807790258
26.999525008
26.9857832
26.768448075
26.964849783
27.041100625
27.069926083
26.850757758
26.352345725
26.211261392
26.184769425
26.235911175
26.373820442
26.6325721
25.953247145
25.357600282
25.458333333
25.030815217
25.203125
25.239583333
25.561458333
25.898958333
26.126041667
25.985416667
25.743005952
25.879166667
26.132083333
25.781666667
25.698052536
25.77826087
26.153125
26.335227273
26.474433605
26.724568761
26.25353225
25.595391417
25.022515667
25.07332475
25.377774167
25.954361417
26.284377417
26.445219087
26.82618775
27.108101576
27.152518
27.40338575
27.18815925
26.730013368
26.613958583
26.273404667
25.436684333
25.484186083
25.591336167
25.224882417
24.652350417
23.927978
23.086079333
23.314780333
23.76154375
23.92361875
24.098163583
24.256830917
24.475995167
24.709560917
24.942620917
24.978503083
24.987807167
23.9781905
22.40547725
22.295748417
22.642693667
22.904283333
21.754931667
20.447620667
20.75990775
21.245900667
21.932560583
22.482459083
22.676542583
23.100996417
23.447355417
23.598619417
23.49720375
22.536494417
22.802109167
22.4425525
21.41226425
20.040076667
19.439247667
18.955550833
18.548593083
16.990241083
17.070833333
16.979891304
17.520833333
17.691666667
17.632291667
17.153125
16.833333333
17.155208333
16.911458333
16.763541667
16.60625
16.685416667
16.89375
16.925
17.808860294
16.772006417
15.847795917
15.291405
14.994044583
14.906858417
14.920986333
14.981665833
15.257404
14.802904
13.880200667
12.621372667
12.61922875
11.937736667
10.281325917
9.404587
9.61885451
11.041944444
11.583038992
11.017708333
10.516487531
10.807723425
10.157291667
10.28361125
11.852585367
11.808885383
11.9166864
10.740245317
10.1847327
10.060407875
9.967274944
11.4640625
12.328462975
10.34670875
9.71570475
10.202929525
9.488677075
10.130739075
10.093639333
9.422501717
9.202041592
8.818472008
8.603711525
9.336458333
9.651539855
8.641590791
8.505344203
8.363541667
8.428125
8.914583333
9.540833333
9.66875
9.341666667
8.998958333
9.036458333
8.720833333
8.858333333
10.419429348
11.044791667
9.535416667
8.482291667
7.913541667
8.242324561
7.982291667
7.04793155
6.539293908
6.61125
6.833680556
7.491666667
8.684455128
9.011328
8.04281
8.107061688
8.35321558
8.438541667
7.786458333
7.658333333
7.517708333
8.003125
8.389583333
8.272916667
8.179513889
6.888051471
6.9625
7.95
7.147916667
6.742708333
6.404166667
6.102083333
6.607291667
6.86875
6.238541667
5.897537879
5.810869565
7.267708333
8.595833333
9.975
10.573958333
10.179166667
9.746875
8.758333333
7.221875
6.842708333
7.15625
7.848958333
8.333333333
7.99375
8.865625
8.957291667
7.673958333
7.615625
7.165625
6.838541667
7.135416667
7.559375
8.13125
8.896875
8.69375
8.463541667
8.666666667
7.9625
6.748958333
6.51875
6.6625
6.273958333
5.164583333
4.808333333
5.166259058
6.430208333
7.546875
8.729166667
8.835416667
8.7
9.801041667
11.305887681
11.560416667
10.714838603
10.108680556
10.086458333
10.395833333
10.74375
11.48125
11.291757246
11.57513587
12.420833333
13.552083333
13.309375
12.944791667
13.051041667
13.870833333
14.470833333
13.720833333
12.254166667
11.955208333
11.994791667
12.820833333
13.566666667
13.982291667
14.748958333
15.373958333
15.755208333
15.954166667
16.76875
16.844791667
15.245833333
14.209375
12.585183824
13.624255952
14.962438725
15.847274436
16.412981719
15.674640065
15.378882576
16.262991453
16.94642525
17.041767083
16.62740075
17.043179
17.356235
18.006805
18.2464885
18.3883425
18.1582305
17.7426635
17.64483375
17.55189525
17.39536725
17.73777225
19.24435575
19.655242
19.190549
18.2464885
17.09209375
16.65674975
17.11655125
18.04104575
19.3372945
20.15906725
20.76072225
20.87322675
20.35687025
20.1443925
20.09547775
20.1541755
20.0074305
21.191175
21.885768
21.97381525
22.32111225
22.5461215
22.3847015
21.15693425
21.1031275
21.8221785
22.17925875
22.5069895
22.83472025
22.553508426
22.762962773
22.561301667
22.6108465
23.006932167
22.542996583
22.102048333
21.74562675
22.0109885
21.814385659
21.882884083
22.800126333
22.913910667
22.745150583
23.049741833
23.246091
23.586351167
24.64347025
24.967185667
24.3289685
23.826096917
24.043440667
24.52139325
24.842984414
25.141383304
25.171868167
25.178148583
24.92345625
25.0367955
25.261775167
25.313211167
25.407578083
25.197819
25.097384167
25.257598417
25.3496695
25.758032833
25.92393075
25.375802
25.247141083
25.454270833
25.340253583
25.74913275
26.270542083
26.45194375
26.579826083
26.716688583
26.613523083
26.292255583
25.441071429
24.75
24.496875
24.271875
24.251041667
24.590625
25.319791667
25.690625
25.822146739
25.995833333
26.133333333
26.105208333
25.788541667
25.798479555
26.155383611
26.408695652
26.664583333
26.772916667
26.98125
27.104166667
27.238541667
27.146875
26.903125
26.826041667
27.114583333
27.433087121
27.572916667
27.615625
27.691666667
27.615172101
27.50620471
27.098958333
26.775
26.366666667
26.877083333
26.5375
26.151041667
26.398958333
25.991666667
25.263541667
25.646875
25.90625
25.972916667
26.035416667
26.001041667
25.89375
25.955208333
25.89375
25.892708333
26.091666667
26.314583333
26.547916667
26.282291667
25.973157051
26.44
26.266666667
26.182291667
26.141666667
26.13125
25.9375
25.617708333
25.870833333
25.930208333
26.325357143
26.434375
26.569791667
26.4625
26.494791667
26.458333333
26.464583333
26.570833333
26.4625
25.99375
25.023958333
25.0875
24.8
23.411458333
22.198958333
22.289583333
22.990625
20.785416667
18.68125
18.276041667
18.863541667
20.538541667
19.9625
18.828125
18.819519928
19.117934783
18.921875
18.990625
17.891666667
17.609375
17.663541667
15.164583333
14.550980392
15.179923475
15.246071429
14.6864882
11.997005333
11.97706294
11.387740312
11.742814801
11.778182003
12.513188407
13.378263479
14.502658268
14.180879287
12.780780353
12.638153491
13.174262664
13.226220881
10.80373775
9.903295475
9.873139516
9.900234488
10.107453413
10.790423037
10.910231829
11.457753114
12.399990081
13.479438991
12.500909541
11.607724017
11.135034304
11.055158506
11.299565264
11.035124504
10.735357278
10.692768241
11.325796059
10.673980415
9.989995311
9.769307461
9.846355878
10.806277901
11.026927925
10.385590051
10.588680135
10.952015215
10.103496242
9.17168758
9.41746854
9.501811533
9.508012069
9.222810718
8.777247984
8.080855989
7.536436759
7.301215041
7.575039529
8.315254266
8.751386716
8.422412088
8.606638695
9.178181992
9.905864723
10.181772545
11.013607394
10.649093892
9.505949103
8.635630781
8.21949532
8.963726684
9.357206086
8.805352616
8.565952592
8.413988555
8.174565253
8.027829917
9.337565722
10.635767541
9.698602153
8.599227732
8.617011716
9.997554667
11.081274991
10.429450619
9.240743096
9.381251709
8.408815137
7.913339693
7.716551983
7.740629613
8.05610331
8.063171185
8.046606104
8.991784762
9.007322472
9.460214699
8.733608551
8.590006944
8.590543338
8.27836729
8.843656746
9.812076897
9.598648708
8.232828754
7.461556056
7.136721907
7.709193394
9.058393236
9.109333064
8.511864486
8.481743443
8.201695141
7.687324214
8.074608898
8.658652196
9.453990886
9.956740539
9.510063396
9.353907867
8.3
8.685416667
9.5125
9.977083333
9.992708333
9.528125
8.697282609
9.194791667
9.615625
10.85625
11.2125
11.175
11.377083333
10.903125
10.659375
10.65
10.977083333
12.07826087
12.307291667
13.303125
13.95625
13.758333333
12.930208333
12.569791667
12.547916667
13.0125
13.61875
15.063541667
14.54375
13.203125
13.360416667
13.813541667
14.808333333
15.083333333
15.869791667
16.963541667
17.055208333
16.178125
15.665625
15.364867424
15.509375
15.558630952
15.212202381
12.495148917
12.930706583
14.383455917
16.164583333
16.423660714
16.751041667
16.111458333
15.982291667
16.003125
14.645833333
13.694791667
13.017708333
13.633333333
14.088541667
13.363541667
14.252083333
14.490625
15.303849638
16.107608696
16.228125
16.71875
16.746875
16.494791667
16.983333333
17.697916667
17.89375
17.303125
17.825
18.705208333
19.516666667
20.25
20.121875
18.996875
18.539375
18.704468083
17.81967875
17.927496083
17.613125667
16.814835833
17.026213
18.547965083
19.386096683
18.86375225
19.228985958
19.294932226
19.651200147
19.854440792
20.422195625
20.666353983
21.2527708
21.617462488
19.021068507
20.758294922
20.667339209
20.872151617
20.98896039
21.453125
21.527083333
21.637146739
22.023913043
22.661363636
23.352083333
23.703125
24.163541667
24.45625
24.4625
24.496875
23.534375
22.938541667
22.953125
23.151041667
23.377083333
23.565625
23.903125
24.311458333
24.46875
24.275
23.822916667
24.023958333
23.561458333
24.046875
23.836458333
24.073958333
24.5125
25.025
25.308333333
25.591666667
25.957291667
26.291666667
26.609375
26.40625
26.555208333
26.364583333
26.427083333
26.201041667
26.301041667
26.71875
26.436458333
26.226041667
26.695833333
26.780208333
27.0625
27.030208333
27.123958333
27.194791667
27.255208333
27.15625
27.039583333
26.984375
26.892708333
27.01875
27.103125
27.011458333
26.945833333
26.947916667
26.565625
26.695833333
26.852083333
26.6
25.988541667
25.686458333
25.583333333
25.2375
24.734191176
25.042708333
25.61
26.292708333
26.298958333
26.56875
26.579166667
26.655208333
26.953125
27.08125
27.153125
27.134375
26.8125
26.301041667
25.610416667
25.204166667
25.09375
25.140625
25.038541667
25.102083333
25.084375
25.232291667
25.319791667
25.315625
25.99375
25.99375
26.273958333
25.0625
24.7125
25.111458333
25.333333333
25.488541667
25.630208333
25.704166667
25.817708333
24.323958333
22.701041667
22.422916667
22.455208333
22.742708333
22.779166667
22.96875
23.223958333
23.309375
23.126041667
22.704166667
22.257291667
22.085416667
22.196875
22.230208333
22.251041667
22.367708333
22.644791667
22.998958333
22.285416667
21.235416667
20.815625
20.858333333
20.092708333
19.86875
19.71875
19.355208333
19.628125
20.072916667
20.559375
20.783333333
21.092708333
21.273958333
21.342708333
20.301041667
20.227083333
20.686458333
19.74375
19.254393116
19.782291667
18.9125
18.98125
19.978125
20.8375
20.35625
18.59375
17.805208333
14.802083333
11.691666667
10.384375
10.744791667
11.48125
12.238541667
12.95
12.985416667
13.277083333
13.879166667
14.611458333
15.103125
15.760416667
15.954166667
16.5875
16.722916667
15.332291667
15.047916667
14.925
15.35625
15.160416667
14.136458333
13.930208333
13.905208333
14.576041667
15.551041667
16.39375
15.5875
14.225
14.525
14.186458333
13.364583333
13.169791667
12.646875
12.504166667
11.388524955
10.449076087
10.341319444
10.32827381
9.74375
9.723958333
9.888541667
9.846875
9.995833333
9.980208333
10.182291667
11.2125
10.40625
9.564583333
8.495833333
8.221875
7.98125
7.758333333
8.148958333
8.986458333
8.567708333
8.582291667
8.903125
9.996875
8.620833333
8.08125
8.166666667
8.842708333
9.046875
9.530208333
9.261458333
7.627083333
