20090901
20201231
2.785392552
2.770696189
2.758693655
2.757478626
2.750098901
2.737360651
2.724305166
2.708958483
2.690040566
2.674206694
2.664863959
3.146192191
7.466670255
8.476508509
9.943971569
10.277040495
10.713506838
10.752971931
10.747864417
10.754156285
10.740087155
10.768452006
10.752669984
10.726077444
10.716352981
10.678717573
10.598591248
10.323227735
9.917007696
9.560591476
9.095929297
8.251845531
7.627282549
9.017728693
9.393517347
9.395049618
9.319421885
9.686527014
11.397915604
11.646213363
11.723962688
11.770321516
11.784929862
11.790821301
11.804066924
11.847648624
11.792132324
11.780771696
11.788112123
11.791737967
11.80297373
12.033176665
12.045805525
12.061477786
12.057355746
12.045771577
12.026073417
12.021704169
12.14262058
12.222945997
12.238748979
12.239398794
12.241418794
12.212540155
12.205226485
12.193590753
12.179216956
12.158342565
12.133189554
12.130355035
12.10521416
12.096781505
12.087668649
12.063175541
12.04738877
12.016233293
11.988260554
11.938250222
11.900361179
11.890327071
11.877844104
11.872916153
11.850196732
11.800912647
11.753367413
11.668398376
11.601396494
11.555616766
11.521070216
11.485729011
11.607585614
11.551775528
11.867216929
11.886464998
11.874286543
11.87191988
11.876476026
11.877855403
11.871712961
11.854638665
11.850022197
11.848717072
11.858996344
11.879308426
11.856407856
11.838998189
11.834774461
11.839157329
11.842844372
11.816987318
11.822348275
11.828207432
11.827466394
11.828570808
11.9443749
12.083780026
12.093072021
12.100683823
12.12057211
12.127203373
12.138990456
12.134280278
11.294591071
11.291685306
11.286732861
11.280284951
11.268270378
11.26762082
11.233589982
11.089560325
11.080075958
11.085610047
11.083866796
11.059251613
11.063384846
11.20830163
11.207922404
11.215885007
11.219992521
11.233302443
11.248606472
11.235150599
11.332017401
11.360624443
11.359841222
11.355137802
11.363763711
11.35636791
11.366784528
11.357049774
11.383842556
11.385978016
11.393171614
11.393322343
11.395168923
11.408102053
11.414696609
11.428160243
11.419223049
11.409314921
11.423855975
11.433774208
11.435521673
11.416819722
11.433280119
11.44430664
11.434064016
11.440161935
11.435722097
11.438897194
11.444103451
11.433917145
11.440257292
11.447509574
11.458890307
11.469886306
11.466587293
11.465627876
11.463097025
11.482766174
11.484899617
11.469984243
11.476900349
11.48131404
11.490909372
11.488082615
11.485101637
11.481620112
11.491582278
11.510921663
11.508448885
11.514568234
11.512720564
11.514596855
11.52049096
11.523272269
11.51630198
11.505980495
11.510087508
11.49230607
11.500538188
11.502111158
11.528278524
11.537981804
11.529962636
11.532991841
11.549740337
11.526997724
11.528234129
11.52961814
11.533150244
11.526483895
11.52141414
11.516221539
11.530592027
11.539499504
11.524814867
11.510571733
11.504671068
11.500783707
11.49786849
11.481307744
11.459150956
11.405314566
11.311913491
11.152025212
10.929564216
10.744573341
11.181334192
11.520700585
11.545879262
11.547224688
11.557842621
11.56376219
11.586269524
11.581765628
11.58482772
11.578370419
11.565780951
11.552737299
11.51353877
11.440410186
11.323253758
11.186736746
10.905759671
10.641609903
10.15672367
9.475261142
8.42020193
7.289438779
6.738643264
6.69515729
6.505574576
6.216083511
8.951074907
11.171830931
11.367609822
11.389502679
11.426844915
11.451514253
11.457927558
11.43888858
11.418304134
11.343319314
11.19243635
10.936973075
10.544354708
10.060507752
9.296547858
8.199112602
7.235442156
6.407641369
5.805273299
5.477616693
5.090370529
4.785084106
4.486391582
4.13387155
3.766412319
3.43304507
3.101641245
2.786129973
2.580861966
2.447760495
2.304980223
2.175076758
3.090559559
11.349655729
11.410346303
11.44201662
11.418584051
11.37386893
11.280694766
11.039426932
10.787994151
10.44959772
9.976063581
9.276969422
8.474162536
7.602075744
10.902372663
11.25070688
11.239154456
11.190044864
11.14230801
11.347655471
11.51734934
11.558416188
11.568249149
11.544095643
11.519042215
11.536698853
11.619956181
11.634821447
11.649506367
11.671808681
11.671070178
11.653718372
11.612099153
11.509224924
11.307467088
11.050711359
10.743695338
10.239227728
9.536220921
8.544765314
7.336599466
6.277391963
5.41160786
5.896094276
5.701880033
5.02703833
4.075688297
3.331332601
2.867122026
2.552085902
2.315977498
2.119420977
1.972879273
1.882818217
1.789619877
1.715732506
1.661030958
1.623145777
1.579974627
1.540622318
1.502294972
1.460207959
1.432194205
1.412074399
1.3963482
1.382277271
1.364374532
1.343823087
1.32356526
1.30599644
1.288169573
1.27275876
1.269106627
1.25174824
1.238034035
1.227484764
1.223656937
1.21846597
1.215994069
1.215271427
1.22741217
2.867369286
3.985085122
4.124686064
3.983356856
3.760784896
6.141231529
11.409675423
11.462077466
11.490912381
11.515256869
11.552010433
11.582315961
11.600624272
11.58899505
11.554330622
11.540070651
11.50843194
11.454651898
11.38117306
11.29130927
11.17501717
11.238569948
11.210696556
11.025181303
10.756868838
10.458313151
10.067625216
9.70646325
9.33223505
8.889968817
8.401329922
8.006443203
7.628976899
7.276583767
6.882924553
6.418799617
5.958467693
5.752100938
9.261321595
9.202783756
9.121101383
9.048283906
8.971359602
8.886951504
8.795742936
8.726785381
8.620572554
8.528408249
8.376820009
10.153729093
11.365417362
11.411397216
11.457705827
11.47237962
11.467131939
11.432904547
11.404720588
11.401862103
11.389972639
11.372723922
11.35092896
11.32845382
11.281621096
11.225271114
11.182251549
11.118148955
11.043589832
10.968274481
10.87986238
10.829549776
10.760835432
10.777765338
10.747757917
10.684490179
10.720597915
10.796927731
10.742166424
10.688367664
10.657120851
10.641032901
10.62338966
10.533785598
10.496857761
10.316766162
10.206494618
10.110177609
10.045818266
9.974455909
9.798859665
9.716396133
9.645557792
9.610117559
9.479937462
9.327712587
9.238090484
9.141498215
9.089772612
9.010156199
8.931317297
8.867730683
8.680419374
8.594339066
8.532377337
8.526614628
8.436498932
8.346170287
8.420734717
8.437573819
8.516772111
8.504183546
8.437707305
8.349891743
8.297276656
8.230882512
8.09807116
8.066209742
8.069736599
8.148278762
8.214837677
8.120805834
8.75810855
8.747503742
8.802545544
8.791303821
8.739096432
8.761378857
8.721820934
8.633069888
8.567582137
8.507599123
8.374828385
8.284061531
8.259705283
8.240822421
8.263781187
8.229793095
8.261772089
8.17160519
8.126030008
7.988744413
7.953690153
7.966037051
7.842454725
7.830596589
7.800685952
7.770653624
7.750977051
7.775909848
7.742788127
7.625003004
7.590970201
7.426898796
7.366601261
7.356052007
7.397748723
7.58379037
10.767423453
11.890236506
11.924691307
11.950727387
11.651059445
11.706879358
12.023847033
12.027677429
12.031827188
12.041522222
12.050415715
12.069163018
12.063311451
12.067765739
12.067940093
12.039136802
12.03287913
12.040869611
12.02739576
12.025283933
12.034468243
12.031720178
11.981644728
11.968645021
11.952189404
11.939267498
11.924664508
11.896177481
11.878081318
11.859201387
11.853286459
11.83709333
11.818651729
11.800436264
11.772361891
11.726258864
11.692308224
11.653429965
11.627715405
11.614031647
11.560976275
11.494093548
11.409376247
11.329150588
11.236609573
11.03825357
10.833265131
10.670848306
10.353710172
10.196269971
10.089289116
9.961439097
9.895314133
9.744283425
9.471689553
9.156515967
8.905284189
8.329296188
7.932667915
7.577501891
7.214692773
6.915510711
6.584272915
6.226074844
5.893325654
5.626161345
5.342491817
5.087618085
4.878127375
4.711066383
4.546401337
4.385909078
4.190170534
4.065232529
4.021171406
3.965346978
3.891316922
4.195806258
8.446610468
8.69135179
9.591432939
11.479372154
11.675819163
11.568241921
11.47052907
11.418908086
11.364318093
11.270573587
11.122192797
10.920217041
10.584614289
10.146879906
9.639395232
9.050933661
9.496607932
10.029079493
9.879439015
9.743734097
9.518416721
9.201684627
8.840283922
8.445075683
7.965354936
11.326776931
12.127843695
12.176619395
12.203770489
12.192856563
12.157964374
12.097427982
11.998723718
11.775765967
11.237368213
10.299230552
9.300773884
8.461772538
7.515458738
6.634492744
5.915799007
5.359920863
4.832636587
4.337617982
6.345285148
3.568926845
3.285324625
3.011339604
2.744383969
2.496531653
2.306805279
2.224965912
2.163541964
2.113715267
2.070172984
2.032661736
2.001307253
1.977579283
1.962512214
1.951199879
1.943640216
1.938944097
1.934895351
1.930919293
1.925165519
1.922926622
1.920631355
1.916233217
1.913704
1.911623095
1.907467474
1.906537413
1.904518619
1.903814221
1.902773411
1.901540267
1.900061784
1.898584871
1.895611734
1.906557768
1.920140808
1.93327891
1.939322398
1.93732008
1.932204562
1.924434249
1.914759781
1.907598459
1.901925031
1.899169991
1.897670062
1.894034012
1.894698521
1.893869173
1.892950259
1.892011599
1.892381119
1.8919076
1.891448846
1.891241534
1.890052147
1.890005976
1.888870595
1.887927981
1.886608387
1.88728821
1.88654283
1.885875448
3.283227022
6.656580831
7.207730263
9.930363418
10.661813763
11.007061114
11.110616549
11.093194602
10.942455973
10.71759287
10.419351499
10.179815299
9.788907588
9.26303705
8.605017985
7.90527566
7.117402505
6.228515007
5.285481569
4.542320111
4.029112237
3.76286168
3.629052145
3.527305332
3.4379684
3.362158762
3.297690909
3.234983981
3.172813697
3.115616685
3.052723348
3.00459323
2.957219001
2.90336368
2.846345305
2.810958993
4.057611039
7.3433747
7.373740719
6.979786413
6.392267027
5.74503945
5.29054245
5.447221864
5.150779547
4.570361137
3.939996041
3.46707542
3.10120323
2.791694605
2.62689513
2.5526794
2.497060957
2.453026832
2.414002638
2.370010187
2.340023171
2.310834532
2.602544418
7.799748346
12.099016186
12.118258009
12.133113364
12.112263286
12.084163245
12.044231762
11.971431321
11.871857028
11.684874207
11.444024299
11.14723103
10.926405695
10.906805595
11.496472047
11.372997963
11.19061747
10.922209816
11.478966136
11.837143985
11.874583067
11.891388367
11.878869619
11.861701461
11.820537741
11.732177989
11.618356694
11.50540349
11.406537237
11.775887745
12.068578391
12.089911735
12.088873216
12.092996273
12.082182319
12.066931373
12.039802652
12.002975392
11.937327662
11.831114784
11.735677484
11.68323839
11.577889174
11.631352964
11.889654336
11.86634672
11.831696613
11.822642222
11.853118051
11.857295485
11.840748756
11.830006495
11.812169956
11.798236127
11.784358991
11.913360296
12.036902798
12.045696387
12.039153628
12.036757448
12.030159591
12.032720746
12.005209744
11.987579901
11.973608405
11.979452392
12.012233068
12.007502451
12.006167588
11.979557708
11.978316506
11.997345297
12.111644894
12.111109949
12.115098541
12.107679209
12.090755846
12.083212613
12.077128207
12.07208727
12.046924425
12.037706648
12.017483544
12.000280052
14.921148498
14.885845656
14.830128819
14.804063966
14.755102515
14.698254108
14.63137999
14.563102889
14.491067912
14.750392712
14.779472832
14.72911599
14.687175472
14.66066401
14.606820838
14.589885132
14.522469122
14.419132681
14.338947984
14.238504698
14.085744197
13.987233318
13.869759211
13.980951878
14.771704097
14.860472739
14.910679266
14.946753373
14.940363507
14.945650332
14.963398805
14.946662854
14.940947864
14.951488828
14.953026621
14.959270637
14.939697757
14.928684766
14.922960907
14.889007911
14.918187695
14.893173393
14.88126596
14.879397624
14.893967638
14.905986768
14.913886909
14.910994369
14.928207595
14.952785927
14.967957409
14.983452449
14.976450834
14.980436901
14.963457613
14.938229621
14.895204275
14.863122137
14.868009837
14.88901631
14.827321029
14.726293959
14.592625842
14.414073556
14.17524774
13.963126886
13.827466785
14.597209813
14.726482902
14.653282627
14.953553626
15.003531998
15.038474108
15.073933615
15.10308553
15.133046113
15.128169695
15.114316561
15.175180785
15.226138383
15.23871809
15.25133915
15.269115829
15.270941734
15.266986954
15.240592816
15.214089486
15.16781515
15.079596648
14.922193568
14.746359691
14.439892546
13.928581591
14.718375424
15.001805585
14.893704329
14.757722113
14.659696319
14.570619034
14.473489785
14.28006875
13.921635425
13.480616456
13.146412801
12.917058013
12.675976624
12.697280499
12.171543849
11.494849444
10.845785696
13.388423954
13.219600371
12.967120694
12.523126321
11.945304111
10.992939069
10.132060782
9.55343743
8.932527045
8.421025852
7.952134772
7.490493342
7.088316171
6.747005894
6.480795459
6.330308723
6.19811754
6.110937954
6.04646122
5.972345388
5.888578101
7.641945773
10.665249532
10.638467172
10.595407788
10.542882663
10.388621433
10.181017804
9.913425632
9.625940008
10.675279733
10.724855394
10.737939796
10.719696699
10.668899202
10.580036802
10.430819731
10.196825283
9.905418156
9.94524143
10.778435023
10.724958479
10.562053992
10.671077146
10.768111122
10.750685387
10.671805052
10.796661186
10.903424513
11.361804344
11.73969112
11.993287362
12.075614204
11.943152428
13.026719837
13.91834013
13.9264205
13.895661452
13.798604634
13.556577686
13.058028588
12.353569871
11.626479936
11.095175568
10.198157775
9.01322131
7.921057728
7.002185188
6.246299601
5.750789911
5.564949729
5.466700862
5.370535407
5.279869673
5.199528578
5.117002104
5.044026661
4.986391055
4.941317733
4.91647263
5.314303953
9.633409656
9.37881162
8.745950051
7.596568139
6.084051219
5.081423834
4.937164452
4.915431865
4.90469848
4.895100287
4.884117285
4.875443221
4.868558767
4.864375184
4.859966451
4.858342763
4.855816422
4.85402216
4.854041715
4.850906372
4.849254784
4.848186882
4.847824507
4.847565242
4.846946758
4.845469188
4.844521296
4.84363254
4.843239834
4.851617829
4.858352045
4.858792028
4.856454689
4.854492592
4.848565571
4.841785808
4.842752454
6.046259834
9.561196002
9.620537665
9.70390817
9.663496839
9.582637387
9.480337496
9.333573167
9.228028801
9.161504309
14.854067234
15.044909263
14.969632619
14.814075775
14.552824638
14.236298612
13.882467522
13.441348672
12.941574018
12.347411472
11.714126036
11.089897262
10.227740824
9.122247841
8.167645908
7.19798897
6.307981787
6.974755598
5.40180865
5.36021483
5.340151614
5.293222929
5.207247735
5.110920382
5.034007889
4.984454875
4.948482815
4.923676644
4.904248133
4.895815199
4.889871013
7.085958382
9.722823959
9.724404196
9.739140045
11.30879633
13.084435207
13.083405205
13.068742011
13.046798242
13.011600561
12.939629928
12.82903271
12.675399059
12.514786429
12.334282577
12.235973747
12.176877927
12.137534499
12.053170636
11.762504232
11.478076278
11.212188464
10.777613884
10.373384803
10.066090352
9.891299547
9.706172567
9.652825087
9.525654067
9.300631548
8.879428255
8.627877321
8.452338661
8.289767095
8.156478685
7.990919488
9.175063015
7.8615206
7.798255666
7.622336169
7.489691824
7.312119025
7.218692888
7.187996462
7.233166034
7.148003654
10.10300314
10.807692238
10.653723098
10.505684575
10.378618298
10.2733327
10.128175069
10.040917679
10.06274033
9.96605881
9.902619305
9.890857288
9.667414555
9.298307179
9.21590201
9.055143507
8.827979991
8.655306558
8.687664003
8.707565694
8.812097641
8.713903071
8.81106171
8.588199871
8.281832902
8.262281974
8.143933534
8.056030878
7.885185134
7.586567994
7.373992177
7.264210598
7.320593
7.356201048
7.374761505
7.442949382
7.46344455
7.467016315
7.558239431
7.459771616
7.288772911
7.289454257
7.321076821
7.200357501
7.090285112
7.111229272
7.461833513
8.544091337
10.120142848
10.345508113
10.402044551
8.756765717
8.736404991
8.710465601
8.689178499
8.693912843
8.687763287
8.638947721
8.64850462
8.748701053
8.909561783
8.942349282
8.980463113
9.02517116
9.289325595
9.716219531
10.119691796
10.478039573
10.758552027
10.959687968
11.099675613
11.17867397
11.201309499
11.233524061
11.243805805
11.226251731
11.21956419
11.239737571
11.295654728
11.374740011
11.56980408
11.569103355
11.57649157
11.583612853
11.595823699
11.613652993
11.623638663
11.635707441
11.676767342
11.710054808
11.701403892
11.737158501
11.74618559
11.77304534
11.976542956
12.416712316
12.746546786
12.949262454
13.05928613
13.10038088
13.099850363
13.237854632
13.447210984
13.440539263
13.443873228
13.461950094
13.470784433
13.509805523
13.511898764
13.507212222
13.488793374
13.473748805
13.467657762
13.470889239
13.414557125
13.380362779
13.373530362
13.356007497
13.366629614
13.371186699
13.355904176
13.350494155
13.347444127
13.348666454
13.349554938
13.347948276
13.296486466
13.28141996
13.248289904
13.216292991
13.168786421
13.118208583
13.072294591
13.056171692
12.96805841
12.909781237
12.869775496
12.857958317
13.094352869
13.187963603
13.193577831
13.174921748
13.333052588
13.414395067
13.442041483
13.462473433
13.498785281
13.51321471
13.529443786
13.540098519
13.559760774
13.572417167
13.589909669
13.597318434
13.595536432
13.604018334
13.584318428
13.592400623
13.641517667
13.636665143
13.64532217
13.641229728
13.637854051
13.612219293
13.590269116
13.578902406
13.579729147
13.647207704
13.659161949
13.677112124
13.670212542
13.67506172
13.646536512
13.619000169
13.603019381
13.585559521
13.584908953
13.556511192
13.534939384
13.547413972
13.544956607
13.505115856
13.465495239
13.399712005
13.32867411
13.349825226
13.485535012
13.493354933
13.492188708
13.504457618
13.499177222
13.61076671
13.64089889
13.664147349
13.67397827
13.674525739
13.666786358
13.659328757
13.649004276
13.636915818
13.635266729
13.663410558
13.671407107
13.652787742
13.61678299
13.610345108
13.672769658
13.710532145
13.708831145
13.689058685
13.68668378
13.690751453
13.626941688
13.491969294
13.312759867
13.07551652
13.243340392
13.11329601
13.140954503
12.93830727
12.667504112
12.369934893
11.87677869
11.341057964
10.809466326
10.290782598
9.840455841
9.416025925
9.042453672
8.477885291
7.826725258
7.271426753
6.856936106
6.526215502
6.217428275
5.915330281
5.604286453
5.282177264
4.912996845
4.551278276
4.184311586
3.866205837
3.743170859
8.303474583
7.977969184
8.306297153
8.418005205
11.118401623
11.671213049
11.716575594
11.746816421
11.772092576
11.779478399
11.760001646
11.717867466
11.810197468
11.818919374
12.994563915
13.577028156
13.588415118
13.588250698
13.589411358
13.581056294
13.543042013
13.444969247
13.296599454
13.120899368
12.890000389
12.55013335
12.035232926
11.65054178
13.079345963
12.757290809
12.372274386
11.848064192
12.45408609
12.439783445
12.318300965
12.280712317
12.211459721
12.178730325
12.092998541
11.906059083
11.616552592
11.20885322
10.730765948
10.115473454
9.272994061
8.298803351
7.338478533
6.721441621
6.190256865
5.698511525
5.216398493
4.75642259
4.390449503
4.000424759
3.719682979
3.537441471
3.427443423
3.36418518
3.326960497
3.299639296
3.28139149
3.270280121
3.643334682
8.071404997
7.768225323
7.313881699
6.769929197
6.134660356
6.602152742
6.426882968
5.953785978
5.598783288
5.173630721
4.743210718
4.439836998
4.190267619
3.9066172
3.573112672
6.860338359
8.115080326
8.071705081
7.989364199
7.901871319
7.795580784
7.629076543
8.132251653
8.116233401
8.062336523
7.961199038
7.838608551
7.682937131
7.545920503
7.320684745
7.060644659
7.984038096
8.184600519
8.165302622
8.155820581
8.147879464
8.138815223
8.13268516
8.121328502
8.092591535
8.05318721
7.978723102
7.873990426
8.034530207
8.199355141
8.207987189
8.227645345
8.292675052
11.150575521
11.47789344
11.481089355
11.477444054
11.481639325
11.520709717
11.558922336
11.552951646
11.553397076
11.551513729
11.557196822
11.565913274
11.54840359
11.493520101
11.467160441
11.546896298
11.554389137
11.556981726
11.504168296
11.44422809
11.357650919
11.337897915
11.230336533
11.41757686
11.462309784
11.506123468
11.511137365
11.49880928
11.498793791
11.485750901
11.482902526
11.489242784
11.486043224
11.49644387
11.484501336
11.428977542
11.437653068
11.485608018
11.480571196
11.492394679
11.499707552
11.517361566
11.52526011
11.538579773
11.561846724
11.571468546
11.578454041
11.589797094
11.588791749
11.599508722
11.622154866
12.993855324
13.467551044
13.472835799
13.485183368
13.495395448
13.49351277
13.506140614
13.505409194
13.498892382
13.481430161
13.469560183
14.113429571
14.093776823
14.065290462
14.040805763
14.015071607
13.790357976
13.765275547
13.926160205
13.94923595
13.969515911
13.964915939
13.945984003
13.928741746
13.866280093
13.829762351
13.79446469
13.737772185
13.686531435
13.622303708
13.54100104
13.456529734
13.342367723
13.245113955
13.577088556
13.141751386
13.143215181
13.0445813
12.874922696
13.475735074
12.747485164
12.764174602
12.719776942
12.609612481
12.760507809
13.684770713
13.700872568
13.244942913
13.214541993
13.639396109
13.641954797
13.66457127
13.269832718
13.698577743
13.710115821
13.716670824
13.718933382
13.715595239
13.720697916
13.693661972
13.670330611
13.678226371
13.602935191
13.540886976
13.4567873
13.361332042
13.2560875
13.149675578
13.040232862
12.992058005
12.879363783
12.676457522
13.206846418
13.563515168
13.548572751
13.551950333
13.551169687
13.527505169
13.518421689
13.497347167
13.465207313
13.370635826
13.252910722
13.13942978
13.358065705
13.739392085
13.948689774
13.981133003
13.996707009
13.995420668
13.986280171
13.946859042
13.899379112
13.821372118
13.711797385
13.832396565
13.974559115
13.944956693
13.897749154
13.809232701
13.661696427
13.386713865
13.194223097
12.928225375
12.17551926
11.65656712
12.498343871
13.836494616
13.770840368
13.671855155
13.523729486
13.224488367
12.811560002
13.005227847
13.394840899
13.25131985
13.083776174
12.822699128
12.593501815
12.130540702
11.509670242
12.86077496
12.876281655
12.800383391
12.805286183
12.68569349
12.56413804
12.445151744
12.186177844
11.782149036
11.369871049
10.911650128
10.390014709
9.736263137
9.018775616
8.213550591
7.444592349
6.832635523
7.089455925
8.819259971
8.384467587
7.57568052
6.56081201
6.214108363
5.880794945
5.648878408
5.50882843
5.379215297
5.286366208
5.208281083
5.141592282
5.074438149
5.010176916
5.252403985
10.307924252
10.320879413
10.28468581
10.260720697
10.248441406
10.157056857
9.981564311
9.780399601
9.529133466
9.216530916
8.91441474
8.635886115
8.069935062
9.824717503
10.003873387
13.653592357
14.183460239
14.189460252
14.227400631
14.258364607
14.283398428
14.278093026
14.261618419
14.204436559
14.093603791
13.91010115
14.094347806
14.187647759
14.167216691
14.105309001
14.156026088
14.164738404
14.147938329
14.085701252
13.977537734
13.737295827
13.35032427
12.537098838
11.346564023
10.470303343
9.762959356
9.177854678
8.775239033
8.447686327
8.135285437
7.748499482
8.977629795
11.473203058
10.189148151
7.82422835
6.040837404
5.413895225
5.120778082
4.891786281
4.968652385
6.719245326
6.904069918
5.987131002
4.774667532
4.360832074
4.205593203
4.102696111
4.038110698
3.992195827
3.959536348
3.939062136
3.931148846
6.972298317
8.785764517
8.762513849
8.666074939
8.401899403
7.935648732
7.182347787
6.204963216
5.169331626
4.436283575
4.058968234
3.983555179
3.959386744
3.93814533
3.92365136
3.911572715
3.908153414
3.900356186
3.901754948
3.900147274
5.705533728
3.894562531
3.891902883
3.890994267
3.888237318
3.886621358
3.884591771
3.885974568
3.884164372
3.880433842
3.878936279
3.891540559
3.903910676
3.903251721
3.889307901
3.886960674
3.882465175
3.880385011
6.115716533
8.733736936
8.645443573
8.519614974
8.359799387
8.041563877
8.394153267
8.613824543
8.45315959
8.310318458
8.244881739
8.082057544
7.792832419
7.605353973
7.406307081
7.113359709
6.610837886
5.912004193
5.224624408
4.566235664
4.10014077
3.958575906
3.917625788
3.901288926
3.888712848
3.883914515
3.880009528
3.871717276
3.865159213
3.863713189
8.15921285
8.343076839
7.810834561
7.303450761
6.945351381
8.715898079
8.662664038
8.748928847
8.721982898
8.672006984
8.562547114
8.386136988
8.217690044
8.029424161
7.949793566
7.803339555
7.586225123
7.493527191
7.438748811
7.356401264
7.081302003
6.777856174
6.290884329
5.849400658
5.512129436
5.153676182
4.87933578
4.716652515
4.590502287
8.620115629
8.742568344
8.724136485
8.696416338
8.659123745
8.584084797
8.508092805
8.307399016
8.072032759
7.921035604
7.793028691
7.705458541
7.571499094
7.745911469
8.182515317
8.130624665
8.047863373
8.045811336
8.693787195
8.801775019
9.159838584
7.205352902
9.615511164
9.883420354
10.131729887
10.362060858
10.540751273
10.502824662
10.473594526
10.491560786
10.79200593
10.957348187
10.989007566
11.012108436
11.055196699
11.041870556
10.977531549
10.960641224
10.969426489
11.053461986
11.237292295
11.331173759
11.329517949
11.381216624
11.615104354
12.197657323
12.381570674
12.408198088
12.436680071
12.454368308
12.460966397
12.445014995
12.448403808
12.45513742
12.474890282
12.48104648
12.478349577
12.453110765
13.395653749
13.412222654
13.478987698
13.488862892
13.209429587
13.22553153
13.245403945
13.245132381
13.24706871
13.235949327
13.223769438
13.476802254
13.259284819
13.490598347
13.509822145
13.506714473
13.50430716
13.494323412
13.486305584
13.477319603
13.439244312
13.627615951
13.678662265
13.694942022
13.713319112
13.723625142
13.740265547
13.750705295
13.762583414
13.738586742
13.794862482
14.914814027
15.053326489
15.056465834
15.054515873
15.044696583
15.031686713
15.011733893
14.997324837
14.995368489
14.960335926
14.92233316
14.883308577
14.8317934
14.789750471
14.715650121
14.758502538
14.827274694
14.787779568
14.700030758
14.634178225
14.619352008
14.518675767
14.410927123
14.520623121
14.625927506
14.529611579
14.375187344
14.346275094
14.537268235
14.667538246
14.671508217
14.68675669
14.697855765
14.710788017
14.72270092
14.719413059
14.792760646
15.021573078
15.044618838
15.066882665
15.089810199
15.143377302
15.149272901
15.152884121
15.135575718
15.113898151
15.10551501
15.089010365
15.080853404
15.08545475
15.074850117
15.059226352
15.051086925
15.168788073
15.156570567
15.163546929
15.135343138
15.071353085
14.993522619
15.134303536
15.088873493
14.954622667
14.658305754
14.517873089
14.786857973
14.720307637
14.39491748
14.032612576
13.239301473
12.552984016
12.02433682
14.809829245
15.023886611
15.059659029
15.08269639
15.106573298
15.113504423
15.114713277
15.072115207
14.978482071
15.013535633
15.035774331
15.003332185
14.91845728
14.687444894
14.868026497
15.120946599
15.120355824
15.110269783
15.08449794
14.993540542
14.761310118
14.417118632
14.491287143
15.172696834
15.203567889
15.24060843
15.271405115
15.291896564
15.297460277
15.284929995
15.27736624
15.308845598
15.32771475
15.330172816
15.344596455
15.344487492
15.345914009
15.362907291
15.361373566
15.355638099
15.373806756
15.382805477
15.378363545
15.379888288
15.379194174
15.385799935
15.393904296
15.388173467
15.388296032
15.38577664
15.382528285
15.374502657
15.371295657
15.352744567
15.330880903
15.269022267
15.192110431
15.081184956
14.953826667
14.744395533
14.615919457
15.345839448
15.350815323
15.351209194
15.369887206
15.379904437
15.396939427
15.397299707
15.407439279
15.397189957
15.383209503
15.36274774
15.262335979
15.0775126
14.77804376
14.294846908
13.478325269
12.448933911
11.471578632
10.458011617
9.799283649
15.048285674
15.218990393
15.221463773
15.208816296
15.214847226
15.284660431
15.301773986
15.309542549
15.305748792
15.291481604
15.224821826
15.065327299
14.762308016
14.214480628
13.532634404
12.811852852
12.024679001
11.172951709
11.146053416
15.172421852
15.200273889
15.196110297
15.198139983
15.164926384
15.014461697
14.670489359
14.063031995
13.317559047
12.56561186
11.879510682
11.129170962
10.558281281
12.273392662
12.77893569
12.237527477
11.403323939
10.189301394
8.962777092
7.882777828
7.204637906
6.696732684
6.411726066
6.60181347
9.353943542
8.960231314
7.907276622
6.80852363
6.03433107
5.977695119
5.959351207
5.962716452
5.877888504
5.831564938
5.740894294
5.635102476
5.543098882
5.467619257
5.439531197
5.390018679
5.337892405
5.285248942
5.236786538
5.19315753
5.151769556
5.117013586
5.084430942
5.054082462
5.023132531
5.01543099
5.025291842
5.020867025
5.01697252
5.002514555
4.976252458
4.999270497
5.038277371
5.06114571
5.046168871
4.992626743
8.099082231
9.788245841
9.778995881
9.739515534
9.659202985
9.57215673
9.415986073
9.249144692
9.100339682
8.920409515
8.750123845
8.443760845
8.211496909
8.005343492
7.849577988
7.502068573
7.414848939
7.29093547
7.087364183
6.734751544
6.531081206
6.359012312
6.051914877
5.743849538
5.450984385
5.189549196
5.023403408
4.974401969
4.938967151
4.914452254
4.899249998
4.890263058
5.592333156
9.76352646
9.751508565
9.729373214
9.704868232
9.684702878
9.715664028
9.699358984
10.148365548
13.041842785
13.059544128
13.07056831
13.096696731
13.115547793
13.140693173
13.158746762
13.159350993
13.155173638
13.149990744
13.148096999
13.147422147
13.089489892
13.024168554
12.956628135
13.14686021
13.187049072
14.196578433
15.089462827
15.104781671
15.113495762
15.11022756
15.081142687
15.065510738
15.023302094
15.027286018
15.088680521
15.207348723
15.219621597
15.221698327
15.23035503
15.231434165
15.239810066
15.242875636
14.793145692
15.233101716
15.23382179
15.224011127
15.221130335
15.209925418
15.212980758
15.198408282
15.215847744
15.242052194
15.255689016
15.260244138
15.248834309
15.239763814
15.239355218
15.235103546
15.229588433
15.22886129
15.218016451
15.196821874
15.175396575
15.159327155
15.209626202
15.272932058
15.264633786
15.270803473
15.271631559
15.276988685
17.144068381
17.131245626
17.134329375
17.12946779
17.124100267
17.113400013
17.11947052
17.113890357
17.124137137
17.123357367
17.126601388
17.13130893
17.125912547
17.118777203
17.116490113
17.111546893
17.107547023
17.093608461
17.087639962
17.081714012
17.070421032
17.065240697
17.058351493
17.0431906
17.04514799
17.02941861
17.004937134
16.99257489
16.954157709
16.920026573
16.871907597
16.835259058
17.075163266
17.088954613
17.089981823
17.085279151
17.09235824
17.090912364
17.068960601
17.050175521
17.037964952
17.030434548
17.012374778
16.978737108
16.960923423
16.931695011
16.83874589
16.729763356
16.64479825
16.582292131
16.532043657
16.328264951
16.098355138
16.96772625
17.093412574
17.09473604
17.092738051
17.098835737
17.1059698
17.102922858
17.131342141
17.133138862
17.136126799
17.137728923
17.128070822
17.115809291
17.116945849
17.140696097
17.157925426
17.162448993
17.163163122
17.173851837
17.171690951
17.16699492
17.164956787
17.124017036
17.04954455
16.998470897
16.948547665
16.78123801
16.615829661
16.491247489
16.399687581
16.069840228
15.801190512
15.696910854
15.382915453
15.222484921
15.136652505
16.581025368
16.90568018
16.605204494
16.313116232
15.952949531
15.514522517
14.874594191
14.187938768
13.396483728
12.762693577
12.216544322
12.172954844
15.847010408
15.699873389
15.634628499
15.562412877
15.419603073
15.206494564
16.298678342
16.903306187
16.951570915
16.984576177
17.018300321
17.052958344
17.063927302
17.061062706
17.057962365
17.065458154
17.1070785
17.127363878
17.141552449
17.174424049
17.183373251
17.187779709
17.17673541
17.171157426
17.134508042
17.024921117
16.862918426
16.683844647
16.655895112
16.562256069
16.475415306
17.169092336
17.170024256
17.162211923
17.118067312
17.114590327
17.169567355
17.184149072
17.187738267
17.204395647
17.218698056
17.213844254
17.215082186
17.228160634
17.232403976
17.210180131
17.227354594
17.244583309
17.251955594
17.260474835
17.263185817
17.284598766
17.298095512
17.296992183
17.296221564
17.301004938
17.292728573
17.283233726
17.257145339
17.11616359
16.884512579
16.586995006
17.260372057
17.29154739
17.297817212
17.30252074
17.29841113
17.271497067
17.193965452
17.264840886
17.151170339
16.903457391
16.511096668
15.93739041
15.027903593
13.908018651
13.059585449
15.97286039
15.541944646
14.932417294
14.565344354
14.108224519
13.745115129
13.012061369
12.157797792
11.359504948
10.673930921
10.224525971
10.37356105
14.5860399
14.328290396
13.914203059
13.493228486
12.831662579
11.405570488
13.966498241
13.933332059
13.784023535
13.48196145
13.013220286
12.402760791
11.208374943
9.640903735
8.767037863
8.448236649
8.224040619
12.450943228
12.594838125
11.899136582
10.402404564
9.16654503
8.076256968
7.697868562
7.486706234
7.321839874
7.196394961
7.113765472
7.04500779
6.970269793
6.890406132
6.837551795
6.797172198
6.770326303
6.750678671
6.741539395
6.731277337
6.72833537
6.72114217
6.718179984
6.715678158
6.713458798
10.990029269
11.343791836
10.723058361
10.430929935
10.312343471
9.318642885
7.854805922
7.006957456
6.8458984
6.806735745
6.77112568
6.743948912
6.736795862
7.03736355
7.729169613
7.270052429
6.881715123
6.800724523
10.226311702
8.207429671
8.184328506
8.529647139
9.425296238
8.895474629
8.304452589
11.383668901
10.168742007
11.599656574
11.619796934
16.358912909
17.021531864
17.041009821
17.032909386
16.969258937
16.843177804
16.72960462
17.084228906
17.092435388
17.090246627
17.066581292
17.010736617
16.904671432
16.779310359
16.625693633
16.402390963
16.17220538
16.700951467
16.517208925
16.613805603
16.444640818
16.194676444
15.873813725
15.412220877
14.908753066
14.34502884
14.232223625
14.061800054
13.635230745
12.967195209
12.133953639
11.618475023
11.14372769
10.850919795
10.62202448
10.388327658
10.21461031
10.100262568
10.072817265
10.035757156
9.987424563
9.932568026
9.871711478
9.819335382
9.766873514
10.396491074
16.994311549
17.019028273
17.039919305
17.042444146
17.052157051
17.051784689
17.048233081
17.025472631
17.018797347
17.000315064
16.981528543
16.961482236
16.934466485
16.893691159
16.81428175
16.675633413
16.454416262
16.290834206
16.180916048
16.181667646
16.002922354
15.802775155
15.667203425
15.485051699
15.491493296
15.54019048
15.355638063
15.136793021
14.956073419
14.863367281
16.282423765
16.659527367
16.623640772
16.602154367
16.573651541
16.536531433
16.500197428
16.485488691
16.481126013
16.438467131
16.388714218
16.313946902
16.246707203
16.460340025
16.439082911
16.068525921
16.057221909
16.037384278
16.209106538
16.189553784
16.241968725
16.304981882
16.417779033
16.409550966
16.353745126
16.316315132
16.239609015
16.088739911
16.008413106
16.399345377
16.483479976
16.363907098
16.183250111
15.987959489
15.864014197
16.01154729
16.567829386
16.708014097
16.691484044
16.617743819
16.5311104
16.348266288
16.331317306
16.793991317
17.347901285
17.387032233
17.411092206
17.434884214
17.446405755
17.464138368
17.493228736
17.510479578
17.526145669
17.526968248
17.524178457
17.51468356
17.505909661
17.500112684
17.480940691
17.463214657
17.436612922
17.399957665
17.368448416
17.328074653
17.325559296
17.376417926
17.327196802
17.235565881
17.127934919
17.082235046
17.067258705
16.932865863
16.983415168
17.543193042
17.590992073
17.59203638
17.600798891
17.616997616
17.63048541
17.666261413
17.66738757
17.659704218
17.668976808
17.647388877
17.630314261
17.622385651
17.632573633
17.633862498
17.598132811
17.546908734
17.480718685
17.35613156
17.328276374
17.388151865
17.208718102
17.005507473
16.943989552
16.801512593
16.512398338
16.292647431
16.257442539
16.147464969
16.029242703
16.000541289
16.116933687
15.999313589
15.836423808
15.554322564
15.102277164
14.535841234
14.240108482
13.848786158
13.37247473
13.179763337
13.085696914
13.253150522
17.326270331
17.364893525
17.37308977
17.391060984
17.544811708
17.569812155
17.588530702
17.601823111
17.614813312
17.595906613
17.552499638
17.442189157
17.254438323
16.920377445
16.597283008
17.010993119
17.677200979
17.68544165
17.690470091
17.694073701
17.698570304
17.695701132
17.688953777
17.681053842
17.671878462
17.675977001
17.663899852
17.647653467
17.69130847
17.698035895
17.71307915
17.71590935
17.727534527
17.734418879
17.737545183
17.725038004
17.712846404
17.676744096
17.584103784
17.469673458
17.298791442
17.103730084
16.984803675
17.676887962
17.601808585
17.464082261
17.231167865
16.863852056
16.14047556
17.419939436
17.345899188
17.535646387
17.602785249
17.620909555
17.631622874
17.635317815
17.63761368
17.632370197
17.617726316
17.558071788
17.658377405
17.631890652
17.542802017
17.338226439
17.067349175
17.429778426
17.60045885
17.610991085
17.632071149
17.637883674
17.616131193
17.505922834
17.342628543
17.100516372
16.648931939
16.102486142
15.393551725
14.609651255
14.111885943
13.531245818
12.88472026
12.412196228
12.245532421
12.031816081
11.776361013
11.562863102
11.378469983
11.152301524
10.939970464
10.741334792
10.563718189
10.374640248
10.156485052
10.249835328
14.863053659
14.793187159
15.050051539
17.530533493
17.538373215
17.505889001
17.433305275
17.331844569
17.398407265
17.12981595
16.592543309
15.627999047
14.182620671
12.783400867
12.398420757
16.026613222
15.686882124
14.91072937
13.438774561
11.287380476
9.877462022
9.209474898
8.776443267
8.622631141
8.525869321
8.430160316
8.343845159
8.2693124
8.187175081
8.095080495
8.017457696
7.963513942
7.936078591
7.864257041
12.594747187
12.365062773
13.694206817
14.219477223
14.301893744
14.406157727
14.58453407
16.765802847
17.560846388
17.611854689
17.632853292
17.65210549
17.655290312
17.710443888
17.711916934
17.696220925
17.624026267
17.495295795
17.430722309
17.732342837
17.735941216
17.728282602
17.72231279
17.695608108
17.60280762
17.399687134
17.131366128
16.793200324
16.367927551
16.002381783
15.704188508
15.12422096
14.097048695
13.270104029
12.615669833
12.096231321
11.696515474
11.370024328
11.068237044
10.809807493
10.586436989
10.337914709
10.064871986
9.786000989
9.572942105
14.215361318
14.218777364
14.096621493
13.959946846
13.749456984
13.472757241
13.10354828
12.705461114
14.152330176
17.356063628
17.575821292
17.606011586
17.637980218
17.650666608
17.649787781
17.654364451
17.675311969
17.715061498
17.723501222
17.733583138
17.726288964
17.722050735
17.699213255
17.67064413
17.646645157
17.587138747
17.513465918
17.61977197
17.588532395
17.543473482
17.483890745
17.382939773
17.272698047
17.312950316
17.661250207
17.663605579
17.671884178
17.671079125
17.661672978
17.626041806
17.583196125
17.542393003
17.478596724
17.383098217
17.339267852
17.285059761
17.145925282
17.078520905
17.005866567
16.751382024
16.575996699
16.464658747
16.547398648
16.478126955
16.418179479
16.338862908
16.226121498
16.245698164
16.212719672
15.907073243
15.983670476
15.644853967
15.244914954
15.013312472
14.859288421
14.634407575
14.544054565
14.478317877
14.34791627
14.190744042
14.118901
14.08611167
13.955325169
13.759919778
13.685409901
13.636549497
13.593410173
13.637148447
13.248671602
13.085196104
12.909784281
12.797623052
12.765977739
12.719918935
12.677688316
12.58353612
12.515994254
12.435126632
12.359277894
12.304902093
12.288245732
12.266669133
12.881643172
16.601459349
16.704856141
16.758930912
17.093997214
17.202282651
17.258168295
17.292975899
17.303076574
17.316699401
17.323061904
17.323001865
17.314422793
21.078090331
21.080287247
21.083098069
21.081271654
21.079729901
21.353507849
21.364803213
21.373403442
21.369527335
21.370934716
21.360013168
21.334281561
21.337102617
21.329612203
21.309988676
21.076516276
21.070201382
21.063916815
21.054050573
21.275662934
21.27519544
21.223821475
21.162527668
21.116047922
21.073378649
21.043821476
21.017933226
20.920947358
20.813958473
20.720687241
20.690202741
20.571630013
20.446842884
20.354574273
20.248667239
20.084724387
19.980843631
19.947002118
19.946834199
19.99516108
19.845584628
19.7014556
20.854430856
19.654804532
19.793469265
20.008949833
19.872456721
20.460903622
20.852789162
20.949477642
21.300477733
21.475360159
21.499143006
21.528155158
21.556016961
21.5777116
21.597589397
21.62111345
21.652023369
21.670754774
21.682157737
21.690818974
21.69335885
21.693869339
21.686892117
21.680803147
21.674981806
21.678825015
21.672947313
21.665748047
21.639422383
21.612655794
21.583019776
21.543986152
21.506229697
21.416280328
21.430466346
21.415300041
21.339392796
21.273223626
21.188257266
21.158497542
21.134983159
21.005863748
21.134227648
21.667849324
21.706170014
21.725447732
21.732966613
21.738267959
21.726630898
21.720850484
21.734552198
21.721137652
21.705584734
21.703946663
21.682690408
21.66708197
21.671405717
21.645054637
21.591164396
21.530931866
21.48053019
21.290200545
21.103320713
20.995967411
20.968253762
20.773650697
20.485723561
20.267206246
21.507960776
21.701104135
21.719776244
21.736882009
21.739315167
21.755445592
21.760775512
21.757150206
21.745024405
21.73132639
21.708715635
21.71342951
21.779743275
21.792607582
21.79547964
21.793752327
21.789318339
21.75499178
21.693137516
21.563245531
21.407546467
21.232474457
20.989852637
20.751182793
21.423116006
21.78152689
21.792951996
21.794232102
21.802218786
21.816753986
21.828255418
21.827697154
21.832101459
21.823432772
21.827218183
21.844663132
21.850881577
21.846729663
21.812200815
21.72668304
21.54817929
21.25756073
20.666954584
19.608721506
18.754601658
18.77446894
18.949887477
20.71233456
21.293368434
21.136179339
20.906806793
20.538857404
19.957623112
19.42957901
18.166904825
16.773326938
15.794652676
15.269521876
14.872640415
14.542050949
14.791224727
17.208204606
16.715840462
18.436870876
18.361740629
21.142499482
21.578635622
21.579715463
21.557360288
21.509553565
21.471375021
21.511458919
21.496559133
21.477101042
21.446772261
21.38883321
21.271269298
21.071738871
20.740289555
20.266286091
19.682326671
18.794543337
17.769061932
16.79361843
16.096470536
15.640234197
15.328526234
15.018120109
14.704332582
14.426993795
13.98599449
13.43723283
12.973631189
12.595529891
12.417679749
12.264459541
12.132850563
12.014873006
11.882562932
11.776470403
16.357526641
16.609571532
16.555039874
16.383079008
15.992539844
15.344336997
14.465371272
13.193546105
12.133574461
11.86363892
11.926459858
11.833178981
11.705260679
11.651857657
13.303055632
16.382750341
16.397686626
16.174374888
15.623874947
14.123023733
16.330499176
16.41611475
16.273713096
15.959995381
15.327160209
13.915597577
12.346641566
11.751710201
11.645263049
11.58961808
11.54171854
11.505588099
11.46634374
11.431110946
11.401554798
11.382274346
16.910661599
21.583143194
21.617735456
21.648680596
21.674668687
21.68266061
21.68439752
21.690405013
21.68774844
21.669977724
21.639182117
21.641226296
21.653559438
21.638693001
21.605926582
21.522835363
21.376277645
21.645090014
21.718183429
21.731113565
21.744859967
21.753944904
21.766747398
21.769648431
21.774777078
21.773312857
21.777441899
21.776130504
21.769173725
21.761896925
21.736689497
21.688980354
21.605304221
21.782533653
21.810164811
21.823700614
21.825560125
21.812991173
21.815062954
21.821173491
21.820055237
21.807768149
21.802998877
21.798000641
21.798652037
21.808737819
21.819688969
21.81532515
21.811212426
21.810898721
21.80051784
21.807501224
21.808691346
21.811309042
21.811493203
21.807963538
21.802247103
21.800270524
21.806476085
21.807109309
21.799303546
21.798656717
21.792324621
21.790608632
21.789204574
21.775200338
21.772400089
21.755355884
21.74482505
21.746685689
21.744139681
21.73902849
21.73592164
21.738102498
21.730706457
21.714623721
21.709287658
21.703250037
21.698299688
21.688226548
21.680576518
21.671974829
21.630098673
21.611272059
21.58811268
21.556138107
21.551147887
21.571845123
21.698546851
21.705370897
21.716789205
21.717405108
21.720819839
21.72943972
21.72759405
21.73224091
21.739547135
21.740657613
21.737390606
21.744185727
21.749219766
21.756690768
21.757990981
21.761298093
21.756433739
21.760610483
21.753885496
21.759388447
21.754342451
21.748930174
21.752699308
21.742514491
21.742639565
21.76012709
21.76699558
21.765086457
21.760685448
21.755637901
21.764618868
27.026572257
27.019946584
27.025268558
27.0310553
27.037009278
27.03917673
27.048986013
27.043231392
27.040177694
27.028441286
27.032524127
27.037181844
27.038746043
27.038543294
27.036586567
27.037435716
27.037054911
27.033802829
27.024607676
27.018928214
27.014586897
27.018197839
27.009258964
27.005875296
27.002214326
26.996024856
26.995753357
26.989372735
26.985677609
26.977562349
26.969756935
26.977601882
26.986175155
26.986995368
26.987727594
26.97507773
26.96785616
26.978633985
26.974063609
26.968845868
26.96207411
26.964565049
26.964146639
26.963999882
26.964669632
26.957327363
26.944209694
26.942353411
26.93619935
26.926763253
26.931506614
26.934905853
26.924109368
26.920165786
26.906486797
26.90597837
26.900615611
26.890216161
26.876589931
26.873114831
26.872874394
26.86563078
26.855622246
26.858072687
26.854020604
26.852695862
26.854478542
26.871163526
26.867983368
26.967249092
26.975111008
26.99109669
26.991671387
26.998855087
27.003613056
27.004016025
27.006790272
27.007964139
27.011122027
27.008252567
27.008940964
27.00726191
27.01821256
27.009718604
27.003457704
26.990155936
26.964383749
26.939691387
26.977413723
26.980150423
26.976063117
26.969426207
26.952548967
26.993671132
27.019347074
27.029564356
27.042329872
27.049201548
27.047975759
27.044746798
27.024874804
26.969472487
26.973437681
27.029667419
27.045408507
27.051357009
27.055525504
27.058562512
27.05199208
27.04644372
27.006480083
26.875761971
26.987017055
27.044130588
27.051890854
27.044445613
26.992750656
26.767289009
26.535848763
26.795123478
27.056881666
27.071921764
27.075605143
27.085953741
27.087010083
27.091494866
27.08556041
27.090104521
27.097498061
27.090345386
27.098735188
27.104788917
27.103405029
27.103715575
27.100993713
27.096953472
27.090305893
27.084071063
27.099271119
27.096912413
27.10792809
27.115918706
27.124000337
27.126865399
27.136257504
27.145102697
27.141201375
27.137680672
27.14192615
27.150594891
27.149549075
27.148018974
27.150787768
27.144860924
27.144435042
27.138468519
27.134245566
27.134719015
27.114280274
27.099402115
27.130049689
27.126753197
27.130091071
27.125740698
27.122567649
27.130242223
27.137086838
27.145862873
27.140797772
27.148811275
27.155014146
27.152869486
27.137958466
27.117149776
27.145949833
27.151255924
27.150847702
27.13587439
27.06471118
26.868649063
26.582070988
26.225739027
25.831307699
25.266994601
24.527235043
23.742384888
22.975686526
22.622895846
21.999703544
21.422986954
20.909116823
20.498266353
20.18683442
19.901615259
19.662251002
19.464396562
19.302541107
19.158045248
18.982810731
18.791681636
18.622278077
18.47422422
18.329197907
18.17901216
18.011802085
17.84589459
17.692254134
17.557264509
17.433036798
17.310873354
17.217305812
17.126441086
17.056623167
17.016337555
17.002410234
16.973539753
16.926093453
16.87361908
16.815700817
16.765968069
16.736931535
16.716914148
16.680872676
16.649915063
16.621998818
16.614800904
16.609734936
16.604269765
16.596917462
16.604939011
16.628256031
16.628959632
16.615683628
16.595587058
16.581507745
16.59042812
17.820326129
19.826043831
21.40703115
21.428362555
21.35217996
21.427366665
21.501719338
21.531940508
21.53534742
21.478907476
21.316815553
21.012859427
20.5958915
20.037171343
19.237275827
18.517750419
17.927394636
17.469745079
17.137621203
21.44605789
21.605410684
21.372148121
20.928102983
20.254708682
19.304146824
18.175314986
17.310555956
21.456311964
21.586070329
21.580406543
21.615607624
21.610199173
21.551415802
21.388403782
21.101902749
20.73652714
20.282352191
19.656560943
18.725447237
17.794597117
17.251843922
16.964835362
16.811848497
16.731817194
16.684199064
16.671357615
20.649572539
21.214898015
21.018892896
20.693417658
20.285721233
19.969158017
19.106263083
18.384073867
17.764461696
17.291813736
16.968047307
16.775164528
16.690720933
16.664748492
20.242306464
22.684024871
26.054375632
26.5868306
26.570441526
26.558048069
26.732623334
26.783463064
26.802066641
26.810961016
26.812637891
26.824909094
26.840270801
26.422643026
26.879726068
26.902344527
26.908489494
26.925470451
26.927502263
26.921525716
26.914720338
26.915614285
26.91178094
26.905661623
26.901633019
26.895402777
26.888805179
26.879295123
26.875100194
26.86859614
26.866615627
26.865986867
26.861093043
26.859095219
26.848838627
26.904133072
26.949605499
26.966653548
26.966367908
26.96297207
26.961528122
26.963945409
26.97454737
26.970742921
26.962579672
26.961074764
26.955203434
26.946918879
26.934765078
26.929776049
26.925712912
26.916079009
26.903377458
26.888884501
26.879260848
26.866539874
26.848864268
26.83491649
26.837408316
26.828579934
26.789671073
26.774206245
26.771615734
26.766203765
26.756035346
26.855136531
26.926198664
26.926956277
26.934639338
21.616612171
21.628376689
21.632065878
21.634685336
21.633716553
21.632363925
21.626921251
21.624103687
21.628991853
21.63386741
21.62024136
21.615353709
21.611095982
21.620513593
21.620207789
21.611332118
21.653827154
21.664772751
21.660459069
21.659527406
21.654444351
21.66019335
21.67246482
21.672086401
21.67235397
21.681586881
21.680398082
21.687780034
21.688355799
21.688199733
21.688664821
21.686242804
21.684913124
21.680977873
21.668633342
21.666009819
21.669046085
21.679608228
21.683762379
21.690417187
21.682278113
21.681865108
21.682806798
21.685560242
21.683237088
21.683187929
21.682587869
21.688161455
21.685168927
21.678830621
21.671452886
21.656779875
21.650338138
21.647763261
21.651653381
21.643853413
21.633751178
21.61309596
21.612386769
21.593143454
21.576019261
21.544954001
21.521228072
21.490095063
21.457444387
21.409819089
21.33861047
21.333203372
21.598780715
21.578317247
21.567662714
21.545220016
21.54113025
21.593736524
21.59833536
21.600379821
21.619852825
21.664579129
21.692380528
21.695046082
21.688522725
21.693595489
21.704354009
21.713709764
21.713055735
21.716871887
21.711183175
21.713062672
21.703432624
21.6997245
21.718073471
21.722801933
21.721343401
21.718800724
21.705678116
21.706502906
21.715050696
21.716544329
21.698908678
21.610850649
21.462491633
21.373127619
21.696783459
21.705291558
21.701047184
21.711587936
21.712878469
21.703926229
21.700140108
21.699853087
21.70653908
21.703165011
21.724167007
21.734613709
21.744448693
21.741660288
21.734235268
21.730852435
21.714183941
21.676068718
21.564965258
21.346771722
21.028330033
20.704733253
20.233141844
19.195865369
18.276800116
17.527448879
20.580722794
20.397312525
20.149943482
19.829169752
20.134768247
20.167685586
20.160419818
20.696543901
21.50728716
21.544046056
21.568250176
21.570558451
21.5763559
21.579273862
21.620235206
21.658950664
21.689398041
21.69853069
21.714637345
21.720462159
21.723955204
21.728269735
21.721861664
21.710170123
21.640130272
21.535080079
21.385657466
21.190905969
21.399824601
21.070039804
20.540739402
19.835579562
18.932291617
17.520679339
16.486633226
15.663605767
14.990196719
14.406086185
13.848774768
13.327448643
12.862599661
12.440886517
13.507158051
16.968366592
16.948213961
20.178090814
20.192095853
20.164822653
20.117601552
20.098150703
20.088907692
20.028615513
19.946855544
19.785361474
19.607230594
19.344306386
18.946384894
18.489662509
17.864980144
17.178609836
16.69781013
16.569017472
16.098951948
17.341669892
18.592568988
18.509050829
18.391996001
18.186124825
17.851895139
17.421759657
16.464131079
14.982467617
13.641082949
12.73608563
12.311057729
12.112750148
11.994258717
11.904382156
11.825874378
11.758212372
11.70353245
15.765097101
16.691113049
17.610643294
17.820969256
17.901635027
17.866541803
17.688300075
17.366899831
17.764629303
17.96764179
18.059421864
18.031978235
17.820718641
17.404651478
16.832482445
16.172476923
15.298556471
14.219826374
13.08083481
12.226729794
11.939442118
11.711503953
11.573226609
11.487941572
11.430622335
11.388774916
11.349397326
11.321460265
11.301149808
11.283753516
11.278660617
11.469280461
11.581993635
15.07931664
16.200225061
20.409419771
21.546944702
21.583883476
21.594213136
21.604800542
21.610792522
21.596099194
21.568159539
21.614044369
21.67360429
21.69521961
21.699553207
21.699500663
21.692364596
21.693137802
21.675831184
21.634480306
21.558643385
21.443485988
21.25778969
21.035556352
21.491124833
21.613145589
21.632963549
21.643639033
21.647103979
21.649613117
21.633588706
21.578467993
21.490881424
21.333869794
21.086301263
20.828800231
20.464756617
20.120659952
19.883449391
19.563519016
19.201317913
18.898803336
18.618022266
18.299866573
17.75635436
17.11699269
16.800356738
16.47132053
16.138804441
15.98793844
15.921379812
15.794431854
15.744499177
15.494719449
15.280924223
15.085470721
14.938625342
14.854865483
19.489269578
21.321742288
21.340762537
21.385939661
21.389744018
21.406869922
21.438056367
21.462635288
21.480718805
21.499345428
21.511302272
21.527209903
21.536701326
21.541302412
21.550018005
21.555873577
21.541961126
21.541010832
21.536796812
21.525264408
21.528513977
21.501782048
21.478480937
21.453611847
21.440119173
21.428916456
21.426813947
21.449976916
21.454345809
21.477319126
21.557559092
21.560305114
21.57233306
21.572864867
21.581696478
21.580254742
21.568448879
21.567468317
21.573085729
21.569262661
21.569763132
21.567317528
21.565949634
21.565386996
21.560405181
21.554398906
21.554452303
21.552129408
21.568296453
21.585613014
21.579427743
21.584351017
21.584068592
21.582661914
21.588100415
21.582527082
21.579569598
21.577651861
21.584814578
21.571307073
21.564442919
21.559063653
21.557121549
21.55768232
21.550868057
21.604970306
21.605857108
