20090901
20201231
0.808127208
0.808127208
0.808127208
0.808127208
0.808127208
0.381782768
0.381782768
0.381782768
0.381782768
0.381782768
0.381782768
0.381782768
0.381782768
0.26728282
0.26728282
0.26728282
0.26728282
0.26728282
0.26728282
0.26728282
0.26728282
0.404281616
0.404281616
0.404281616
0.404281616
0.404281616
0.404281616
0.404281616
0.404281616
0.157840752
0.209606837
0.209606837
0.209606837
0.209606837
0.209606837
0.209606837
0.209606837
0.119858053
0.119858053
0.119858053
0.119858053
0.119858053
0.119858053
0.119858053
0.119858053
0.244695717
0.244695717
0.244695717
0.244695717
0.244695717
0.244695717
0.244695717
0.244695717
0.199879227
0.199879227
0.199879227
0.199879227
0.199879227
0.199879227
0.199879227
0.199879227
0.196842016
0.196842016
0.196842016
0.196842016
0.196842016
0.196842016
0.196842016
0.196842016
0.150463771
0.150463771
0.150463771
0.150463771
0.150463771
0.150463771
0.150463771
0.150463771
0.118866379
0.118866379
0.118866379
0.118866379
0.118866379
0.118866379
0.118866379
0.118866379
0.08664943
0.08664943
0.08664943
0.08664943
0.08664943
0.08664943
0.117945687
0.117945687
0.033251287
0.033251287
0.033251287
0.033251287
0.033251287
0.033251287
0.033251287
0.033251287
0.063731632
0.063731632
0.063731632
0.063731632
0.063731632
0.063731632
0.063731632
0.063731632
0.055659762
0.055659762
0.055659762
0.055659762
0.055659762
0.055659762
0.055659762
0.055659762
0.004337124
0.004337124
0.004337124
0.004337124
0.004337124
0.000482616
0.000482616
0.000482616
0.000482616
0.000482616
0.000482616
0.000482616
0.000482616
0.026736908
0.026736908
0.026736908
0.026736908
0.026736908
0.026736908
0.026736908
0.026736908
0.056272987
0.056272987
0.056272987
0.056272987
0.056272987
0.056272987
0.056272987
0.056272987
0.017084595
0.017084595
0.017084595
0.017084595
0.017084595
0.017084595
0.017084595
0.018343827
0.021038401
0.021038401
0.021038401
0.021038401
0.021038401
0.021038401
0.021038401
0.021038401
0.038242216
0.038242216
0.038242216
0.038242216
0.038242216
0.038242216
0.038242216
0.038242216
0.051196896
0.051196896
0.051196896
0.051196896
0.051196896
0.051196896
0.051196896
0.051196896
0.066120688
0.066120688
0.066120688
0.063330417
0.063330417
0.063330417
0.063330417
0.063330417
0.092414762
0.092414762
0.092414762
0.092414762
0.092414762
0.092414762
0.092414762
0.092414762
0.144329821
0.144329821
0.144329821
0.144329821
0.144329821
0.144329821
0.144329821
0.144329821
0.139168095
0.139168095
0.139168095
0.139168095
0.139168095
0.139168095
0.139168095
0.139168095
0.29084345
0.29084345
0.233353702
0.233353702
0.233353702
0.233353702
0.233353702
0.233353702
0.40649737
0.40649737
0.40649737
0.40649737
0.40649737
0.40649737
0.40649737
0.40649737
0.260910146
0.260910146
0.260910146
0.260910146
0.260910146
0.260910146
0.260910146
0.260910146
0.725546835
0.725546835
0.725546835
0.725546835
0.725546835
0.725546835
0.725546835
0.725546835
1.014602121
1.014602121
1.014602121
1.014602121
1.014602121
1.014602121
1.014602121
1.014602121
0.544926501
0.544926501
0.544926501
0.544926501
0.544926501
0.544926501
0.544926501
0.544926501
1.250541163
1.250541163
1.250541163
1.250541163
1.250541163
1.250541163
1.250541163
1.250541163
1.278897897
1.278897897
1.278897897
1.278897897
1.278897897
1.278897897
1.278897897
1.552045398
1.23319451
1.23319451
1.23319451
1.23319451
1.23319451
1.23319451
1.23319451
1.23319451
0.946306669
0.946306669
0.946306669
0.946306669
0.946306669
0.946306669
0.946306669
0.946306669
1.196999421
1.196999421
1.196999421
1.196999421
1.196999421
1.196999421
1.196999421
1.196999421
1.061908214
1.061908214
1.061908214
1.061908214
1.061908214
0.951455313
0.951455313
0.951455313
0.810657888
0.810657888
0.810657888
0.810657888
0.810657888
0.810657888
0.810657888
0.810657888
1.161104775
1.161104775
1.161104775
1.161104775
1.161104775
1.161104775
1.161104775
1.161104775
0.867136515
0.867136515
0.867136515
0.867136515
0.867136515
0.867136515
0.867136515
0.867136515
1.028190409
1.028190409
1.028190409
1.028190409
1.243988017
1.243988017
1.243988017
1.243988017
1.297832995
1.297832995
1.297832995
1.297832995
1.297832995
1.297832995
1.297832995
1.297832995
0.74622379
0.74622379
0.74622379
0.74622379
0.74622379
0.74622379
0.74622379
0.74622379
0.706141878
0.706141878
0.706141878
0.706141878
0.706141878
0.706141878
0.706141878
0.706141878
0.575875664
0.575875664
0.575875664
0.415967064
0.415967064
0.415967064
0.415967064
0.415967064
0.446139937
0.446139937
0.446139937
0.446139937
0.446139937
0.446139937
0.446139937
0.446139937
0.455819673
0.455819673
0.455819673
0.455819673
0.455819673
0.455819673
0.455819673
0.455819673
0.398874916
0.398874916
0.398874916
0.398874916
0.398874916
0.398874916
0.398874916
0.398874916
0.389892818
0.517763629
0.517763629
0.517763629
0.517763629
0.517763629
0.517763629
0.517763629
0.436005382
0.436005382
0.436005382
0.436005382
0.436005382
0.436005382
0.436005382
0.436005382
0.37451299
0.37451299
0.37451299
0.37451299
0.37451299
0.37451299
0.37451299
0.37451299
0.275036596
0.275036596
0.275036596
0.275036596
0.275036596
0.275036596
0.275036596
0.275036596
0.193301692
0.193301692
0.193301692
0.193301692
0.193301692
0.193301692
0.193301692
0.193301692
0.125681503
0.125681503
0.125681503
0.125681503
0.125681503
0.125681503
0.125681503
0.125681503
0.114263958
0.114263958
0.114263958
0.114263958
0.114263958
0.114263958
0.114263958
0.114263958
0.091517376
0.091517376
0.091517376
0.091517376
0.091517376
0.091517376
0.124571849
0.124571849
0.099031005
0.099031005
0.099031005
0.099031005
0.099031005
0.099031005
0.099031005
0.099031005
0.061081168
0.061081168
0.061081168
0.061081168
0.061081168
0.061081168
0.061081168
0.061081168
0.04819027
0.04819027
0.04819027
0.04819027
0.04819027
0.04819027
0.04819027
0.04819027
0.083489643
0.083489643
0.083489643
0.083489643
0.083489643
0.061388713
0.061388713
0.061388713
0.061388713
0.061388713
0.061388713
0.061388713
0.061388713
0.017084595
0.017084595
0.017084595
0.017084595
0.017084595
0.017084595
0.017084595
0.017084595
0.077121984
0.077121984
0.077121984
0.077121984
0.077121984
0.077121984
0.077121984
0.077121984
0.112739021
0.112739021
0.112739021
0.112739021
0.112739021
0.112739021
0.112739021
0.121048532
0
0
0
0
0
0
0
0
0.124883117
0.124883117
0.124883117
0.124883117
0.124883117
0.124883117
0.124883117
0.124883117
0.23815884
0.23815884
0.23815884
0.23815884
0.23815884
0.23815884
0.23815884
0.23815884
0.191314717
0.191314717
0.191314717
0.1832413
0.1832413
0.1832413
0.1832413
0.1832413
0.204880847
0.204880847
0.204880847
0.204880847
0.204880847
0.204880847
0.204880847
0.204880847
0.267417152
0.267417152
0.267417152
0.267417152
0.267417152
0.267417152
0.267417152
0.267417152
0.272082559
0.272082559
0.272082559
0.272082559
0.272082559
0.272082559
0.272082559
0.272082559
0.303847031
0.303847031
0.243786922
0.243786922
0.243786922
0.243786922
0.243786922
0.243786922
0.388896289
0.388896289
0.388896289
0.388896289
0.388896289
0.388896289
0.388896289
0.388896289
0.399409152
0.399409152
0.399409152
0.399409152
0.399409152
0.399409152
0.399409152
0.399409152
0.353216269
0.353216269
0.353216269
0.353216269
0.353216269
0.353216269
0.353216269
0.353216269
0.651654274
0.651654274
0.651654274
0.651654274
0.651654274
0.651654274
0.651654274
0.651654274
0.954493185
0.954493185
0.954493185
0.954493185
0.954493185
0.954493185
0.954493185
0.954493185
0.836936626
0.836936626
0.836936626
0.836936626
0.836936626
0.836936626
0.836936626
0.836936626
1.036167922
1.036167922
1.036167922
1.036167922
1.036167922
1.036167922
1.036167922
1.257473062
1.438448504
1.438448504
1.438448504
1.438448504
1.438448504
1.438448504
1.438448504
1.438448504
0.987624755
0.987624755
0.987624755
0.987624755
0.987624755
0.987624755
0.987624755
0.987624755
1.127616221
1.127616221
1.127616221
1.127616221
1.127616221
1.127616221
1.127616221
1.127616221
0.650732008
0.650732008
0.650732008
0.650732008
0.650732008
0.583047026
0.583047026
0.583047026
0.54003945
0.54003945
0.54003945
0.54003945
0.54003945
0.54003945
0.54003945
0.54003945
0.533453603
0.533453603
0.533453603
0.533453603
0.533453603
0.533453603
0.533453603
0.533453603
0.49643316
0.49643316
0.49643316
0.49643316
0.49643316
0.49643316
0.49643316
0.49643316
0.513596277
0.513596277
0.513596277
0.513596277
0.621390365
0.621390365
0.621390365
0.621390365
0.481828045
0.481828045
0.481828045
0.481828045
0.481828045
0.481828045
0.481828045
0.481828045
0.570322146
0.570322146
0.570322146
0.570322146
0.570322146
0.570322146
0.570322146
0.570322146
0.653745644
0.653745644
0.653745644
0.653745644
0.653745644
0.653745644
0.653745644
0.653745644
0.611732073
0.611732073
0.611732073
0.4418669
0.4418669
0.4418669
0.4418669
0.4418669
0.500555754
0.500555754
0.500555754
0.500555754
0.500555754
0.500555754
0.500555754
0.500555754
0.396869205
0.396869205
0.396869205
0.396869205
0.396869205
0.396869205
0.396869205
0.396869205
0.360068764
0.360068764
0.360068764
0.360068764
0.360068764
0.360068764
0.360068764
0.360068764
0.329634277
0.437742456
0.437742456
0.437742456
0.437742456
0.437742456
0.437742456
0.437742456
0.260792595
0.260792595
0.260792595
0.260792595
0.260792595
0.260792595
0.260792595
0.260792595
0.407054162
0.407054162
0.407054162
0.407054162
0.407054162
0.407054162
0.407054162
0.407054162
0.370459819
0.370459819
0.370459819
0.370459819
0.370459819
0.370459819
0.370459819
0.370459819
0.173121845
0.173121845
0.173121845
0.173121845
0.173121845
0.173121845
0.173121845
0.173121845
0.167722851
0.167722851
0.167722851
0.167722851
0.167722851
0.167722851
0.167722851
0.167722851
0.098686532
0.098686532
0.098686532
0.098686532
0.098686532
0.098686532
0.098686532
0.098686532
0.065584503
0.065584503
0.065584503
0.065584503
0.065584503
0.065584503
0.089272476
0.089272476
0.0490336
0.0490336
0.0490336
0.0490336
0.0490336
0.0490336
0.0490336
0.0490336
0.048672173
0.048672173
0.048672173
0.048672173
0.048672173
0.048672173
0.048672173
0.048672173
0.060237838
0.060237838
0.060237838
0.060237838
0.060237838
0.060237838
0.060237838
0.060237838
0.080598227
0.080598227
0.080598227
0.080598227
0.080598227
0.075191521
0.075191521
0.075191521
0.075191521
0.075191521
0.075191521
0.075191521
0.075191521
0.053377293
0.053377293
0.053377293
0.053377293
0.053377293
0.053377293
0.053377293
0.053377293
0.059458251
0.059458251
0.059458251
0.059458251
0.059458251
0.059458251
0.059458251
0.059458251
0.08378208
0.08378208
0.08378208
0.08378208
0.08378208
0.08378208
0.08378208
0.089957299
0.077935356
0.077935356
0.077935356
0.077935356
0.077935356
0.077935356
0.077935356
0.077935356
0.088610012
0.088610012
0.088610012
0.088610012
0.088610012
0.088610012
0.088610012
0.088610012
0.132137738
0.132137738
0.132137738
0.132137738
0.132137738
0.132137738
0.132137738
0.132137738
0.231526044
0.231526044
0.231526044
0.231526044
0.221755723
0.221755723
0.221755723
0.221755723
0.144528349
0.144528349
0.144528349
0.144528349
0.144528349
0.144528349
0.144528349
0.144528349
0.243792325
0.243792325
0.243792325
0.243792325
0.243792325
0.243792325
0.243792325
0.243792325
0.541782782
0.541782782
0.541782782
0.541782782
0.541782782
0.541782782
0.541782782
0.541782782
0.802350719
0.802350719
0.802350719
0.643753575
0.643753575
0.643753575
0.643753575
0.643753575
0.471565621
0.471565621
0.471565621
0.471565621
0.471565621
0.471565621
0.471565621
0.471565621
0.80088902
0.80088902
0.80088902
0.80088902
0.80088902
0.80088902
0.80088902
0.80088902
1.211288893
1.211288893
1.211288893
1.211288893
1.211288893
1.211288893
1.211288893
1.211288893
0.778429722
0.896953792
0.896953792
0.896953792
0.896953792
0.896953792
0.896953792
0.896953792
0.71754468
0.71754468
0.71754468
0.71754468
0.71754468
0.71754468
0.71754468
0.71754468
0.920813828
0.920813828
0.920813828
0.920813828
0.920813828
0.920813828
0.920813828
0.920813828
0.901266952
0.901266952
0.901266952
0.901266952
0.901266952
0.901266952
0.901266952
0.901266952
0.915902795
0.915902795
0.915902795
0.915902795
0.915902795
0.915902795
0.915902795
0.915902795
1.042084442
1.042084442
1.042084442
1.042084442
1.042084442
1.042084442
1.042084442
1.042084442
1.025713125
1.025713125
1.025713125
1.025713125
1.025713125
1.025713125
1.025713125
1.025713125
0.904654475
0.904654475
0.904654475
0.904654475
0.904654475
0.904654475
0.810558103
0.810558103
0.860949811
0.860949811
0.860949811
0.860949811
0.860949811
0.860949811
0.860949811
0.860949811
0.547024439
0.547024439
0.547024439
0.547024439
0.547024439
0.547024439
0.547024439
0.547024439
0.51778727
0.51778727
0.51778727
0.51778727
0.51778727
0.51778727
0.51778727
0.51778727
0.420196993
0.420196993
0.420196993
0.420196993
0.420196993
0.508388348
0.508388348
0.508388348
0.493176538
0.493176538
0.493176538
0.493176538
0.493176538
0.493176538
0.493176538
0.493176538
0.448869123
0.448869123
0.448869123
0.448869123
0.448869123
0.448869123
0.448869123
0.448869123
0.457803043
0.457803043
0.457803043
0.457803043
0.457803043
0.457803043
0.457803043
0.457803043
0.544848401
0.544848401
0.544848401
0.544848401
0.393555421
0.393555421
0.393555421
0.393555421
0.389369589
0.389369589
0.389369589
0.389369589
0.389369589
0.389369589
0.389369589
0.389369589
0.188100829
0.188100829
0.188100829
0.188100829
0.188100829
0.188100829
0.188100829
0.188100829
0.296583644
0.296583644
0.296583644
0.296583644
0.296583644
0.296583644
0.296583644
0.296583644
0.181037238
0.181037238
0.240410936
0.240410936
0.240410936
0.240410936
0.240410936
0.240410936
0.229293667
0.229293667
0.229293667
0.229293667
0.229293667
0.229293667
0.229293667
0.229293667
0.37428138
0.37428138
0.37428138
0.37428138
0.37428138
0.37428138
0.37428138
0.37428138
0.216902545
0.216902545
0.216902545
0.216902545
0.216902545
0.216902545
0.216902545
0.216902545
0.210764886
0.161084743
0.161084743
0.161084743
0.161084743
0.161084743
0.161084743
0.161084743
0.089304673
0.089304673
0.089304673
0.089304673
0.089304673
0.089304673
0.089304673
0.089304673
0.107271818
0.107271818
0.107271818
0.107271818
0.107271818
0.107271818
0.107271818
0.107271818
0.101872824
0.101872824
0.101872824
0.101872824
0.101872824
0.101872824
0.101872824
0.138667503
0.09445293
0.09445293
0.09445293
0.09445293
0.09445293
0.09445293
0.09445293
0.09445293
0.057225946
0.057225946
0.057225946
0.057225946
0.057225946
0.057225946
0.057225946
0.057225946
0.055057384
0.055057384
0.055057384
0.055057384
0.055057384
0.055057384
0.055057384
0.055057384
0.003855222
0.003855222
0.003855222
0.003855222
0.003855222
0.003855222
0.023648168
0.023648168
0.023648168
0.023648168
0.023648168
0.023648168
0.023648168
0.023648168
0.018049826
0.018049826
0.018049826
0.018049826
0.018049826
0.018049826
0.018049826
0.018049826
0.044207595
0.044207595
0.044207595
0.044207595
0.044207595
0.044207595
0.044207595
0.044207595
0.046234581
0.046234581
0.046234581
0.046234581
0.046234581
0.046234581
0.046234581
0.049642334
0.105917465
0.105917465
0.105917465
0.105917465
0.105917465
0.105917465
0.105917465
0.105917465
0.041454977
0.041454977
0.041454977
0.041454977
0.041454977
0.041454977
0.041454977
0.041454977
0.057622417
0.057622417
0.057622417
0.057622417
0.057622417
0.057622417
0.057622417
0.057622417
0.100010131
0.100010131
0.100010131
0.095789737
0.095789737
0.095789737
0.095789737
0.095789737
0.083481004
0.083481004
0.083481004
0.083481004
0.083481004
0.083481004
0.083481004
0.083481004
0.204086735
0.204086735
0.204086735
0.204086735
0.204086735
0.204086735
0.204086735
0.204086735
0.141748958
0.141748958
0.141748958
0.141748958
0.141748958
0.141748958
0.141748958
0.141748958
0.168053912
0.168053912
0.134835433
0.134835433
0.134835433
0.134835433
0.134835433
0.134835433
0.271423009
0.271423009
0.271423009
0.271423009
0.271423009
0.271423009
0.271423009
0.271423009
0.225946912
0.225946912
0.225946912
0.225946912
0.225946912
0.225946912
0.225946912
0.225946912
0.262741933
0.262741933
0.262741933
0.262741933
0.262741933
0.262741933
0.262741933
0.262741933
0.475273551
0.475273551
0.475273551
0.475273551
0.475273551
0.475273551
0.475273551
0.475273551
0.693501106
0.693501106
0.693501106
0.693501106
0.693501106
0.693501106
0.693501106
0.693501106
0.615038297
0.615038297
0.615038297
0.615038297
0.615038297
0.615038297
0.615038297
0.615038297
0.686801942
0.686801942
0.686801942
0.686801942
0.686801942
0.686801942
0.686801942
0.833489363
1.408712847
1.408712847
1.408712847
1.408712847
1.408712847
1.408712847
1.408712847
1.408712847
1.501595013
1.501595013
1.501595013
1.501595013
1.501595013
1.501595013
1.501595013
1.501595013
1.534449016
1.534449016
1.534449016
1.534449016
1.534449016
1.534449016
1.534449016
1.534449016
1.151226555
1.151226555
1.151226555
1.151226555
1.151226555
1.031483332
1.031483332
1.031483332
1.10053494
1.10053494
1.10053494
1.10053494
1.10053494
1.10053494
1.10053494
1.10053494
0.694307926
0.694307926
0.694307926
0.694307926
0.694307926
0.694307926
0.694307926
0.694307926
0.873822148
0.873822148
0.873822148
0.873822148
0.873822148
0.873822148
0.873822148
0.873822148
1.016315927
1.016315927
1.016315927
1.016315927
1.229621307
1.229621307
1.229621307
1.229621307
0.968002321
0.968002321
0.968002321
0.968002321
0.968002321
0.968002321
0.968002321
0.968002321
1.09512959
1.09512959
1.09512959
1.09512959
1.09512959
1.09512959
1.09512959
1.09512959
0.925626565
0.925626565
0.925626565
0.925626565
0.925626565
0.925626565
0.925626565
0.925626565
0.779544898
0.779544898
0.779544898
0.563081621
0.563081621
0.563081621
0.563081621
0.563081621
0.48424845
0.48424845
0.48424845
0.48424845
0.48424845
0.48424845
0.48424845
0.48424845
0.395125108
0.395125108
0.395125108
0.395125108
0.395125108
0.395125108
0.395125108
0.395125108
0.329634277
0.329634277
0.329634277
0.329634277
0.329634277
0.329634277
0.329634277
0.329634277
0.325448445
0.432183821
0.432183821
0.432183821
0.432183821
0.432183821
0.432183821
0.432183821
0.372428502
0.372428502
0.372428502
0.372428502
0.372428502
0.372428502
0.372428502
0.372428502
0.256623619
0.256623619
0.256623619
0.256623619
0.256623619
0.256623619
0.256623619
0.256623619
0.18760391
0.18760391
0.18760391
0.18760391
0.18760391
0.18760391
0.18760391
0.18760391
0.108687947
0.108687947
0.108687947
0.108687947
0.108687947
0.108687947
0.108687947
0.108687947
0.097978467
0.097978467
0.097978467
0.097978467
0.097978467
0.097978467
0.097978467
0.097978467
0.042749413
0.042749413
0.042749413
0.042749413
0.042749413
0.042749413
0.042749413
0.042749413
0.035757273
0.035757273
0.035757273
0.035757273
0.035757273
0.035757273
0.048672173
0.048672173
0.007349016
0.007349016
0.007349016
0.007349016
0.007349016
0.007349016
0.007349016
0.007349016
0.040600303
0.040600303
0.040600303
0.040600303
0.040600303
0.040600303
0.040600303
0.040600303
0.0356608
0.0356608
0.0356608
0.0356608
0.0356608
0.0356608
0.0356608
0.0356608
0.033010335
0.033010335
0.033010335
0.033010335
0.033010335
0.023069029
0.023069029
0.023069029
0.023069029
0.023069029
0.023069029
0.023069029
0.023069029
0.045848489
0.045848489
0.045848489
0.045848489
0.045848489
0.045848489
0.045848489
0.045848489
0.040829286
0.040829286
0.040829286
0.040829286
0.040829286
0.040829286
0.040829286
0.040829286
0
0
0
0
0
0
0
0
0
0
0
0
0
0
0
0
0.036998567
0.036998567
0.036998567
0.036998567
0.036998567
0.036998567
0.036998567
0.036998567
0.098248294
0.098248294
0.098248294
0.098248294
0.098248294
0.098248294
0.098248294
0.098248294
0.025805723
0.025805723
0.025805723
0.02471673
0.02471673
0.02471673
0.02471673
0.02471673
0.087451563
0.087451563
0.087451563
0.087451563
0.087451563
0.087451563
0.087451563
0.087451563
0.11484842
0.11484842
0.11484842
0.11484842
0.11484842
0.11484842
0.11484842
0.11484842
0.117429284
0.117429284
0.117429284
0.117429284
0.117429284
0.117429284
0.117429284
0.117429284
0.230490953
0.230490953
0.184930818
0.184930818
0.184930818
0.184930818
0.184930818
0.184930818
0.216230478
0.216230478
0.216230478
0.216230478
0.216230478
0.216230478
0.216230478
0.216230478
0.222203696
0.222203696
0.222203696
0.222203696
0.222203696
0.222203696
0.222203696
0.222203696
0.441460604
0.441460604
0.441460604
0.441460604
0.441460604
0.441460604
0.441460604
0.441460604
0.582184864
0.582184864
0.582184864
0.582184864
0.582184864
0.582184864
0.582184864
0.582184864
0.537126105
0.537126105
0.537126105
0.537126105
0.537126105
0.537126105
0.537126105
0.537126105
0.722133148
0.722133148
0.722133148
0.722133148
0.722133148
0.722133148
0.722133148
0.722133148
0.655875665
0.655875665
0.655875665
0.655875665
0.655875665
0.655875665
0.655875665
0.79595784
0.672894539
0.672894539
0.672894539
0.672894539
0.672894539
0.672894539
0.672894539
0.672894539
1.002771008
1.002771008
1.002771008
1.002771008
1.002771008
1.002771008
1.002771008
1.002771008
1.158576943
1.158576943
1.158576943
1.158576943
1.158576943
1.158576943
1.158576943
1.158576943
1.00678031
1.00678031
1.00678031
1.00678031
1.00678031
0.902061461
0.902061461
0.902061461
0.963529366
0.963529366
0.963529366
0.963529366
0.963529366
0.963529366
0.963529366
0.963529366
0.644914073
0.644914073
0.644914073
0.644914073
0.644914073
0.644914073
0.644914073
0.644914073
0.586140379
0.586140379
0.586140379
0.586140379
0.586140379
0.586140379
0.586140379
0.586140379
0.500524368
0.500524368
0.500524368
0.500524368
0.605574912
0.605574912
0.605574912
0.605574912
0.709884466
0.709884466
0.709884466
0.709884466
0.709884466
0.709884466
0.709884466
0.709884466
0.59591662
0.59591662
0.59591662
0.59591662
0.59591662
0.59591662
0.59591662
0.59591662
0.558007824
0.558007824
0.558007824
0.558007824
0.558007824
0.558007824
0.558007824
0.558007824
0.416634574
0.416634574
0.416634574
0.300943886
0.300943886
0.300943886
0.300943886
0.300943886
0.163334656
0.163334656
0.163334656
0.163334656
0.163334656
0.163334656
0.163334656
0.163334656
0.212082159
0.212082159
0.212082159
0.212082159
0.212082159
0.212082159
0.212082159
0.212082159
0.247225708
0.247225708
0.247225708
0.247225708
0.247225708
0.247225708
0.247225708
0.247225708
0.196995723
0.261603229
0.261603229
0.261603229
0.261603229
0.261603229
0.261603229
0.261603229
0.19235191
0.19235191
0.19235191
0.19235191
0.19235191
0.19235191
0.19235191
0.19235191
0.198489568
0.198489568
0.198489568
0.198489568
0.198489568
0.198489568
0.198489568
0.198489568
0.20231113
0.20231113
0.20231113
0.20231113
0.20231113
0.20231113
0.20231113
0.20231113
0.085764349
0.085764349
0.085764349
0.085764349
0.085764349
0.085764349
0.085764349
0.085764349
0.043191953
0.043191953
0.043191953
0.043191953
0.043191953
0.043191953
0.043191953
0.043191953
0.034164127
0.034164127
0.034164127
0.034164127
0.034164127
0.034164127
0.034164127
0.034164127
0.052927844
0.052927844
0.052927844
0.052927844
0.052927844
0.052927844
0.072044454
0.072044454
0.023010854
0.023010854
0.023010854
0.023010854
0.023010854
0.023010854
0.023010854
0.023010854
0.016023265
0.016023265
0.016023265
0.016023265
0.016023265
0.016023265
0.016023265
0.016023265
0.015300411
0.015300411
0.015300411
0.015300411
0.015300411
0.015300411
0.015300411
0.015300411
0.011565665
0.011565665
0.011565665
0.011565665
0.011565665
0.003571356
0.003571356
0.003571356
0.003571356
0.003571356
0.003571356
0.003571356
0.003571356
0.003185263
0.003185263
0.003185263
0.003185263
0.003185263
0.003185263
0.003185263
0.003185263
0.035134421
0.035134421
0.035134421
0.035134421
0.035134421
0.035134421
0.035134421
0.035134421
0.044497165
0.044497165
0.044497165
0.044497165
0.044497165
0.044497165
0.044497165
0.04777686
0.028603934
0.028603934
0.028603934
0.028603934
0.028603934
0.028603934
0.028603934
0.028603934
0.075448057
0.075448057
0.075448057
0.075448057
0.075448057
0.075448057
0.075448057
0.075448057
0.01741109
0.01741109
0.01741109
0.01741109
0.01741109
0.01741109
0.01741109
0.01741109
0.005907334
0.005907334
0.005907334
0.005658047
0.005658047
0.005658047
0.005658047
0.005658047
0.06839288
0.06839288
0.06839288
0.06839288
0.06839288
0.06839288
0.06839288
0.06839288
0.116138852
0.116138852
0.116138852
0.116138852
0.116138852
0.116138852
0.116138852
0.116138852
0.222450571
0.222450571
0.222450571
0.222450571
0.222450571
0.222450571
0.222450571
0.222450571
0.265332608
0.265332608
0.212885476
0.212885476
0.212885476
0.212885476
0.212885476
0.212885476
0.395427007
0.395427007
0.395427007
0.395427007
0.395427007
0.395427007
0.395427007
0.395427007
0.417886305
0.417886305
0.417886305
0.417886305
0.417886305
0.417886305
0.417886305
0.417886305
0.591826403
0.591826403
0.591826403
0.591826403
0.591826403
0.591826403
0.591826403
0.591826403
0.829962154
0.829962154
0.829962154
0.829962154
0.829962154
0.829962154
0.829962154
0.829962154
0.684048861
0.684048861
0.684048861
0.684048861
0.684048861
0.684048861
0.684048861
0.684048861
0.69285872
0.69285872
0.69285872
0.69285872
0.69285872
0.69285872
0.69285872
0.69285872
0.822069989
0.822069989
0.822069989
0.822069989
0.822069989
0.822069989
0.822069989
0.99764801
1.586235835
1.586235835
1.586235835
1.586235835
1.586235835
1.586235835
1.586235835
1.586235835
1.081175138
1.081175138
1.081175138
1.081175138
1.081175138
1.081175138
1.081175138
1.081175138
1.256247997
1.256247997
1.256247997
1.256247997
1.256247997
1.256247997
1.256247997
1.256247997
1.073267903
1.073267903
1.073267903
1.073267903
1.073267903
0.96163344
0.96163344
0.96163344
0.892482047
0.892482047
0.892482047
0.892482047
0.892482047
0.892482047
0.892482047
0.892482047
1.272665031
1.272665031
1.272665031
1.272665031
1.272665031
1.272665031
1.272665031
1.272665031
1.035275184
1.035275184
1.035275184
1.035275184
1.035275184
1.035275184
1.035275184
1.035275184
1.114105776
1.114105776
1.114105776
1.114105776
1.347935385
1.347935385
1.347935385
1.347935385
1.340208751
1.340208751
1.340208751
1.340208751
1.340208751
1.340208751
1.340208751
1.340208751
1.048769789
1.048769789
1.048769789
1.048769789
1.048769789
1.048769789
1.048769789
1.048769789
1.165997308
1.165997308
1.165997308
1.165997308
1.165997308
1.165997308
1.165997308
1.165997308
0.624287853
0.624287853
0.624287853
0.450936203
0.450936203
0.450936203
0.450936203
0.450936203
0.412042846
0.412042846
0.412042846
0.412042846
0.412042846
0.412042846
0.412042846
0.412042846
0.301031091
0.301031091
0.301031091
0.301031091
0.301031091
0.301031091
0.301031091
0.301031091
0.428175741
0.428175741
0.428175741
0.428175741
0.428175741
0.428175741
0.428175741
0.428175741
0.301467115
0.400337479
0.400337479
0.400337479
0.400337479
0.400337479
0.400337479
0.400337479
0.291828304
0.291828304
0.291828304
0.291828304
0.291828304
0.291828304
0.291828304
0.291828304
0.250022741
0.250022741
0.250022741
0.250022741
0.250022741
0.250022741
0.250022741
0.250022741
0.175328592
0.175328592
0.175328592
0.175328592
0.175328592
0.175328592
0.175328592
0.175328592
0.094792176
0.094792176
0.094792176
0.094792176
0.094792176
0.094792176
0.094792176
0.094792176
0.09550024
0.09550024
0.09550024
0.09550024
0.09550024
0.09550024
0.09550024
0.09550024
0.058415346
0.058415346
0.058415346
0.058415346
0.058415346
0.058415346
0.058415346
0.058415346
0.011948594
0.011948594
0.011948594
0.011948594
0.011948594
0.011948594
0.016264216
0.016264216
0.075417773
0.075417773
0.075417773
0.075417773
0.075417773
0.075417773
0.075417773
0.075417773
0.041202681
0.041202681
0.041202681
0.041202681
0.041202681
0.041202681
0.041202681
0.041202681
0.04987693
0.04987693
0.04987693
0.04987693
0.04987693
0.04987693
0.04987693
0.04987693
0.012408995
0.012408995
0.012408995
0.012408995
0.012408995
0.015636748
0.015636748
0.015636748
0.015636748
0.015636748
0.015636748
0.015636748
0.015636748
0.025385584
0.025385584
0.025385584
0.025385584
0.025385584
0.025385584
0.025385584
0.025385584
0.015443701
0.015443701
0.015443701
0.015443701
0.015443701
0.015443701
0.015443701
0.015443701
0.058686066
0.058686066
0.058686066
0.058686066
0.058686066
0.058686066
0.058686066
0.063011564
0.055238756
0.055238756
0.055238756
0.055238756
0.055238756
0.055238756
0.055238756
0.055238756
0.076898981
0.076898981
0.076898981
0.076898981
0.076898981
0.076898981
0.076898981
0.076898981
0.100010131
0.100010131
0.100010131
0.100010131
0.100010131
0.100010131
0.100010131
0.100010131
0.140428733
0.140428733
0.140428733
0.140428733
0.134502688
0.134502688
0.134502688
0.134502688
0.127157153
0.127157153
0.127157153
0.127157153
0.127157153
0.127157153
0.127157153
0.127157153
0.204781583
0.204781583
0.204781583
0.204781583
0.204781583
0.204781583
0.204781583
0.204781583
0.309405814
0.309405814
0.309405814
0.309405814
0.309405814
0.309405814
0.309405814
0.309405814
0.291935354
0.291935354
0.291935354
0.234229774
0.234229774
0.234229774
0.234229774
0.234229774
0.300413025
0.300413025
0.300413025
0.300413025
0.300413025
0.300413025
0.300413025
0.300413025
0.300731597
0.300731597
0.300731597
0.300731597
0.300731597
0.300731597
0.300731597
0.300731597
0.529625297
0.529625297
0.529625297
0.529625297
0.529625297
0.529625297
0.529625297
0.529625297
0.812437241
0.936139312
0.936139312
0.936139312
0.936139312
0.936139312
0.936139312
0.936139312
1.091321311
1.091321311
1.091321311
1.091321311
1.091321311
1.091321311
1.091321311
1.091321311
0.654132047
0.654132047
0.654132047
0.654132047
0.654132047
0.654132047
0.654132047
0.654132047
1.147117086
1.147117086
1.147117086
1.147117086
1.147117086
1.147117086
1.147117086
1.147117086
1.331979259
1.331979259
1.331979259
1.331979259
1.331979259
1.331979259
1.331979259
1.331979259
1.286317763
1.286317763
1.286317763
1.286317763
1.286317763
1.286317763
1.286317763
1.286317763
1.22651234
1.22651234
1.22651234
1.22651234
1.22651234
1.22651234
1.22651234
1.22651234
1.689475365
1.689475365
1.689475365
1.689475365
1.689475365
1.689475365
1.513746943
1.513746943
0.898568967
0.898568967
0.898568967
0.898568967
0.898568967
0.898568967
0.898568967
0.898568967
1.444296194
1.444296194
1.444296194
1.444296194
1.444296194
1.444296194
1.444296194
1.444296194
1.208003988
1.208003988
1.208003988
1.208003988
1.208003988
1.208003988
1.208003988
1.208003988
0.89826961
0.89826961
0.89826961
0.89826961
0.89826961
1.086799314
1.086799314
1.086799314
0.835442263
0.835442263
0.835442263
0.835442263
0.835442263
0.835442263
0.835442263
0.835442263
0.825783971
0.825783971
0.825783971
0.825783971
0.825783971
0.825783971
0.825783971
0.825783971
0.857777063
0.857777063
0.857777063
0.857777063
0.857777063
0.857777063
0.857777063
0.857777063
0.521064856
0.521064856
0.521064856
0.521064856
0.376376069
0.376376069
0.376376069
0.376376069
0.359894355
0.359894355
0.359894355
0.359894355
0.359894355
0.359894355
0.359894355
0.359894355
0.370010116
0.370010116
0.370010116
0.370010116
0.370010116
0.370010116
0.370010116
0.370010116
0.298938175
0.298938175
0.298938175
0.298938175
0.298938175
0.298938175
0.298938175
0.298938175
0.391288095
0.391288095
0.519616507
0.519616507
0.519616507
0.519616507
0.519616507
0.519616507
0.386093478
0.386093478
0.386093478
0.386093478
0.386093478
0.386093478
0.386093478
0.386093478
0.394084015
0.394084015
0.394084015
0.394084015
0.394084015
0.394084015
0.394084015
0.394084015
0.291480889
0.291480889
0.291480889
0.291480889
0.291480889
0.291480889
0.291480889
0.291480889
0.230335911
0.176042612
0.176042612
0.176042612
0.176042612
0.176042612
0.176042612
0.176042612
0.118777871
0.118777871
0.118777871
0.118777871
0.118777871
0.118777871
0.118777871
0.118777871
0.14816256
0.14816256
0.14816256
0.14816256
0.14816256
0.14816256
0.14816256
0.14816256
0.070717972
0.070717972
0.070717972
0.070717972
0.070717972
0.070717972
0.070717972
0.096260065
0.024697514
0.024697514
0.024697514
0.024697514
0.024697514
0.024697514
0.024697514
0.024697514
0.001325232
0.001325232
0.001325232
0.001325232
0.001325232
0.001325232
0.001325232
0.001325232
0.02144467
0.02144467
0.02144467
0.02144467
0.02144467
0.02144467
0.02144467
0.02144467
0.078911568
0.078911568
0.078911568
0.078911568
0.078911568
0.078911568
0.012451484
0.012451484
0.012451484
0.012451484
0.012451484
0.012451484
0.012451484
0.012451484
0.024516876
0.024516876
0.024516876
0.024516876
0.024516876
0.024516876
0.024516876
0.024516876
0.046331104
0.046331104
0.046331104
0.046331104
0.046331104
0.046331104
0.046331104
0.046331104
0.061485236
0.061485236
0.061485236
0.061485236
0.061485236
0.061485236
0.061485236
0.06601705
0.061871552
0.061871552
0.061871552
0.061871552
0.061871552
0.061871552
0.061871552
0.061871552
0.102808342
0.102808342
0.102808342
0.102808342
0.102808342
0.102808342
0.102808342
0.102808342
0.138252347
0.138252347
0.138252347
0.138252347
0.138252347
0.138252347
0.138252347
0.138252347
0.155456162
0.155456162
0.155456162
0.148895964
0.148895964
0.148895964
0.148895964
0.148895964
0.193862545
0.193862545
0.193862545
0.193862545
0.193862545
0.193862545
0.193862545
0.193862545
0.234262984
0.234262984
0.234262984
0.234262984
0.234262984
0.234262984
0.234262984
0.234262984
0.248259204
0.248259204
0.248259204
0.248259204
0.248259204
0.248259204
0.248259204
0.248259204
0.311986677
0.311986677
0.25031764
0.25031764
0.25031764
0.25031764
0.25031764
0.25031764
0.399488795
0.399488795
0.399488795
0.399488795
0.399488795
0.399488795
0.399488795
0.399488795
0.507006712
0.507006712
0.507006712
0.507006712
0.507006712
0.507006712
0.507006712
0.507006712
0.715272901
0.715272901
0.715272901
0.715272901
0.715272901
0.715272901
0.715272901
0.715272901
0.997624788
0.997624788
0.997624788
0.997624788
0.997624788
0.997624788
0.997624788
0.997624788
1.021301284
1.021301284
1.021301284
1.021301284
1.021301284
1.021301284
1.021301284
1.021301284
1.239712378
1.239712378
1.239712378
1.239712378
1.239712378
1.239712378
1.239712378
1.239712378
1.327076815
1.327076815
1.327076815
1.327076815
1.327076815
1.327076815
1.327076815
1.610514387
1.119152138
1.119152138
1.119152138
1.119152138
1.119152138
1.119152138
1.119152138
1.119152138
1.368619826
1.368619826
1.368619826
1.368619826
1.368619826
1.368619826
1.368619826
1.368619826
1.226735079
1.226735079
1.226735079
1.226735079
1.226735079
1.226735079
1.226735079
1.226735079
1.141091931
1.141091931
1.141091931
1.141091931
1.141091931
1.022402846
1.022402846
1.022402846
0.900864034
0.900864034
0.900864034
0.900864034
0.900864034
0.900864034
0.900864034
0.900864034
1.052138943
1.052138943
1.052138943
1.052138943
1.052138943
1.052138943
1.052138943
1.052138943
0.683331514
0.683331514
0.683331514
0.683331514
0.683331514
0.683331514
0.683331514
0.683331514
0.654693058
0.654693058
0.654693058
0.654693058
0.792100677
0.792100677
0.792100677
0.792100677
0.801396783
0.801396783
0.801396783
0.801396783
0.801396783
0.801396783
0.801396783
0.801396783
1.107323184
1.107323184
1.107323184
1.107323184
1.107323184
1.107323184
1.107323184
1.107323184
0.939993274
0.939993274
0.939993274
0.939993274
0.939993274
0.939993274
0.939993274
0.939993274
1.13726389
1.13726389
1.13726389
0.821469547
0.821469547
0.821469547
0.821469547
0.821469547
0.76182144
0.76182144
0.76182144
0.76182144
0.76182144
0.76182144
0.76182144
0.76182144
0.528461301
0.528461301
0.528461301
0.528461301
0.528461301
0.528461301
0.528461301
0.528461301
0.363469753
0.363469753
0.363469753
0.363469753
0.363469753
0.363469753
0.363469753
0.363469753
0.30137991
0.400221674
0.400221674
0.400221674
0.400221674
0.400221674
0.400221674
0.400221674
0.479316408
0.479316408
0.479316408
0.479316408
0.479316408
0.479316408
0.479316408
0.479316408
0.311862548
0.311862548
0.311862548
0.311862548
0.311862548
0.311862548
0.311862548
0.311862548
0.247706643
0.247706643
0.247706643
0.247706643
0.247706643
0.247706643
0.247706643
0.247706643
0.130991989
0.130991989
0.130991989
0.130991989
0.130991989
0.130991989
0.130991989
0.130991989
0.055229055
0.055229055
0.055229055
0.055229055
0.055229055
0.055229055
0.055229055
0.055229055
0.059123411
0.059123411
0.059123411
0.059123411
0.059123411
0.059123411
0.059123411
0.059123411
0.080365355
0.080365355
0.080365355
0.080365355
0.080365355
0.080365355
0.109391914
0.109391914
0.106620973
0.106620973
0.106620973
0.106620973
0.106620973
0.106620973
0.106620973
0.106620973
0.074453968
0.074453968
0.074453968
0.074453968
0.074453968
0.074453968
0.074453968
0.074453968
0.034576519
0.034576519
0.034576519
0.034576519
0.034576519
0.034576519
0.034576519
0.034576519
0.006264735
0.006264735
0.006264735
0.006264735
0.006264735
0.006756619
0.006756619
0.006756619
0.006756619
0.006756619
0.006756619
0.006756619
0.006756619
0.017953303
0.017953303
0.017953303
0.017953303
0.017953303
0.017953303
0.017953303
0.017953303
0.029536079
0.029536079
0.029536079
0.029536079
0.029536079
0.029536079
0.029536079
0.029536079
0.052894677
0.052894677
0.052894677
0.052894677
0.052894677
0.052894677
0.052894677
0.056793318
0.027671197
0.027671197
0.027671197
0.027671197
0.027671197
0.027671197
0.027671197
0.027671197
0.041662251
0.041662251
0.041662251
0.041662251
0.041662251
0.041662251
0.041662251
0.041662251
0.021763863
0.021763863
0.021763863
0.021763863
0.021763863
0.021763863
0.021763863
0.021763863
0.081355391
0.081355391
0.081355391
0.077922221
0.077922221
0.077922221
0.077922221
0.077922221
0.111274917
0.111274917
0.111274917
0.111274917
0.111274917
0.111274917
0.111274917
0.111274917
0.163487769
0.163487769
0.163487769
0.163487769
0.163487769
0.163487769
0.163487769
0.163487769
0.129440225
0.129440225
0.129440225
0.129440225
0.129440225
0.129440225
0.129440225
0.129440225
0.149987868
0.149987868
0.120340425
0.120340425
0.120340425
0.120340425
0.120340425
0.120340425
0.238849062
0.238849062
0.238849062
0.238849062
0.238849062
0.238849062
0.238849062
0.238849062
0.246813352
0.246813352
0.246813352
0.246813352
0.246813352
0.246813352
0.246813352
0.246813352
0.416850948
0.416850948
0.416850948
0.416850948
0.416850948
0.416850948
0.416850948
0.416850948
0.652663737
0.652663737
0.652663737
0.652663737
0.652663737
0.652663737
0.652663737
0.652663737
1.252651858
1.252651858
1.252651858
1.252651858
1.252651858
1.252651858
1.252651858
1.252651858
1.196580775
1.196580775
1.196580775
1.196580775
1.196580775
1.196580775
1.196580775
1.196580775
1.563566473
1.563566473
1.563566473
1.563566473
1.563566473
1.563566473
1.563566473
1.897513597
1.207245416
1.207245416
1.207245416
1.207245416
1.207245416
1.207245416
1.207245416
1.207245416
1.764204301
1.764204301
1.764204301
1.764204301
1.764204301
1.764204301
1.764204301
1.764204301
1.374522409
1.374522409
1.374522409
1.374522409
1.374522409
1.374522409
1.374522409
1.374522409
1.546254184
1.546254184
1.546254184
1.546254184
1.546254184
1.385422713
1.385422713
1.385422713
0.888091483
0.888091483
0.888091483
0.888091483
0.888091483
0.888091483
0.888091483
0.888091483
0.81804202
0.81804202
0.81804202
0.81804202
0.81804202
0.81804202
0.81804202
0.81804202
0.745098776
0.745098776
0.745098776
0.745098776
0.745098776
0.745098776
0.745098776
0.745098776
0.730729655
0.730729655
0.730729655
0.730729655
0.884095909
0.884095909
0.884095909
0.884095909
1.088730972
1.088730972
1.088730972
1.088730972
1.088730972
1.088730972
1.088730972
1.088730972
0.808761231
0.808761231
0.808761231
0.808761231
0.808761231
0.808761231
0.808761231
0.808761231
0.904136865
0.904136865
0.904136865
0.904136865
0.904136865
0.904136865
0.904136865
0.904136865
0.67825356
0.67825356
0.67825356
0.489916764
0.489916764
0.489916764
0.489916764
0.489916764
0.270596604
0.270596604
0.270596604
0.270596604
0.270596604
0.270596604
0.270596604
0.270596604
0.428437355
0.428437355
0.428437355
0.428437355
0.428437355
0.428437355
0.428437355
0.428437355
0.271294242
0.271294242
0.271294242
0.271294242
0.271294242
0.271294242
0.271294242
0.271294242
0.340622086
0.452333871
0.452333871
0.452333871
0.452333871
0.452333871
0.452333871
0.452333871
0.287311913
0.287311913
0.287311913
0.287311913
0.287311913
0.287311913
0.287311913
0.287311913
0.228830448
0.228830448
0.228830448
0.228830448
0.228830448
0.228830448
0.228830448
0.228830448
0.223040204
0.223040204
0.223040204
0.223040204
0.223040204
0.223040204
0.223040204
0.223040204
0.113113353
0.113113353
0.113113353
0.113113353
0.113113353
0.113113353
0.113113353
0.113113353
0.04239538
0.04239538
0.04239538
0.04239538
0.04239538
0.04239538
0.04239538
0.04239538
0.059300427
0.059300427
0.059300427
0.059300427
0.059300427
0.059300427
0.059300427
0.059300427
0.072045594
0.072045594
0.072045594
0.072045594
0.072045594
0.072045594
0.0980672
0.0980672
0.025420368
0.025420368
0.025420368
0.025420368
0.025420368
0.025420368
0.025420368
0.025420368
0.056503092
0.056503092
0.056503092
0.056503092
0.056503092
0.056503092
0.056503092
0.056503092
0.068912087
0.068912087
0.068912087
0.068912087
0.068912087
0.068912087
0.068912087
0.068912087
0.026625124
0.026625124
0.026625124
0.026625124
0.026625124
0.02248989
0.02248989
0.02248989
0.02248989
0.02248989
0.02248989
0.02248989
0.02248989
0.030115218
0.030115218
0.030115218
0.030115218
0.030115218
0.030115218
0.030115218
0.030115218
0.04864766
0.04864766
0.04864766
0.04864766
0.04864766
0.04864766
0.04864766
0.04864766
0.025482107
0.025482107
0.025482107
0.025482107
0.025482107
0.025482107
0.025482107
0.027360285
0.059487891
0.059487891
0.059487891
0.059487891
0.059487891
0.059487891
0.059487891
0.059487891
0.071820747
0.071820747
0.071820747
0.071820747
0.071820747
0.071820747
0.071820747
0.071820747
0.048502323
0.048502323
0.048502323
0.048502323
0.048502323
0.048502323
0.048502323
0.048502323
0.019587476
0.019587476
0.019587476
0.018760891
0.018760891
0.018760891
0.018760891
0.018760891
0.056084147
0.056084147
0.056084147
0.056084147
0.056084147
0.056084147
0.056084147
0.056084147
0.177086933
0.177086933
0.177086933
0.177086933
0.177086933
0.177086933
0.177086933
0.177086933
0.175796502
0.175796502
0.175796502
0.175796502
0.175796502
0.175796502
0.175796502
0.175796502
0.19872648
0.19872648
0.159445089
0.159445089
0.159445089
0.159445089
0.159445089
0.159445089
0.212885476
0.212885476
0.212885476
0.212885476
0.212885476
0.212885476
0.212885476
0.212885476
0.473397408
0.473397408
0.473397408
0.473397408
0.473397408
0.473397408
0.473397408
0.473397408
0.642320003
0.642320003
0.642320003
0.642320003
0.642320003
0.642320003
0.642320003
0.642320003
0.675973157
0.675973157
0.675973157
0.675973157
0.675973157
0.675973157
0.675973157
0.675973157
0.868138211
0.868138211
0.868138211
0.868138211
0.868138211
0.868138211
0.868138211
0.868138211
0.876672762
0.876672762
0.876672762
0.876672762
0.876672762
0.876672762
0.876672762
0.876672762
0.755537198
0.755537198
0.755537198
0.755537198
0.755537198
0.755537198
0.755537198
0.91690512
1.278521898
1.278521898
1.278521898
1.278521898
1.278521898
1.278521898
1.278521898
1.278521898
1.312378227
1.312378227
1.312378227
1.312378227
1.312378227
1.312378227
1.312378227
1.312378227
1.527209998
1.527209998
1.527209998
1.527209998
1.527209998
1.527209998
1.527209998
1.527209998
1.66586503
1.66586503
1.66586503
1.66586503
1.66586503
1.492592404
1.492592404
1.492592404
1.380732792
1.380732792
1.380732792
1.380732792
1.380732792
1.380732792
1.380732792
1.380732792
1.314774537
1.314774537
1.314774537
1.314774537
1.314774537
1.314774537
1.314774537
1.314774537
0.864841447
0.864841447
0.864841447
0.864841447
0.864841447
0.864841447
0.864841447
0.864841447
0.699097632
0.699097632
0.699097632
0.699097632
0.845824927
0.845824927
0.845824927
0.845824927
0.72835595
0.72835595
0.72835595
0.72835595
0.72835595
0.72835595
0.72835595
0.72835595
0.702037104
0.702037104
0.702037104
0.702037104
0.702037104
0.702037104
0.702037104
0.702037104
0.728718136
0.728718136
0.728718136
0.728718136
0.728718136
0.728718136
0.728718136
0.728718136
0.598934836
0.598934836
0.598934836
0.432623187
0.432623187
0.432623187
0.432623187
0.432623187
0.562558392
0.562558392
0.562558392
0.562558392
0.562558392
0.562558392
0.562558392
0.562558392
0.529071735
0.529071735
0.529071735
0.529071735
0.529071735
0.529071735
0.529071735
0.529071735
0.461051964
0.461051964
0.461051964
0.461051964
0.461051964
0.461051964
0.461051964
0.461051964
0.319518516
0.424309089
0.424309089
0.424309089
0.424309089
0.424309089
0.424309089
0.424309089
0.437047626
0.437047626
0.437047626
0.437047626
0.437047626
0.437047626
0.437047626
0.437047626
0.3344445
0.3344445
0.3344445
0.3344445
0.3344445
0.3344445
0.3344445
0.3344445
0.067977466
0.067977466
0.067977466
0.067977466
0.067977466
0.067977466
0.067977466
0.067977466
0.073107691
0.073107691
0.073107691
0.073107691
0.073107691
0.073107691
0.073107691
0.073107691
0.043457477
0.043457477
0.043457477
0.043457477
0.043457477
0.043457477
0.043457477
0.043457477
0.041864332
0.041864332
0.041864332
0.041864332
0.041864332
0.041864332
0.041864332
0.041864332
0.036022797
0.036022797
0.036022797
0.036022797
0.036022797
0.036022797
0.0490336
0.0490336
0.046142184
0.046142184
0.046142184
0.046142184
0.046142184
0.046142184
0.046142184
0.046142184
0.019998962
0.019998962
0.019998962
0.019998962
0.019998962
0.019998962
0.019998962
0.019998962
0.054936908
0.054936908
0.054936908
0.054936908
0.054936908
0.054936908
0.054936908
0.054936908
0.028311784
0.028311784
0.028311784
0.028311784
0.028311784
0.030308264
0.030308264
0.030308264
0.030308264
0.030308264
0.030308264
0.030308264
0.030308264
0.054052955
0.054052955
0.054052955
0.054052955
0.054052955
0.054052955
0.054052955
0.054052955
0.021235089
0.021235089
0.021235089
0.021235089
0.021235089
0.021235089
0.021235089
0.021235089
0.034362236
0.034362236
0.034362236
0.034362236
0.034362236
0.034362236
0.034362236
0.036894929
0.054202382
0.054202382
0.054202382
0.054202382
0.054202382
0.054202382
0.054202382
0.054202382
0.02632391
0.02632391
0.02632391
0.02632391
0.02632391
0.02632391
0.02632391
0.02632391
0.047051398
0.047051398
0.047051398
0.047051398
0.047051398
0.047051398
0.047051398
0.047051398
0.096486458
0.096486458
0.096486458
0.096486458
0.092414762
0.092414762
0.092414762
0.092414762
0.171528151
0.171528151
0.171528151
0.171528151
0.171528151
0.171528151
0.171528151
0.171528151
0.086359659
0.086359659
0.086359659
0.086359659
0.086359659
0.086359659
0.086359659
0.086359659
0.204682319
0.204682319
0.204682319
0.204682319
0.204682319
0.204682319
0.204682319
0.204682319
0.230788745
0.230788745
0.230788745
0.185169747
0.185169747
0.185169747
0.185169747
0.185169747
0.33760626
0.33760626
0.33760626
0.33760626
0.33760626
0.33760626
0.33760626
0.33760626
0.287271947
0.287271947
0.287271947
0.287271947
0.287271947
0.287271947
0.287271947
0.287271947
0.680309667
0.680309667
0.680309667
0.680309667
0.680309667
0.680309667
0.680309667
0.680309667
0.796986518
0.918336055
0.918336055
0.918336055
0.918336055
0.918336055
0.918336055
0.918336055
0.601639969
0.601639969
0.601639969
0.601639969
0.601639969
0.601639969
0.601639969
0.601639969
1.10022294
1.10022294
1.10022294
1.10022294
1.10022294
1.10022294
1.10022294
1.10022294
0.836661318
0.836661318
0.836661318
0.836661318
0.836661318
0.836661318
0.836661318
0.836661318
1.236312856
1.236312856
1.236312856
1.236312856
1.236312856
1.236312856
1.236312856
1.236312856
1.436889331
1.436889331
1.436889331
1.436889331
1.436889331
1.436889331
1.436889331
1.436889331
1.055337413
1.055337413
1.055337413
1.055337413
1.055337413
1.055337413
1.055337413
1.055337413
1.52921465
1.52921465
1.52921465
1.52921465
1.52921465
1.52921465
1.370155523
1.370155523
1.341616852
1.341616852
1.341616852
1.341616852
1.341616852
1.341616852
1.341616852
1.341616852
1.141047877
1.141047877
1.141047877
1.141047877
1.141047877
1.141047877
1.141047877
1.141047877
1.103728078
1.103728078
1.103728078
1.103728078
1.103728078
1.103728078
1.103728078
1.103728078
0.986978973
0.986978973
0.986978973
0.986978973
0.986978973
1.194127084
1.194127084
1.194127084
1.512488536
1.512488536
1.512488536
1.512488536
1.512488536
1.512488536
1.512488536
1.512488536
1.237951584
1.237951584
1.237951584
1.237951584
1.237951584
1.237951584
1.237951584
1.237951584
0.942407847
0.942407847
0.942407847
0.942407847
0.942407847
0.942407847
0.942407847
0.942407847
0.882043522
0.882043522
0.882043522
0.882043522
0.637118526
0.637118526
0.637118526
0.637118526
0.554535547
0.554535547
0.554535547
0.554535547
0.554535547
0.554535547
0.554535547
0.554535547
0.593428903
0.593428903
0.593428903
0.593428903
0.593428903
0.593428903
0.593428903
0.593428903
0.372277441
0.372277441
0.372277441
0.372277441
0.372277441
0.372277441
0.372277441
0.372277441
0.438117092
0.438117092
0.581803729
0.581803729
0.581803729
0.581803729
0.581803729
0.581803729
0.436352797
0.436352797
0.436352797
0.436352797
0.436352797
0.436352797
0.436352797
0.436352797
0.275499815
0.275499815
0.275499815
0.275499815
0.275499815
0.275499815
0.275499815
0.275499815
0.065661368
0.065661368
0.065661368
0.065661368
0.065661368
0.065661368
0.065661368
0.065661368
0.174402153
0.133293199
0.133293199
0.133293199
0.133293199
0.133293199
0.133293199
0.133293199
0.085498825
0.085498825
0.085498825
0.085498825
0.085498825
0.085498825
0.085498825
0.085498825
0.073904264
0.073904264
0.073904264
0.073904264
0.073904264
0.073904264
0.073904264
0.073904264
0.046909293
0.046909293
0.046909293
0.046909293
0.046909293
0.046909293
0.046909293
0.063852108
0.042527914
0.042527914
0.042527914
0.042527914
0.042527914
0.042527914
0.042527914
0.042527914
0.031323676
0.031323676
0.031323676
0.031323676
0.031323676
0.031323676
0.031323676
0.031323676
0.048551697
0.048551697
0.048551697
0.048551697
0.048551697
0.048551697
0.048551697
0.048551697
0.04096173
0.04096173
0.04096173
0.04096173
0.04096173
0.04096173
