20090901
20201231
22.360572582
23.607438875
22.520032415
23.203853667
23.595171878
24.43973475
24.886343708
25.44189371
25.926772543
24.503030128
23.924319002
23.10963725
22.521318128
21.31090325
22.117460918
22.3022775
21.91764421
22.60955521
22.83496796
23.27329171
23.991938415
22.065765375
20.797240332
19.849547292
19.861376792
21.305951832
21.869480085
21.099279418
19.852491165
20.889328125
22.390817668
19.942774418
19.135503125
18.720548583
18.47073629
19.075764373
17.611956333
19.27129304
16.465054752
15.720323918
15.141673208
16.432447543
17.402608375
17.32208746
16.727681665
16.468509875
16.109928747
15.805106125
17.701544332
18.91819529
18.767399332
17.329116335
15.79267475
15.548256
16.831000792
15.669539165
15.478421832
15.669404832
16.839310665
15.208571125
14.769216958
14.995052042
15.250025668
15.580953875
15.566993665
16.027174792
16.60935138
17.615243335
17.82841675
17.954227875
17.113435502
16.955992457
16.864680168
17.641991082
17.597492833
16.73186775
14.132589582
13.015824
12.190101418
12.881082128
14.702523415
15.222835918
14.162004418
13.861710085
13.075888792
12.04629429
11.566879
12.029437375
13.503371542
13.066919165
11.244377167
10.495156168
10.090107166
8.518586313
7.167850021
7.316513833
8.743465562
7.748154604
8.049568166
5.513667334
4.4260385
5.041012854
7.653297979
10.22989077
9.433542876
6.231917604
6.393834062
7.603518583
7.953322833
7.650314896
7.250512146
8.492219771
10.662316872
11.515073332
6.900308229
5.589477833
5.012244688
5.087316271
5.141392479
5.705849854
6.808987042
6.565002146
5.633073333
5.288477521
5.251828083
4.720579
5.123605896
5.534446646
3.374700625
1.943132959
1.592787042
2.072572125
4.107462
4.997449896
6.020312625
8.943080334
10.131954292
10.044500626
10.097500083
10.957980062
11.353653542
11.337073125
11.25469221
11.823021602
12.821454832
10.604422208
9.717098562
9.087701188
12.145474562
6.966256666
4.327894646
4.222054563
4.021361479
3.887416134
4.547216575
5.861759042
6.9496495
9.303936646
7.234386688
7.697621354
7.114854729
5.538610688
5.640258792
6.06204975
7.458433458
9.249654688
6.450250521
6.335312187
6.937513729
8.072660708
9.759690166
10.693993542
10.556551125
9.737259125
6.822449042
7.638756084
8.029104792
8.612968125
7.162779312
10.16319702
10.207739106
8.841311208
9.245602771
10.332388062
11.664032102
13.993703875
14.563768832
14.506579832
13.035987958
14.723899292
13.69537529
13.439925832
12.993392168
13.740179042
12.61505448
12.89892775
13.00128996
12.236895375
13.15668404
14.395624895
7.555509791
7.049166771
10.600929082
13.09793052
14.459477418
13.296513042
13.032469832
12.649529085
12.757013375
14.072685458
16.079674042
18.18737154
18.904638625
17.949949207
16.321571417
18.778106333
19.705614375
20.367839168
16.053952625
14.908676898
15.663147708
17.828489
19.166625957
19.54829346
19.041044
19.181493625
19.132570542
18.304429
15.561101082
14.612702625
15.188185042
15.617164458
17.660562043
18.335394915
19.142387792
18.140398207
17.583550667
15.790670835
15.351889335
16.490203958
19.560146707
19.655096208
17.451539957
18.271562542
16.85596804
18.181736895
19.863821542
20.7935095
20.391333542
18.39992875
17.178747332
18.615200375
19.842137375
21.173858
17.852566957
16.58907371
17.962740832
19.317378625
19.27032529
19.501640835
20.478832668
20.692192832
20.873958167
22.538709668
23.410462375
23.660069792
23.201372043
23.484086457
23.949262708
24.233382125
24.366489918
24.928312415
24.554829542
26.04365046
26.409545375
25.805931207
26.352217542
26.941941167
27.195746585
26.621831417
28.210079878
27.292973625
26.493984042
27.565384125
28.098697958
28.464164793
25.061618872
24.282401125
26.5404495
27.35522446
27.914934667
28.198792833
28.378057793
28.283160125
28.869010418
28.773387208
28.90638225
28.485028667
29.029618208
27.890352292
26.266115707
26.919993707
26.758802747
26.464338
26.503266832
25.494141372
25.7652135
26.828275
27.306849458
26.921609
26.250271875
25.519669835
25.930736915
27.274379582
26.035444793
27.542911585
28.115070875
28.249468747
28.437117
28.61813504
28.405214333
28.383001418
28.54180029
28.396106835
28.295993457
28.765714917
28.700721753
28.407631372
28.091231083
27.029982917
27.643910165
28.117183418
28.220985083
28.559176583
29.41360104
29.25157029
29.242168
29.394650417
29.307081418
29.170937958
29.755116207
29.8503755
29.887411083
29.96896996
30.212118832
30.57467196
31.012504165
31.260097458
30.689991293
30.460529918
30.117952043
30.1957225
30.352242167
31.843031543
31.504332793
31.578276583
31.57563721
27.343681253
26.305381835
26.124008168
26.356316168
26.653771
27.997767335
29.173668625
29.78745629
27.983533628
28.067865
24.735728958
23.779305373
24.93926046
27.4234895
26.241545918
24.262854167
25.496311875
28.078150665
27.46990729
25.88516479
26.31091429
26.902459503
27.37112421
27.281751378
26.73636825
26.715367833
26.488130127
26.095115003
26.136382335
26.22759425
25.958402585
25.784652125
24.599448332
22.464193625
20.47701054
21.076875292
21.035659083
21.060188875
20.531702375
20.21257929
18.62334575
17.45922152
17.750866542
18.677122625
19.622623875
19.605494708
19.751922375
20.36114775
19.530073332
19.479946665
19.28493571
17.553239625
18.452450667
18.47508275
18.357053042
19.133652167
19.97592229
18.988367458
18.889699793
18.776077625
19.053825625
18.7172735
18.122148083
17.588556875
16.213099165
14.498368104
13.894238207
14.9589625
15.958679645
15.393592332
15.429833125
15.363803625
14.02540996
12.300557541
12.51485573
13.715549043
15.405260272
16.528649542
16.351846207
17.47402
16.022009103
13.232037667
12.424597332
13.24044002
12.72328098
12.56203073
11.480870957
12.157688564
14.54750721
17.007435458
17.679481165
14.680752228
17.821962
11.329925521
9.644134623
10.428260772
11.785257563
13.428098272
9.526651458
9.314537521
10.232708667
11.838988646
12.155854458
9.564010479
8.734178478
9.590704293
10.570180772
10.748765605
11.170737938
11.501167685
7.618149479
7.633263103
9.107565895
11.37151675
10.562146668
10.396876061
9.968417731
10.571357542
13.411303293
12.803329042
10.759352354
10.189228458
10.201905999
7.541462
6.18610975
7.659813271
9.05002425
12.504601418
14.591021582
11.304041437
6.829675562
6.079862833
8.542792604
8.962040209
8.39535902
9.80673873
10.918102105
8.805762332
7.480589062
6.648961792
4.084040396
3.960609646
5.324820542
6.846666604
8.558666062
9.244365022
10.091190895
9.358358
8.778423188
5.216679208
5.347391521
8.10756375
7.1847265
7.333115858
9.302196105
8.338937668
9.133185895
12.338176878
12.480292375
9.747846062
10.250290312
4.653833667
3.980941333
3.66910605
3.496487229
4.501531979
7.187504042
7.290613375
6.809300792
2.732955708
2.892179688
5.246943979
8.163657916
9.777098084
10.680561478
11.23775861
12.65488835
14.895586118
16.763109668
16.412926235
18.224792292
14.414322438
13.430276062
15.257416508
16.26197602
10.890268019
12.977070145
15.882994358
13.71691027
14.084379895
14.948958102
15.85778381
15.963690792
11.894737729
13.002151582
13.938980625
14.888691833
13.8320705
14.628858875
16.036892273
16.117034385
16.541243542
12.983342188
14.554156458
15.910395358
18.518487432
19.10770725
19.14673566
20.156691117
21.196681875
20.390242165
20.086760418
19.268218875
19.598415692
17.517189835
14.14818279
15.084029875
14.026082958
14.273696855
16.583136625
17.8270554
19.1801129
21.947188082
18.6886815
19.205480122
20.60418215
22.30145614
23.344328675
24.22757415
24.25772065
23.51135971
22.076382735
22.67963209
23.779640835
19.588274707
21.528597877
22.604445415
24.301339818
25.377864657
21.610324793
21.0903645
24.087261632
21.438790375
18.07038175
20.220717668
20.099539293
18.024431917
20.169374833
21.038771875
21.973879668
16.988487418
15.771810418
17.883144875
19.82190475
20.931158543
21.740576457
24.384797665
25.906078583
26.899602417
25.803865292
23.607024627
23.76023071
22.217202417
21.427376083
21.629818793
22.35615196
22.87012029
23.878929707
24.677094002
22.343662542
24.127660168
25.83397354
25.64957846
24.698920665
23.648291415
23.498572752
25.04727925
26.020266383
26.897136975
27.851326375
28.270182625
27.458010817
27.54624455
28.047563742
28.167851015
28.443264508
29.044043908
29.82318735
30.16434546
30.442795843
30.128226
30.359937958
30.6897389
31.712246715
31.6336768
31.181310917
30.459326685
31.653954507
32.43779556
32.254329625
32.459831693
31.862857042
31.619131532
31.99068136
33.056370892
33.63096194
34.16967491
34.55411829
33.784355325
32.09138295
30.56401525
30.462989
30.323477
30.57363625
30.55439375
30.62655475
30.91038975
31.237521
34.60776229
38.494347065
37.312076242
36.515588667
35.98559525
32.55874275
33.051441125
33.273528665
34.312721208
34.553059408
35.05854734
35.376308407
35.795396175
35.717208058
35.849539225
36.161544458
36.769672167
35.464027365
35.598205542
37.201449525
37.468009825
36.692235815
37.058046658
37.823336457
38.082915958
38.429431975
38.752447743
38.937548332
39.358734665
39.446332635
37.488185392
38.74431455
38.642047983
37.489620542
30.30247946
30.462141497
29.8304875
30.837663417
30.978150625
31.50224996
31.339865917
32.1534615
32.11622775
32.394553542
31.349897543
32.73414125
33.44276696
33.866864793
33.51568275
33.152630042
33.782506208
34.105119503
33.34883575
33.060081207
34.156260335
34.293242085
33.53626554
33.801318753
30.2753895
28.946705583
28.43755
27.510140293
28.847090625
28.21530225
28.805358457
29.57638596
30.08527275
32.25809875
31.118296
24.9544475
22.318863292
25.139750335
26.164220248
25.489629503
25.302938625
26.074400793
22.297139125
22.243459748
24.36063129
24.987181875
24.996803957
26.133708332
27.006907835
27.783926625
26.420207833
25.025834665
25.056931875
25.676901833
26.19205025
25.040772247
27.255377168
26.704249252
25.034588418
21.591005582
21.54024779
21.667997875
22.6989715
21.196704498
20.77239229
21.222177542
21.727331
21.50216754
18.851338043
17.461850417
16.998349168
17.725710915
19.13284125
19.705733792
19.572890042
20.627838335
20.216373997
16.106945625
15.702453125
14.843619708
15.70248504
15.718971695
17.228375747
16.735545332
13.9803435
13.214702208
14.232358335
17.139970707
18.856405168
17.65595725
15.10047775
14.537286125
14.376589458
15.198209415
16.622909628
17.256491435
17.36057025
14.796920915
13.090633085
13.820776125
16.643655293
14.209912208
12.933618375
13.185991292
13.362317
13.278264
14.859830335
14.214262042
10.609264042
9.919765292
10.339992377
10.369375248
11.626810082
11.000343248
12.485278458
11.06742179
8.668240251
7.217009271
6.928468229
7.9255735
7.989012042
7.999760958
8.148245292
9.66520596
10.979469415
13.686897878
11.894336625
10.261579501
9.671233687
10.719697
12.188147085
11.270531375
10.241469126
9.525272001
8.304456667
7.931795771
8.616114396
10.360748668
9.705848668
9.479988354
10.249204958
11.416177042
11.228658915
10.902140002
9.667571708
9.373347542
10.194673335
10.2783475
11.076677582
11.255436208
11.722326582
10.741062792
10.681438542
9.668467209
6.90971075
7.561900854
8.725782979
9.409068105
13.01744125
10.3653425
8.817216042
10.036941585
10.436607418
8.925959729
11.027294793
11.506809792
11.357119082
10.986658585
10.811801208
10.904241708
10.22365575
9.7877585
11.169677042
13.42470075
12.083312872
11.910297708
14.156277165
11.251349484
9.793545258
9.846272312
11.065631542
9.269736041
8.198118668
8.769844104
5.666118
5.418781833
6.066076854
7.505931666
11.093729
11.25987575
12.075117458
11.281869249
11.252777876
10.876946312
11.018604668
12.358495332
13.508816292
12.17746998
12.048943981
13.444482668
14.002304998
14.721363458
14.754318458
14.93577123
15.236814792
14.22599825
14.354390958
15.74066077
16.255242043
17.098489668
12.753724918
11.887615168
11.819500186
12.767923478
15.616026957
17.557576378
19.198391095
20.37829225
20.570345125
20.557704542
19.990726128
18.18926954
17.588006
17.050510375
16.13960179
16.65677571
17.737400708
18.69572275
19.35074279
20.025655957
20.207651155
20.888414085
21.153732085
21.615796872
22.45132579
22.894236542
20.036402293
19.392991915
18.54193896
18.694841832
19.021418043
18.582778918
19.671918
20.647624628
20.742659165
20.264758835
20.728138573
21.518606417
21.121505125
19.932984
20.28627621
21.354378085
22.706712872
20.236302082
19.052692832
18.707279835
18.847434917
20.773825207
23.743405662
24.540583918
26.756251643
24.832286875
24.426342292
24.988387335
25.193328918
26.051320875
27.732329375
26.935151625
27.952652625
28.241843
24.808773708
24.471442208
25.114480418
25.8538305
22.347666155
21.661831925
22.895964043
22.711534125
22.31151078
24.218774265
25.489629045
26.3934205
27.044182502
23.730892082
23.911964748
24.498847122
26.23612121
27.346897247
28.288274958
28.086746625
27.785535625
28.73727125
28.253504793
26.996855082
25.974067417
24.1763455
25.19280675
27.33318071
28.123664332
27.98276571
25.45843996
24.653564125
25.374993
26.44022746
27.616660458
28.255420375
27.10201975
25.575619083
27.060364375
27.506826708
27.950785
28.188405915
28.42267496
28.514358207
28.293356667
27.240049375
28.419205292
29.347695292
29.765213375
30.227438832
28.18807679
28.355368242
27.889832275
28.00374701
28.108983133
30.347543542
30.27474571
28.400688433
28.65808111
28.8215627
28.91204224
30.973958208
30.06681175
28.621367042
27.696636457
28.576155168
28.964313042
30.34270975
30.85611879
30.655845375
31.181377582
31.967659873
33.001543668
31.251960175
31.521887535
33.997002665
33.84484775
34.11052625
34.246138082
34.7853785
34.414095457
34.42491775
32.52502624
32.861886242
33.35214619
33.85663724
34.56921581
35.331208107
35.534534917
35.688168665
37.032585835
34.907196018
34.8845955
34.012055792
35.03955875
34.295360708
33.554188918
32.724289285
34.453423872
32.364818708
34.365871668
31.037816378
29.07339399
26.55203375
26.5023655
27.541771793
28.287219708
28.38115996
27.620747207
28.387585878
29.857956085
28.25677875
28.441478293
28.548113165
27.591219625
28.190578
29.63041254
30.28145625
30.7650505
31.17226571
31.228765542
31.235721248
31.197911002
30.58950925
27.611163835
27.162216
27.88524729
28.027755417
29.474375667
25.825162335
22.960969748
23.844062335
24.917509958
26.539572957
26.95650425
26.546951125
28.213923585
29.231655293
29.38775975
28.967429783
29.2131935
30.763107207
27.510737543
25.005577292
25.041231375
24.514187335
23.791764875
22.855007042
22.555293818
22.73656175
21.539150043
19.685034875
16.334358292
16.494155083
16.743212083
18.816216418
18.774698625
20.765368292
22.689745958
22.475779208
21.415572375
21.267689543
22.0958455
22.671176293
20.007961125
19.467294208
20.398372125
23.561077958
23.260665667
23.372568375
23.002800793
21.246194707
17.79837325
16.773731668
16.34737775
16.570420582
17.635586583
18.815713043
19.272711
20.195221043
19.849260918
18.595499293
18.387959667
17.782897332
17.92935725
19.205658208
21.567135333
21.56889175
17.349674083
13.2135035
12.718800668
12.947319875
13.110763125
13.557172332
13.030933668
14.551154168
16.724922582
16.508279
16.492915083
18.307996542
15.936553832
13.232833875
14.373221207
13.400801083
12.317995042
12.456327668
14.641904208
15.684647668
17.596473667
16.994472
19.13642275
16.894655333
14.47099442
15.602692418
14.944330208
15.12953275
13.173942418
9.875800542
8.81271473
9.313604565
11.822215208
12.697756292
12.49005425
12.74998425
11.435694958
11.148595418
12.462109708
10.162680918
8.999558668
10.004426938
10.567276042
9.173725582
6.953637333
5.793074583
5.971255271
5.969555521
5.303388562
5.015192396
7.182315792
6.593660521
6.8859545
6.432593854
6.578450833
8.452653082
7.520739582
6.917357458
8.715244685
10.502324668
12.474949292
12.886080042
10.211637582
6.391866
5.779962333
5.159928938
5.414906396
7.181718562
7.838589292
9.009709832
9.522090208
8.400775542
10.372687928
11.568175332
11.716893625
10.158606252
10.141375668
12.641571915
16.128752667
16.376049542
11.491535292
10.573440125
9.729293668
11.03094904
11.96931925
14.915510165
14.06550225
14.401503332
15.198492208
12.811083375
10.87171975
13.514256125
12.967230835
10.253256374
11.160661751
12.148708915
11.01715475
11.192362918
12.57046104
13.98024196
12.858607872
8.813513936
7.973202333
8.16071075
8.895225272
10.262988813
9.246577542
9.113705459
9.907393062
9.856501231
9.410499855
9.762176499
11.513475918
13.834390085
11.905664292
11.429337542
13.361939002
13.980519915
14.658660292
11.941722982
11.810175418
12.4536565
13.7269345
15.60549696
17.75870529
19.703632
15.570688208
16.076703875
15.40918304
16.516184417
15.816064335
14.106285708
13.589298082
12.643669832
12.160498062
13.502715748
15.439019625
15.923043942
18.651182122
20.810762043
19.897408542
19.31438804
11.931434792
10.269403082
11.75195379
15.759270832
17.323321
17.628635083
19.89479054
20.296032085
12.739023875
14.125278375
15.541299615
17.185309033
19.21139529
21.01657904
18.812331668
19.026549043
15.58203804
15.43719221
16.784025917
18.0207685
18.857821625
15.530011792
14.609818208
15.804995875
17.257452418
17.160784333
18.200013667
20.020244415
20.806104457
20.90460575
15.407195542
14.976606292
14.932975708
15.33435704
16.3329745
18.35747654
19.349607832
19.058715208
19.536500583
19.379446458
18.993010875
19.843521877
20.39278104
19.461127457
17.895973435
19.532504177
23.144388208
23.343574293
23.157376293
20.245491665
20.328623617
20.788934082
22.095751585
22.22832479
22.493096628
22.807301792
22.759738665
22.545653375
22.733573083
23.723233042
23.281769543
22.1639825
21.972340208
23.199050707
23.5971735
23.1304695
22.226859832
22.384947332
23.189705792
24.160104458
24.910626208
25.507422
25.804312872
25.864186708
25.565278418
25.777432042
24.953771208
24.784332417
24.38563529
25.512023293
25.9277165
26.119591582
26.33081375
26.469317293
26.735963042
27.200227375
27.652200377
27.764810293
27.177577542
26.489221625
25.318304875
24.800440085
24.974323085
25.3893915
26.164433293
26.92051471
27.707382792
28.003512373
28.98912904
28.92991252
28.827139375
27.900421623
27.874543542
25.176492458
23.50047225
24.469154
25.276824207
25.769547208
26.011929833
26.228499582
26.551573793
27.01918646
27.874421335
26.447727668
25.807800957
25.174704417
25.174812333
25.148925167
25.660898665
26.056346793
26.558723875
26.636380835
27.208078793
27.285371875
27.5143015
27.344282168
27.401357042
27.27528225
26.963416083
26.732319167
25.698873208
25.851654
26.746767542
25.419406125
24.783662835
24.6107405
23.47583575
23.194771958
23.435657375
23.75613325
24.376788125
24.757013
25.132042918
26.013650667
26.101035208
26.362772125
26.273218208
25.771539418
25.97879754
26.863905168
27.187875665
26.85386075
26.558365335
26.239787707
25.877338165
25.483931332
25.691891512
26.457703445
27.3829755
27.712166707
27.45011425
27.315565165
27.12762579
26.951813918
26.33066275
25.678228
26.303799543
27.122232793
26.87165271
26.870695417
26.940177167
25.274717747
23.51523925
24.050635835
24.593870502
25.346652043
25.545693543
26.69207825
26.90596204
24.403390583
22.051510458
22.148995293
22.947844033
24.255955875
25.464955997
25.626630668
21.819994585
20.161694957
19.847757417
20.064326998
20.857303625
21.414501457
23.02033675
22.87962675
22.412592792
22.100865622
20.658554998
18.588978207
18.11713271
17.214839037
16.144808625
16.798326043
17.147058167
16.822279875
17.724254583
17.54948404
17.049313207
17.731298752
18.346820835
18.333834665
19.850578667
20.608967707
19.642944
17.559480875
16.486751207
15.31264671
15.580323042
16.708558707
15.104598563
14.355596
14.765268378
15.849073458
16.713519915
16.839728293
13.585318175
12.117682585
12.73156496
14.139940582
16.711887
17.512863775
15.380670225
15.2089058
14.9159507
15.640059618
10.897023258
9.218572522
7.942895712
8.33181225
9.141743008
7.933741933
8.331306429
8.775019217
10.723770732
11.294962475
11.4801683
12.0149456
10.870101068
7.658320183
5.854857196
5.177773312
5.3928376
4.897688175
4.436824383
4.965636696
5.119732792
7.538008304
7.394955158
6.857789438
7.723437929
7.893745117
8.628281772
10.695198308
9.04088938
6.973884038
6.488956567
5.086427354
5.697422925
6.129796416
6.133851121
6.639294916
7.509815675
6.930873879
5.248528412
5.561083618
6.550339612
5.101788592
5.457983125
7.110645967
4.4441827
2.987515784
3.765850662
4.914194042
5.880139979
7.7531598
7.445263896
8.342401438
9.179134792
7.672544996
7.299593579
8.077839396
7.999178813
8.553379458
8.335938417
7.359024713
9.314899
8.574042
8.22766775
6.976871
8.083345
9.271602
8.75685125
7.54935075
7.053843
7.828375
8.9492815
8.92041675
8.22766775
7.80913175
7.6407555
6.78444075
6.000287
5.9185045
6.1734745
6.572767
6.29855375
6.14461
7.1260045
7.703295
8.8915525
8.96852475
9.7767315
11.3065525
10.6715325
11.219959
12.393784
11.0756365
11.31617425
11.619252
10.89282725
10.7966125
9.84889325
9.56024775
11.0275285
11.5470905
9.23792675
7.270327
7.72253825
8.78090475
9.84889325
10.36845475
10.32996875
10.5945605
11.56152275
13.144262
12.83156275
12.191732
13.105776
13.461772
12.39859475
11.4893615
12.60545725
12.8363735
12.7738335
13.95246925
13.50025775
12.74015825
12.84599525
13.27415225
12.17248925
14.231493
14.197818
14.231493
14.9771605
16.51179225
16.516603
17.6952385
19.30684225
17.1997305
16.27606525
15.2802385
15.881583
15.66028825
16.2472005
17.7577785
18.74398375
19.710946
20.071753
16.35303725
15.64104525
16.3289835
16.24239
17.23821675
18.07528825
18.08491
18.936414
19.80235025
19.888944
20.345966
19.4415435
20.36039825
21.58233075
20.31229075
18.95565725
18.46495975
18.4697705
19.22024875
20.047699
21.0675795
22.048974
23.02074725
23.4296615
23.40079675
23.44890475
23.42004
24.156086
22.6743725
20.6971515
20.5528285
20.230508
20.9713645
21.654492
22.130757
23.4152295
24.3821915
25.166345
25.60412425
24.829592
23.9877095
24.3677595
24.156086
23.76641425
24.06949225
24.6852695
24.7429985
25.00759
25.3780185
26.0755785
26.397899
28.627176637
27.528296583
26.10688121
25.936118333
24.497827583
24.1237235
23.973414915
24.961471917
25.06831746
25.226482793
25.637850917
26.069890082
26.323731583
26.56553925
26.823019875
25.93102704
26.029799665
26.555040167
26.33293944
25.242039285
25.849292455
26.085255033
25.539548415
25.402041153
25.49891525
26.130665167
26.399354813
26.37610291
27.22743528
26.68633528
26.742659513
27.587210043
25.855739832
28.345765165
28.658306843
27.029088772
27.677237042
26.9537295
27.230334038
27.257090027
26.629603875
26.046071958
24.52232364
23.268001385
22.529952333
23.715308057
24.099892633
26.672665958
27.703634082
28.43263995
28.97034675
29.056807875
29.51776075
29.189809625
27.527400792
27.298890625
25.965959418
24.74249079
25.080154875
25.611496375
25.963939625
26.367441792
26.463622042
26.788226582
27.313447168
27.57862875
28.554654043
28.343284418
28.584985582
27.836324
28.181961125
27.674625835
27.731333125
28.633552207
27.02831875
29.4101245
27.572568793
29.82747947
27.47539834
30.27536975
30.00596725
30.1166145
30.40044925
30.48704275
30.241694
29.813537
28.22117575
27.999881
28.4569035
29.24586725
29.1448415
29.3661365
29.6644035
29.99153475
27.02810825
26.11887475
27.04735125
27.523616
27.7160465
26.01784925
23.54511975
21.59195225
22.7609665
23.86744075
25.24331725
25.89276925
25.584881
25.54158425
26.08519975
26.0755785
25.2529385
24.738188
24.90175325
24.714134
24.7766735
24.95948275
24.9209965
25.26256025
25.35396475
26.17179325
26.3064945
24.12722175
22.8186955
23.19874525
23.74236125
24.12722175
24.47840675
24.90656425
24.20900425
20.802988
20.84628475
20.18240025
18.599661
18.96046775
19.41267925
20.0428885
19.86489025
19.61954175
20.64423325
21.32736025
21.077201
21.620817
21.442819
21.87097625
21.85654375
21.9623805
21.08682275
19.68689225
19.4223005
18.8498205
17.170866
17.12275825
17.83956125
17.055408
16.203904
15.70839575
15.111862
15.66991
14.88094525
16.15579625
14.36138375
11.4268215
10.5753175
10.140789875
10.288456225
9.8172401
8.9532657
8.037410225
8.985206625
9.77625625
12.335517
14.15041485
14.556646925
12.622063075
11.376016975
11.1557272
10.50471755
11.240747675
12.825921225
13.713334225
10.369024075
9.76137225
10.28495805
11.7987863
13.646123475
13.13960595
12.590789875
12.971685575
11.8782941
11.466549875
12.6682837
12.94624285
13.931397575
14.80428705
13.184660425
11.359479
10.419802925
10.68027065
10.87405765
10.884658575
11.040918225
11.726911475
11.0674205
10.3114603
9.4377864
10.979431875
9.47899255
8.057287
7.914469575
7.3231122
5.995046075
6.3449647
7.066376075
7.72432955
6.4156418
5.311363175
5.95947895
5.215190575
4.05958185
4.238315325
4.437795125
5.724326625
6.091822525
5.54193605
5.5185078
6.62109
6.6443485
7.072577675
7.424277575
8.24230695
8.67503095
8.191210025
7.91521205
8.063265775
7.980874675
8.7803733
8.74546425
9.9815347
10.5344002
10.778330175
9.8527532
9.75787405
9.4692713
7.423769025
7.938099675
7.77083615
7.059347625
7.862429325
9.725964975
10.532174
11.202053675
11.396582925
10.862926475
9.71265005
9.811409375
10.7596721
10.176509075
8.1626084
8.050300975
8.1691917
8.103242625
8.732202125
9.955901475
7.912742075
5.707354625
6.702283375
8.13862915
7.0265584
5.054892325
5.54331415
5.805870125
6.20566695
8.077524275
7.2135716
6.782660225
7.24968925
8.68599235
10.59942145
10.7802383
11.6817509
12.26650425
12.909033325
12.55347425
13.142892425
13.858791525
14.554314625
14.775982275
14.505761975
14.195681525
13.794623075
13.8516778
15.426886325
15.875416425
17.276237725
16.597135
15.081292275
14.654388375
15.352467
16.6162225
16.70213795
18.5074302
19.519988175
20.6459927
20.18588506
18.306461035
17.322154432
18.82352789
21.7081275
22.08739075
22.200846865
20.277838932
20.087157443
21.81672345
19.670106618
17.28259035
18.931804067
19.560160692
20.330639625
20.913710025
20.12549865
18.856164075
19.60940681
19.487942368
19.01145589
19.67155831
20.706778335
20.960510813
18.593753768
16.896776518
17.622695182
18.52991904
19.263444532
20.23244751
20.998326125
21.719022433
20.907668793
20.541144492
20.793051565
20.710343925
20.57786815
21.065001925
19.971060825
19.311837817
18.869686417
20.659058458
21.7665116
21.963329018
22.421301815
22.784899542
22.224624408
20.906997975
19.861072865
19.16909634
19.274440558
19.329896783
20.422082665
20.760187608
21.506828
22.093064565
22.126259458
21.411561775
20.723867592
21.145790543
22.5591126
23.584076217
24.244032807
24.629648967
24.666501917
25.537299985
25.141478225
25.2848876
25.607763067
26.047548367
26.19020939
24.729590165
25.15705326
25.145191335
25.032450342
24.602418832
23.95202884
24.991910493
26.059983317
26.013208617
26.239581783
26.26676471
26.42988159
26.646499693
26.714715515
25.973986925
25.249608585
25.5893605
25.816837282
26.476259265
26.609777335
25.70861951
26.176518757
26.51256005
26.757324357
25.88224306
24.934310567
25.039657008
25.423401735
25.829512193
25.957849008
26.277473925
26.602284585
26.5149109
26.275999608
26.527635917
26.838529585
26.88601105
26.876032083
26.500502925
25.576099033
26.787171475
26.89413319
26.80747175
26.722699518
26.740340475
26.804515785
26.575107108
26.708062693
26.73860171
26.395697275
25.9815133
25.74593679
25.621448642
26.21386284
26.916374033
27.149769965
27.058444425
27.133211943
26.79269495
26.832953393
26.216937592
25.655363075
25.336890325
25.085411225
25.153268315
25.485969307
26.304993343
24.55013715
22.683376735
24.579348665
25.806398568
25.765672317
25.300622068
25.58120565
26.285203768
26.234937385
25.863204518
25.85706174
26.301104892
26.01584085
26.149221493
26.135453275
26.225580215
26.440374125
26.7552471
27.254785608
27.745680585
27.946074875
26.819791618
25.90368161
25.57245329
24.616405193
24.53160314
24.708746475
24.878973743
26.1632438
26.881597025
27.22173694
25.375336283
23.13767375
23.785692268
24.891295433
25.021777585
24.621924633
24.708481325
24.148423243
24.05401666
24.1045747
24.029354625
24.348553393
23.420178832
22.02501805
21.314828457
21.402739817
20.959273567
20.989639415
21.845286568
22.548808268
22.03747215
21.16369499
22.19135365
22.399052143
21.284407407
21.485092268
22.191466485
21.495141217
20.266172217
19.915566707
19.972509843
21.568994008
22.741239832
22.249416132
22.27835059
20.46283655
18.841611432
18.332170758
19.62848495
18.959845618
18.3405736
17.217102858
17.622287558
17.0798281
17.8562238
18.7320059
19.467757168
20.350089267
18.3668363
17.58605285
16.665191175
16.529348133
17.226807525
18.89712755
16.574328483
15.593188682
15.195377425
15.945143925
16.35019469
17.3215008
15.0886823
14.160018775
14.512070875
12.826558252
11.2599555
11.776588458
13.479799832
15.98087425
16.69052125
10.232346833
8.432376354
9.173717792
10.343116042
9.709789042
9.553875042
9.935098625
10.371139085
10.508140748
10.615253208
10.708790542
11.54290029
12.43568325
13.176043582
13.423800375
15.99125154
15.21951421
12.692380668
12.569939832
11.009258875
9.706015499
9.304308416
9.931753166
11.931482875
12.1316965
11.965544582
13.353152252
12.040359542
12.322701875
13.777389792
7.215631166
5.377284313
5.436613083
7.053806229
7.582816334
8.293216145
7.986744792
7.69665625
7.674938668
7.171144517
7.850223958
9.037557292
8.717197917
7.533523437
6.304997396
6.932726562
7.292299479
7.63365625
8.267651042
8.667166667
8.270526042
7.342893229
6.546942708
6.888690104
7.050895834
6.962239583
6.204013021
6.620804688
7.672549479
8.781773438
8.098333333
7.776497396
8.3399375
9.102010416
9.995880208
10.691562502
10.421669271
10.586927082
9.187249999
8.933932292
9.255101562
10.392265625
10.068622395
9.714515626
9.433585937
9.900895832
10.811927083
11.027630208
10.967395835
11.75671875
12.234296875
12.193593748
12.155598958
13.265312498
14.484296875
15.742213542
15.163229165
14.215260415
12.519114585
11.638203125
11.478828125
11.329401042
12.394505208
13.696614582
14.129374998
14.192760418
13.451510415
13.870416667
13.879010415
14.533932293
14.624661458
15.181484375
15.456796875
15.63997396
15.69466146
15.29778646
15.712968748
16.076379075
16.344479165
16.526249997
15.768932292
16.011822917
15.297421878
13.897734372
13.54796875
13.69393229
15.028906248
16.384505207
15.463046875
14.86815104
15.94825521
15.069375
14.673645832
15.781197918
17.17658854
17.0153125
16.110026042
15.644947918
16.321770835
17.201588542
18.032864583
18.482395832
17.953958333
17.955572917
17.524895833
18.495520835
18.01484375
17.039843753
17.27890625
17.109114583
17.453567707
18.310312498
18.260494793
18.21330729
18.38033854
18.459921875
18.31846354
18.302916667
18.59859375
19.245208332
20.08174479
20.602708333
19.54546875
18.937421875
18.921380208
18.775963543
18.336041665
17.769973957
17.353255207
17.895156253
18.176953125
18.542447917
18.985598957
19.450416665
19.78247396
20.25122396
21.279765625
20.804479167
20.233671875
19.548802085
18.666328127
18.9059375
18.908072915
18.209635415
17.809453125
18.307265628
19.37486979
20.491406248
20.828567707
21.704791668
22.759244792
22.641951377
22.396440218
21.804465665
21.85616075
22.025727832
22.047527833
22.08961671
22.036715375
22.011676417
22.025969125
22.07491479
21.968566415
21.948092125
21.302239585
22.420729542
22.717053458
23.038940625
23.269327125
23.226016875
23.316313375
23.78390146
24.403162542
24.811816832
25.094943665
25.088406168
25.121109793
25.14996875
25.22523925
25.415041
25.58389804
25.552209707
25.577811082
25.33001032
25.150078125
25.131380208
25.324765625
25.357421875
25.6240625
26.186302082
26.232005208
26.37125
26.855390625
27.09703125
26.756380208
26.185546875
25.992057293
26.318958332
26.507265625
26.993255207
26.966428968
25.61390625
26.035052085
26.36611979
26.416145832
26.639895835
26.884869792
27.163229165
27.374114585
27.50442708
27.745963543
27.862343747
27.258541668
27.008619792
27.187447915
27.78725604
26.810416668
27.294010418
27.659479167
27.771302083
27.908020835
28.100677085
28.159817708
28.251302083
28.35684896
28.362005205
28.606614583
28.97203125
29.139453125
29.025885417
28.528098957
27.949739585
27.793385417
27.4871875
27.635364585
27.680364583
27.28627604
26.519583333
25.508958335
25.066666665
25.86591146
26.67171875
27.227265627
27.341354168
27.201927085
27.178854167
27.310677082
27.499921875
27.532578125
26.998802082
26.02361979
25.422656252
25.828359375
26.603124998
27.19403646
27.46861979
27.999739585
28.026770832
26.561979167
25.029479167
25.309765623
25.90578125
25.681041668
25.24484375
25.17546875
24.836302085
24.39203125
25.091380207
25.614557292
25.89950521
25.562994792
25.349401042
25.68984375
25.144166668
23.830963543
22.846484375
22.573177085
22.215026042
21.62640625
21.845234373
21.847083332
22.03234375
22.58638021
23.266302085
23.946015625
22.33622396
21.016249997
20.798020835
20.9765625
21.071953125
21.55252604
20.479635417
20.619609375
21.780598958
22.6934375
23.31513021
23.270833333
23.217734378
22.328906253
20.8521875
20.401067708
20.53153646
20.817395835
21.363854168
21.923385418
21.871093753
22.123880208
22.280364582
21.889505208
21.713828123
22.287135415
22.79778646
22.020572915
21.199182843
20.98110307
20.616145835
20.454523258
20.27954172
19.411541558
18.288836447
18.287523895
17.723740872
17.16486523
17.181869093
17.0344542
17.22953957
17.976433902
17.440946895
15.482662692
14.601027705
14.885557078
16.40377819
16.077465368
15.280913605
14.940166452
14.22374678
15.249544672
15.784420102
14.973926118
14.214823615
13.42809708
13.58552862
13.922787802
13.813253595
13.007050312
12.686216712
11.803122313
10.338371295
9.802739932
10.330101213
11.657717192
11.414742535
11.021783988
10.227977343
9.511655282
10.584176062
10.367328258
7.405269196
6.940824125
7.678707582
8.538143927
9.157549398
9.660823668
10.419140625
12.6224012
12.996551763
11.87741221
12.179772068
11.739721595
10.83692574
11.309582798
10.853838875
13.212482
10.680336333
8.029408979
6.481895562
4.981322104
3.945358729
4.320325188
6.797061208
10.309260792
10.897876792
10.637112774
9.93548675
9.16095475
9.1657655
10.12791725
9.993216
10.9361245
11.94157275
11.811682
11.5470905
11.912708
11.09487925
11.47973975
11.277688
9.6805165
9.016632
8.8482555
9.53619375
10.363644
10.90244925
11.05639325
10.06537725
9.550626
9.51214
10.12791725
12.28794725
13.144262
12.10513825
10.78217975
11.811682
14.14971025
14.221872
13.125019
11.80206075
10.984232
11.20071575
12.13400275
13.62052675
14.55862475
15.4389935
14.7606765
14.50570625
15.4582365
14.27960075
12.11957075
11.835736
13.52912275
15.448615
14.53938175
13.0143715
12.99512825
12.788266
13.79371425
15.82866475
15.1647805
14.0246305
15.77093575
16.42519875
15.3187245
13.5483655
13.67344525
13.29820625
13.63977
14.630786
17.0265435
18.04161325
19.0278185
19.76867525
20.12467125
19.62916325
19.83121475
20.211265
18.293784369
16.990100208
17.739240583
16.94813575
16.472021042
16.373074667
16.769421458
16.971186167
17.007913875
17.952861458
18.138391167
17.032428917
16.517035708
17.008897333
18.940279792
20.243567083
19.957193958
18.510102292
19.099669292
19.068501875
20.493703417
21.420470333
21.093221833
20.135470542
20.434346333
24.510633667
21.280806083
19.934912
17.736845958
17.818841667
17.885743875
19.863292125
18.067966667
17.201407792
19.286049792
18.425407708
16.391949875
16.57652425
17.92374875
18.146583083
17.816950667
18.070189458
18.907080958
20.0453105
20.704150042
21.639889958
21.929050792
22.042620875
21.370095
20.983262708
21.874876833
23.772958292
23.00335725
23.140646125
23.190444083
21.814655667
21.5444895
20.902872
20.642307417
20.382279708
20.214378792
21.34229875
23.666683792
24.720413875
24.203539958
23.206344875
22.992814292
23.449542625
23.496138792
22.598964667
23.047539167
23.593841
24.385864292
24.575484675
25.41169375
24.72856625
24.969104
25.54158425
25.9120125
26.28244075
26.5855185
26.88859625
27.47550875
28.03355675
28.32220225
27.153188
27.03291925
27.76896475
26.077129837
25.12995744
25.257086667
25.18578162
24.588694608
24.789369031
25.709058224
26.546954277
27.243831296
26.650792483
25.68778475
25.816621385
26.302225955
25.644674333
26.260477321
26.617973258
26.871842659
26.933831881
28.29814825
28.581983
28.85138525
28.95241125
28.98127575
29.1063555
29.1063555
28.81289925
28.861007
28.88025
29.058248
29.20257075
29.45273025
29.6644035
29.66921425
29.29878575
29.44310875
29.79910475
29.592242
29.77024
29.80872625
28.824901861
28.918736
27.826694
27.46588725
27.533238
27.44664425
27.79301875
27.4610765
27.20129575
26.7875705
27.095459
27.3456185
27.667939
26.77794875
26.49411425
27.35042875
27.812262
28.22117575
26.583771692
26.879861208
27.107873083
27.062913458
26.921044292
26.844693625
26.018762
25.715150625
25.63141625
25.553122875
25.54770425
25.544006333
24.752649083
24.396661875
24.625332333
24.48083825
24.942558083
25.406537375
25.794993917
25.090606667
23.721448458
23.49558
23.631773792
23.640577042
23.653430667
23.525939458
23.286094083
23.171212708
23.844561042
25.030128
25.6697525
25.846582958
24.597567125
25.137031875
25.594223792
26.06182825
25.802286208
25.176500542
24.942102
24.692141125
23.942826458
22.284649375
21.924897542
21.945531417
22.3048655
22.277042042
22.484801292
23.483288042
24.151713083
24.281118083
24.34278925
23.590085125
21.909718208
22.039555125
20.32228925
19.116552917
19.759025125
21.394447083
22.475631667
20.534562625
18.648741958
18.005633708
18.131148625
18.526405917
19.142517375
20.409065125
18.909209167
17.667205708
16.88994525
16.307979333
16.651741667
15.431816125
14.017581417
14.418769625
15.0730695
14.540441875
14.959367417
16.619317667
16.876439625
16.8938985
18.321280042
17.080977167
15.904329375
14.798824833
13.924112419
14.281395042
15.449316875
16.083441917
16.208405542
17.223666708
17.764446042
16.274821833
18.009272083
16.934401292
13.975132125
13.283635417
13.452011167
12.2395605
12.188706708
13.447311958
14.1199785
13.329665208
14.171227958
15.819712833
15.067836875
13.622042833
14.246364958
14.550865375
15.358012833
17.126413958
13.348527792
11.830075542
9.79774125
8.50081475
9.570421792
10.082813667
10.751938708
10.876623292
10.559927625
10.661570583
10.165244833
10.495392208
11.956728583
12.361409
13.957842965
14.627776458
13.542142
9.997853375
8.886965792
8.180292292
7.642293458
6.851002833
5.572367146
6.861807417
7.981031375
6.749337375
4.102180333
5.303204167
4.82146425
5.147126861
5.826934325
6.518993
7.492404167
9.312658583
9.607396048
9.4405485
10.391545333
10.352591167
7.850230083
7.529795917
8.017660583
7.678238583
5.7744895
4.51812675
5.909728917
7.250253583
8.977265833
11.016915167
11.023263833
9.963106083
9.557382917
9.650189667
10.86045325
11.51056575
10.736616083
10.325745417
9.659882667
10.670764083
11.244789333
10.369737038
10.380676417
10.085607167
8.559263
7.86802275
7.849360083
8.216719583
9.800010583
9.270418333
7.94709175
7.3229905
8.436072333
10.392483833
12.9591665
13.035927417
12.189328199
11.509137333
13.492618833
14.186072083
6.366826267
7.74565725
8.329821643
10.013716333
10.530108826
11.175213201
11.48589275
13.682014474
13.291225219
12.981073417
13.4998695
14.240218583
14.603739417
13.63060775
12.937911667
12.681207417
13.637672167
14.607068667
14.8056515
13.857885815
13.262535917
12.793483462
15.062179487
15.803344862
15.518900966
15.1511265
15.313031275
13.9669015
15.201084125
15.318230325
16.69941175
17.7546236
17.15045115
17.639489625
17.586003333
16.426694523
16.395971667
16.731303419
17.0209545
15.744978632
14.234854737
15.961411514
14.951041667
15.2094315
16.083601
13.656390333
13.302061583
14.081244917
15.468417017
16.832268463
18.166693
19.431922
18.111705475
16.856542675
16.6869259
18.1763145
19.05668275
18.26290825
17.98388425
16.79081625
16.300119
17.74334625
18.93160325
17.97907325
17.632699
18.56598575
19.251007636
19.407950196
20.202540638
20.727985583
21.549528833
21.855318
21.810533333
21.422585333
21.792801417
22.65809725
22.86658325
23.374001685
23.368058917
23.38531037
23.972352083
24.354182917
24.987788917
24.207789761
24.128745667
24.489296333
24.835079692
25.563964583
24.274790967
24.0369275
24.665776899
25.29163925
25.8039735
25.151029667
25.489257333
26.1878935
26.392950333
26.507975583
26.917336333
27.131173083
27.573501598
27.782044333
26.900235917
25.834497917
26.050854583
26.850230083
26.051907667
25.562927583
26.627621333
26.86377525
27.379977333
27.2469905
26.816435
27.109891
27.17724175
27.26383525
27.268646
27.28788925
26.92227175
26.54703275
26.43638525
26.0900105
25.700339
25.80617575
25.0412655
26.32573775
26.955947
27.3456185
27.44664425
27.268646
26.7250305
27.59577775
28.3318235
28.35587725
28.52906475
29.0053295
28.95722225
28.85138525
28.66376575
27.73802825
27.83491663
28.081442333
28.1450975
28.25362
28.351680333
28.392305333
28.616589333
28.5748925
28.34739275
28.635294083
28.76360825
28.81163075
28.54771075
28.008306083
27.907037417
27.8903025
27.876776167
28.041578833
28.323207417
27.580260413
26.965790045
26.9375
26.45951087
26.696875
26.769791667
27.148958333
27.5375
27.78125
27.534375
27.050446429
27.284375
27.610208333
27.144791667
26.881439394
26.63327987
27.31875
27.46038961
28.159684974
28.522845337
28.012242833
27.1741765
26.493239333
26.63846825
27.054077833
27.805545083
28.226516167
28.40668825
28.7118735
29.398813
29.3333325
29.279543
29.06786975
28.825313526
28.707756333
28.312685
27.31242775
27.228491417
27.270901167
26.830294833
26.2091865
25.379600083
24.391679417
24.727970833
25.295217167
25.560987833
25.70547625
25.852941167
26.076890167
26.31438175
26.542202333
26.589673333
26.637440833
25.56859
23.71433275
23.644836417
24.081873
24.391682917
23.195157417
21.81871375
22.218694833
22.772694583
23.524749417
24.127705417
24.283503667
24.778727917
25.198359667
25.380350417
25.208185
24.082478583
24.423239917
23.973853667
22.899636917
21.378553083
20.846280583
20.322936917
19.928306583
18.135808833
17.745833333
17.703985507
18.26875
18.469791667
18.470833333
18.039583333
17.732291667
18.065625
17.796875
17.65625
17.565625
17.663541667
17.885416667
17.892708333
18.893854167
18.4280645
17.441641667
16.863830667
16.582440833
16.5574455
16.596725583
16.66383325
16.964120833
16.33914325
15.322066667
14.002025917
14.17091925
13.335830833
11.537826167
10.745142833
11.2913472
12.020555556
12.750853302
12.319791667
11.777090891
12.086446779
11.750223482
11.969534232
13.277743917
13.261752333
13.43353993
12.241334972
11.62763625
11.453740397
11.873216917
13.052852183
13.720821917
12.682396833
12.042090333
11.5804145
8.2521155
11.801697167
11.40324575
11.023682833
10.738891417
9.969102333
9.764105583
10.628819444
11.061856884
9.638158762
9.587280702
9.633928571
9.622916667
10.338392857
11.041666667
11.083958333
10.666517857
10.436458333
10.411005435
10.029166667
10.209375
11.783423913
12.386458333
10.739583333
9.5125
8.947916667
9.386304825
9.048958333
8.152654417
7.76794875
7.928503788
8.284558824
9.075416667
10.376923077
11.1910945
10.23856475
9.586837121
9.816349638
9.838043478
8.955208333
8.828125
8.794791667
9.492708333
9.953125
9.798958333
9.575416667
8.122261905
8.263541667
9.368939394
8.357291667
7.983333333
7.603125
7.423958333
8.113541667
8.36875
7.580208333
7.250008235
7.186956522
8.88125
10.452083333
11.813541667
12.371875
11.692708333
11.078125
9.904166667
8.23125
7.910416667
8.290625
9.204166667
9.769791667
9.401041667
10.604166667
10.621875
8.953125
9.055208333
8.590625
8.15
8.619791667
9.210416667
9.815625
10.680208333
10.427083333
10.258333333
10.623958333
9.504166667
8.029166667
7.884375
8.170833333
7.586458333
6.276041667
6.211911232
6.861050725
8.358333333
9.5375
10.772916667
10.622916667
10.361956522
11.71875
13.005978261
13.128869048
12.183333333
11.711752137
11.778668478
12.260416667
12.632291667
13.302083333
13.10898386
13.407201087
14.196875
15.40625
15.092708333
14.626041667
14.823958333
15.748958333
16.31875
15.216666667
13.517708333
13.370833333
13.564583333
14.538541667
15.235416667
15.673958333
16.460416667
17.1125
17.514583333
17.628125
18.422916667
18.321875
16.470833333
15.2
13.428720238
14.623125
16.196979167
17.103065476
17.552219203
16.592371554
16.332835145
17.441933622
18.720390361
18.964653523
18.5385345
18.85233625
19.07984625
19.73803075
19.76604575
19.7699485
19.803481972
19.6168505
19.484191
19.36578975
19.194624036
19.4944675
20.768281861
21.30608925
21.048458
20.01604575
18.891999333
18.432554472
18.768497667
19.48846125
20.77619675
21.88653475
22.34588975
22.85718175
22.2668135
21.97876125
22.09227125
22.15
22.00567775
23.16988075
23.85300825
23.939602
24.28116575
24.5024605
24.3437055
23.13620575
23.08328725
23.79046825
24.14165375
24.4639745
24.78629525
24.538009167
24.762270295
24.484086833
24.470241667
24.924985667
24.428276417
23.783799917
23.541998083
23.839902833
23.64242787
23.739017583
24.652821417
24.740176917
24.5544675
24.903709
25.085548
25.457854417
26.5277565
26.777901
26.0835905
25.51351775
25.7441575
26.26363075
26.574118848
26.851152207
26.84099025
26.822689167
26.552016
26.696652167
26.918371
26.955276167
27.0345885
26.810047
26.676566583
26.848286583
26.946942833
27.3769875
27.541262667
26.9664275
26.911515417
27.177726833
27.061213083
27.538722
28.132305083
28.304771417
28.41949925
28.551488833
28.456996917
28.125171
26.740625
26.147916667
25.9
25.677083333
25.604166667
25.988541667
26.708333333
26.941666667
26.969442288
27.233333333
27.405208333
27.391666667
26.972916667
27.123620718
27.395740989
27.747826087
27.988541667
27.972916667
28.0875
28.2875
28.455208333
28.440625
28.076041667
28.091666667
28.410416667
28.798636364
28.809375
28.696875
28.829166667
28.81446805
28.783288043
28.313541667
27.91875
27.547916667
27.952083333
27.614583333
27.159375
27.420833333
27.094791667
26.230208333
26.661458333
26.914583333
26.983333333
27.092708333
27.104166667
27.092708333
27.189583333
27.214583333
27.251041667
27.494791667
27.669791667
27.989583333
27.759375
27.460096154
27.893975083
27.623686594
27.547916667
27.527083333
27.5375
27.442708333
27.036458333
27.244791667
27.284166667
27.764366738
27.740277778
27.601041667
27.416666667
27.3875
27.396875
27.382291667
27.467708333
27.395833333
26.842708333
25.833333333
26.010416667
25.753125
24.186458333
23.045833333
23.197916667
23.852083333
21.390625
19.14375
18.760416667
19.503125
21.314583333
20.644791667
19.447916667
19.579846014
19.960054348
19.735416667
19.91875
18.816666667
18.5125
18.678125
15.779166667
15.080147059
16.062416333
16.557474008
15.873721952
13.4005855
12.646029412
12.151086957
12.594791667
12.688541667
13.455208333
14.2875
15.598958333
15.351041667
13.763541667
13.6875
14.291666667
14.426041667
11.83125
10.927083333
10.928125
10.963541667
11.2125
11.98125
12.130307148
12.961639493
14.10625
15.214583333
14.073958333
13.325
12.986875
13.024588083
13.1875
12.9375
12.56875
12.615625
13.244791667
12.7875
12.053125
11.788541667
11.876041667
12.875
13.013541667
12.375
12.683333333
13.169791667
12.0375
11.209375
11.59375
11.658333333
11.709375
11.334375
10.625
9.938541667
9.563541667
9.432291667
9.734375
10.498958333
10.946875
10.616666667
10.809375
11.541666667
12.272916667
12.304166667
13.047916667
12.973958333
11.825
10.935416667
10.50625
11.280208333
11.559375
10.996875
10.78125
10.632291667
10.497916667
10.305208333
11.453125
12.71875
11.510416667
10.6125
10.822916667
12.080208333
13.051041667
12.127083333
11.06875
11.244791667
10.314583333
9.911458333
9.6625
9.670833333
10.017708333
10.089402174
9.976041667
10.877083333
10.908469203
11.285914855
10.352777778
10.268292917
10.354755435
10.144532819
10.677519917
11.720244565
11.229166667
9.671875
8.726041667
8.747916667
9.335416667
10.620833333
10.510416667
9.778125
9.877083333
9.607291667
8.860416667
9.508333333
10.196875
11.063541667
11.278125
10.827083333
10.70468897
9.784782609
10.284375
11.180208333
11.634375
11.635416667
10.939583333
10.21657197
10.77178442
11.178125
12.319791667
12.6875
12.635416667
12.8875
12.473958333
12.19375
12.238541667
12.685416667
13.483695652
13.616666667
14.671875
15.372916667
14.942708333
14.05625
13.6625
13.702083333
14.357291667
14.819791667
16.239583333
16.085356917
14.291666667
14.390625
15.01875
15.98125
16.246875
16.919583333
18.077083333
18.226041667
17.263541667
16.816666667
16.384193841
16.946315717
16.671117424
16.350706585
14.005197373
14.460096712
15.909818083
16.988549
17.273410088
17.580208333
16.896875
16.898958333
16.909375
15.236458333
14.126875
13.652328431
14.403503788
14.816666667
14.062847222
15.053472222
15.351041667
16.099258893
16.839130435
17.066666667
17.600181159
17.481912879
17.230887681
17.793125
18.494791667
18.61969697
18.058333333
18.678125
19.66875
20.538541667
21.272916667
21.072916667
20.060416667
19.75
20.345970083
19.441383667
19.636015667
19.299576
18.483844333
18.732789583
20.301030167
20.8125
20.638985167
21.019068617
21.08054405
21.51030905
21.751515283
22.19483905
22.22230295
23.316033708
23.499614508
20.800010042
22.603366138
22.503303111
22.601476316
22.901047933
22.7472385
22.854375
23.029383361
23.379347826
24.077116271
24.814583333
25.064583333
25.605208333
25.902083333
25.882291667
25.879166667
24.661458333
24.122916667
24.270833333
24.55
24.905208333
25.178125
25.55
26.054166667
26.291666667
26.1875
25.359375
25.438541667
24.720833333
25.392708333
25.198958333
25.469791667
25.975
26.472916667
26.735416667
26.926041667
27.248958333
27.636458333
27.992708333
27.797916667
27.973958333
27.794791667
27.897916667
27.628125
27.609375
28.094791667
27.769791667
27.478125
27.932291667
28.021875
28.333333333
28.276041667
28.311458333
28.376041667
28.479166667
28.388541667
28.288541667
28.264583333
28.183333333
28.34375
28.492708333
28.433333333
28.373958333
28.427083333
27.922916667
27.914583333
28
27.620833333
26.93125
26.61875
26.558333333
26.145833333
25.691053922
25.994583333
26.642708333
27.291666667
27.359375
27.635416667
27.669791667
27.729166667
28.088541667
28.248958333
28.325
28.316666667
27.919791667
27.475
26.817708333
26.483333333
26.408333333
26.502083333
26.45
26.514583333
26.521875
26.713541667
26.769791667
26.548958333
27.178125
27.091666667
27.373958333
26.329166667
25.859375
26.139583333
26.347916667
26.529166667
26.657291667
26.763541667
26.838541667
25.286458333
23.504166667
23.18125
23.185416667
23.43125
23.486458333
23.710416667
24
24.129166667
23.914583333
23.454166667
23.035416667
22.873958333
23.092708333
23.15625
23.179166667
23.275
23.590625
23.91875
23.140625
22.029166667
21.642708333
21.704166667
20.952083333
20.8
20.719791667
20.385416667
20.705208333
21.166666667
21.757291667
22.266666667
22.730208333
23.004166667
23.20625
22.153125
22.098958333
22.669345238
21.666666667
21.208876812
21.725
20.721875
20.801041667
21.915625
22.921875
22.285416667
20.415625
19.633333333
16.271875
12.834375
11.965625
12.554166667
13.375
14.175
14.990625
14.9625
15.270833333
15.988541667
16.760416667
17.246875
17.921875
18.01875
18.572916667
18.73125
17.372916667
17.190625
16.879166667
17.51875
17.16875
16.236458333
16.183333333
16.260416667
17.034375
18.132291667
19.014583333
17.8375
16.283333333
16.661458333
16.208333333
15.504166667
15.402083333
14.858333333
14.784375
13.422383845
12.801973684
12.891607143
12.772222222
12.339583333
12.54375
12.889583333
12.925
13.191666667
13.257291667
13.496875
14.455208333
13.477083333
12.1875
11.028125
10.715625
10.529166667
10.589583333
11.241666667
12.152083333
11.633333333
11.780208333
12.186458333
12.982291667
11.292708333
11.038541667
11.323958333
12.116666667
12.222871377
12.398958333
11.676041667
9.823958333
