20090901
20201231
3.238744896
3.226480212
3.216463633
3.215449645
3.209290979
3.198660417
3.187765109
3.174957708
3.159169975
3.145955997
3.138159123
3.539846149
7.145452191
7.98820127
9.212855949
9.490814849
9.855062893
9.887998039
9.883735622
9.888986429
9.877245195
9.900916761
9.887746053
9.86555355
9.857438109
9.826029905
9.759161389
9.529359887
9.190353554
8.892910433
8.505131874
7.800711326
7.279489361
8.439870445
8.753480611
8.75475935
8.691645082
8.998008511
10.426228478
10.633442561
10.69832738
10.737015615
10.749206844
10.754123478
10.765177463
10.801548077
10.755217578
10.745736694
10.751862564
10.754888471
10.76426515
10.956378403
10.966917675
10.979996783
10.976556781
10.966889344
10.950450468
10.946804161
11.047713583
11.11474825
11.127936449
11.128478745
11.130164513
11.106064172
11.099960632
11.090250164
11.078254674
11.060834187
11.039843026
11.037477511
11.016496479
11.009459102
11.001854071
10.981413625
10.968238954
10.942238504
10.918894171
10.877158615
10.845538743
10.837164892
10.826747373
10.822634807
10.803674572
10.762545097
10.72286676
10.651956812
10.596041151
10.557836197
10.529005765
10.499512162
10.601206211
10.554630535
10.817878584
10.833941843
10.82377845
10.821803379
10.825605659
10.826756803
10.821630697
10.807381537
10.803528915
10.802439738
10.811018189
10.827969406
10.808857995
10.794328955
10.790804091
10.794461763
10.797538743
10.775960031
10.780433957
10.785323651
10.784705226
10.785626902
10.882269896
10.998608865
11.006363394
11.012715737
11.029313282
11.034847327
11.044684104
11.040753278
10.803494744
10.80106977
10.796936763
10.791555733
10.781529108
10.780987026
10.752586975
10.632388656
10.624473585
10.629091997
10.627637186
10.607094864
10.610544207
10.731482867
10.731166389
10.73781149
10.741239368
10.752347013
10.765118817
10.753889371
10.834728463
10.858602146
10.857948518
10.854023332
10.861221986
10.855049905
10.863742976
10.855618947
10.87797856
10.879760683
10.885764019
10.885889808
10.887430851
10.898224048
10.90372746
10.914963383
10.907504949
10.899236233
10.911371306
10.919648454
10.921106782
10.90549928
10.919236118
10.928438176
10.91989031
10.924979259
10.921274043
10.923923784
10.928268607
10.919767741
10.925058839
10.931111149
10.94060881
10.949785397
10.947032243
10.946231573
10.944119479
10.960534145
10.962314586
10.949867129
10.955638887
10.959322283
10.967329958
10.96497092
10.962483179
10.959577711
10.967891525
10.984030989
10.981967361
10.987074194
10.985532241
10.987098079
10.992016938
10.994338048
10.988521072
10.979907394
10.983334855
10.968495557
10.975365578
10.976678282
10.998515961
11.006613724
10.999921418
11.002449406
11.016426674
10.997447084
10.998478912
10.999633922
11.0025816
10.997018274
10.992787367
10.988453941
11.000446669
11.007880303
10.995625405
10.983738959
10.978814626
10.975570473
10.973137612
10.959317028
10.940826332
10.895897782
10.817950973
10.68451802
10.498865715
10.344483676
10.708977498
10.992191878
11.013204458
11.014327268
11.023188343
11.028128453
11.046911693
11.043153018
11.045708452
11.040319585
11.029813187
11.018927755
10.986215066
10.925186435
10.827414864
10.713486138
10.478999902
10.258556704
9.85390039
9.285193554
8.404705836
7.461040254
7.001380094
6.965089367
6.80687526
6.56528377
8.847739867
10.701046659
10.864431715
10.882702151
10.913865691
10.934453208
10.939805359
10.923916596
10.906738079
10.844160347
10.718242678
10.505048695
10.177393483
9.773604485
9.136050407
8.220198241
7.415977984
6.725146211
6.22244676
5.949004649
5.625832748
5.371059422
5.121788958
4.827597357
4.520938417
4.242730554
3.966161245
3.702854886
3.531550795
3.42047247
3.301316811
3.192907346
3.95691315
10.84944833
10.900096961
10.926527066
10.906971681
10.869655183
10.791897739
10.590550401
10.38072002
10.098315111
9.703132558
9.119711444
8.449738049
7.721947892
10.476173313
10.766871689
10.757230745
10.71624689
10.67640864
10.847779037
10.989395134
11.023667008
11.031872993
11.011715958
10.990807904
11.005543051
11.075024512
11.087430151
11.099685285
11.118297429
11.117681119
11.103200366
11.068467518
10.982614995
10.814240278
10.599967692
10.343750948
9.922753217
9.336066847
8.508658797
7.500397671
6.616448044
5.893917726
6.298240377
6.13616108
5.572979579
4.779041182
4.157847566
3.770445887
3.507536057
3.310494462
3.146460444
3.024165724
2.94900629
2.87122867
2.809566802
2.763916244
2.732299596
2.696271601
2.663430577
2.631444925
2.596321684
2.572943123
2.556152367
2.543028246
2.531285511
2.516344983
2.499194008
2.482288068
2.467626208
2.452748998
2.439888078
2.436840232
2.422353987
2.410908952
2.402105178
2.398910708
2.394578645
2.392515748
2.391912675
2.402044595
3.770652235
4.703429329
4.819931714
4.701987024
4.516242115
6.502816896
10.899537086
10.943268617
10.967332469
10.987648886
11.018321157
11.043612292
11.058891286
11.04918625
11.020257444
11.008356947
10.981953219
10.937071694
10.875750762
10.800755954
10.703705698
10.75674295
10.733481526
10.578661873
10.354744743
10.105588475
9.779544284
9.478140655
9.165832749
8.796744472
8.388956416
8.059408176
7.744397947
7.450312249
7.12178841
6.7344582
6.350293406
6.178072368
9.106652727
9.057800637
8.989633538
8.928864537
8.86466823
8.794226408
8.71810933
8.660561584
8.571922871
8.495008194
8.368501946
9.851401299
10.862602022
10.900973989
10.939620316
10.951866164
10.947486771
10.918922689
10.895402084
10.893016569
10.883094351
10.868699629
10.850510891
10.831754517
10.792670798
10.745644558
10.709743068
10.656246974
10.594024502
10.531170928
10.457387611
10.415399797
10.35805502
10.372183681
10.347141328
10.294341953
10.324475256
10.388175439
10.34247501
10.297577865
10.27150119
10.258075174
10.243351207
10.168573151
10.137755443
9.987462039
9.895436171
9.815055901
9.761345541
9.701790893
9.555249036
9.48643003
9.427312695
9.397736449
9.289096124
9.162058578
9.087265467
9.006655482
8.963488466
8.897045491
8.831251378
8.778185889
8.621867358
8.550030011
8.498320552
8.493511348
8.418306315
8.342923567
8.405150468
8.41920335
8.485297388
8.474791743
8.419314749
8.346029266
8.302119941
8.24671146
8.13587525
8.109285665
8.112228963
8.177775436
8.233321424
8.154848214
8.655914108
8.647063986
8.692998498
8.683616846
8.640047761
8.658643306
8.625630689
8.551564509
8.496912448
8.446854303
8.336051987
8.260303537
8.239977306
8.224218827
8.243378805
8.215014428
8.241702136
8.166454371
8.128420119
8.013849981
7.984595844
7.994899808
7.891765578
7.881869504
7.856907921
7.831844782
7.815423921
7.836231304
7.808589947
7.710293706
7.681892017
7.544968083
7.494647458
7.485843697
7.52064122
7.675900169
10.332765107
11.269796025
11.298549889
11.320278005
11.070193517
11.116777394
11.381299177
11.384495791
11.387958926
11.396049806
11.40347177
11.419117119
11.41423376
11.417951036
11.418096542
11.394059081
11.388836812
11.395505177
11.384260727
11.382498326
11.390162988
11.387869622
11.346079721
11.335230963
11.321498115
11.310714284
11.298527524
11.274753998
11.259652051
11.243896018
11.238959782
11.225445989
11.21005576
11.19485425
11.1714251
11.132950341
11.104617219
11.072171808
11.050712013
11.039292387
10.995015628
10.939199406
10.868499541
10.801548126
10.72431907
10.558783314
10.387712533
10.252169412
9.987505373
9.856115436
9.766835775
9.660139989
9.604956149
9.478915183
9.251425054
8.988400506
8.778737871
8.298053608
7.967051974
7.670652191
7.36787395
7.118194948
6.841764196
6.542834052
6.265141984
6.042183035
5.805449843
5.592747857
5.417919757
5.278500897
5.141081548
5.007144551
4.843793166
4.739527569
4.702756857
4.656169213
4.594388268
4.848496395
8.395956912
8.60020301
9.35135554
10.926913833
11.090856459
11.00107909
10.919533937
10.87645423
10.830896769
10.752663353
10.628833846
10.460277265
10.180203789
9.814897517
9.391381929
8.900287989
9.272220404
9.716588516
9.59170775
9.478456747
9.290420682
9.0260955
8.724492635
8.394676074
7.994330557
10.799567218
11.468088414
11.508793622
11.53145226
11.522344167
11.493225285
11.442705325
11.3603328
11.174265933
10.724952185
9.942040023
9.108789318
8.408610246
7.61887478
6.883674586
6.283896866
5.819995056
5.379955935
4.966843764
6.642319662
4.32534128
4.088664259
3.860013162
3.63722836
3.430386017
3.27205202
3.203753903
3.152493243
3.110910937
3.074573218
3.043268631
3.017102102
2.997300193
2.984726142
2.97528556
2.968976729
2.965057636
2.961678801
2.958360627
2.95355888
2.951690434
2.949774945
2.946104529
2.943993799
2.942257204
2.938789177
2.938013006
2.936328243
2.935740396
2.9348718
2.933842694
2.932608843
2.931376301
2.928895103
2.938029992
2.949365564
2.960329819
2.965373343
2.963702331
2.959433234
2.952948607
2.944874889
2.938898489
2.934163794
2.931864606
2.930612858
2.927578434
2.928132992
2.927440869
2.926673999
2.925890652
2.92619903
2.92580386
2.925421012
2.925248003
2.924255413
2.924216881
2.923269362
2.922482715
2.921381462
2.921948801
2.921326752
2.920769796
4.086913728
6.902107949
7.362063466
9.634206134
10.244629736
10.532752003
10.619173019
10.60463373
10.478836514
10.291179558
10.042285599
9.842383376
9.516155772
9.07729647
8.528154111
7.944192078
7.286681459
6.544870463
5.757872586
5.137675607
4.709383788
4.487187401
4.375518168
4.290606518
4.216051393
4.152785318
4.098984402
4.046653045
3.994769538
3.94703642
3.894549498
3.854383053
3.814847426
3.769903078
3.722319039
3.692787793
4.733167141
7.475263995
7.500605612
7.171835507
6.681527857
6.141391412
5.762096087
5.892851118
5.64545854
5.161076928
4.635012876
4.240342327
3.935007834
3.676710916
3.53917938
3.477243483
3.430827742
3.394079561
3.361512362
3.32479896
3.299773636
3.275414587
3.518857769
7.856125453
11.444030743
11.460088788
11.472486157
11.45508596
11.431635389
11.398311022
11.337556238
11.25445764
11.098413244
10.89741468
10.649729219
10.465441937
10.449084895
10.941184355
10.838140457
10.685936881
10.461940313
10.926574995
11.225488263
11.256732625
11.270757298
11.260309918
11.245982427
11.21162971
11.13789008
11.042901807
10.94863799
10.866130277
11.174367561
11.418629226
11.436432726
11.435566042
11.439006892
11.42998223
11.417254726
11.394614759
11.363880986
11.309095416
11.220456661
11.140810543
11.097048092
11.009130096
11.053747697
11.269310182
11.249859074
11.22094222
11.213385981
11.238819239
11.242305469
11.228496584
11.219531751
11.20464647
11.193018151
11.181437144
11.289093722
11.392194718
11.399533308
11.394073123
11.392073418
11.386567251
11.388704634
11.365745639
11.351032853
11.339373099
11.344250133
11.371606875
11.367658991
11.366544997
11.344338022
11.343302191
11.359182453
11.454569888
11.454123456
11.45745209
11.451260371
11.437137169
11.43084205
11.425764378
11.42155752
11.400558154
11.392865562
11.375988599
11.36163162
12.846298987
12.8168374
12.770339545
12.748587417
12.707727192
12.660284998
12.60447596
12.547496079
12.487380104
12.70379668
12.728065164
12.686040432
12.651039448
12.628914607
12.583980398
12.569846896
12.513585628
12.427347372
12.360430141
12.276606334
12.149121788
12.066910649
11.968873964
12.061668545
12.721581855
12.79566272
12.837562008
12.867667246
12.862334655
12.866746715
12.881558502
12.867591704
12.862822324
12.871619166
12.872902513
12.878113386
12.861779061
12.852588294
12.847811512
12.819476424
12.843828083
12.82295268
12.813015466
12.811456268
12.823615508
12.833645937
12.840238911
12.837824974
12.852190077
12.872701645
12.885362834
12.898294044
12.892450925
12.895777452
12.881607579
12.860553845
12.824647529
12.797873745
12.801952719
12.819483433
12.767996336
12.683685338
12.572134124
12.423125336
12.223815956
12.0467929
11.933579299
12.575959626
12.683843018
12.622754558
12.87334232
12.915051204
12.944211746
12.973804076
12.998132477
13.023135742
13.019066183
13.007505207
13.058298755
13.100824842
13.111323094
13.121855856
13.136691182
13.138214971
13.134914554
13.112887625
13.090769571
13.052151848
12.978530096
12.847171138
12.700430967
12.444672282
12.017963515
12.677077015
12.913610446
12.823395767
12.709913348
12.628107031
12.553768593
12.472710477
12.311293143
12.012166671
11.644119285
11.365213409
11.173807968
10.972616225
10.990395133
10.551647564
9.986919912
9.445251111
11.567181076
11.426291266
11.215587211
10.845056735
10.362841753
9.568056292
8.849620067
8.3667365
7.84856277
7.421695242
7.030387501
6.645129873
6.30949747
6.024660843
5.802497939
5.676910937
5.566592283
5.493837547
5.440029219
5.37817669
5.30826965
6.771522784
9.2945867
9.272235784
9.236301063
9.192466815
9.063729853
8.890476595
8.667160578
8.427242706
9.302957291
9.344330097
9.355249536
9.340024966
9.29763249
9.223473381
9.098945964
8.903668547
8.66047803
8.693712092
9.38904437
9.344416125
9.20846603
9.299450069
9.380428675
9.365886225
9.300057535
9.404254808
9.493352933
9.875888631
10.19124976
10.402885632
10.471590566
10.361046091
11.265325001
12.00941662
12.016160001
11.990490386
11.909492717
11.707511869
11.291453365
10.70355532
10.096770648
9.653376605
8.904780564
7.915905255
7.004452506
6.237617833
5.606802076
5.193280075
5.038189256
4.956196777
4.875942985
4.800278924
4.733231173
4.664359639
4.603458809
4.555359667
4.517744237
4.497010037
4.829015663
8.433476416
8.221004508
7.692857053
6.733653394
5.471399527
4.634668197
4.514278163
4.496141478
4.487184053
4.47917399
4.470008251
4.462769408
4.457024066
4.453532703
4.449853445
4.448498415
4.446390085
4.444892704
4.444909024
4.442292459
4.440914145
4.440022939
4.439720523
4.439504157
4.438988008
4.437754919
4.436963866
4.436222165
4.435894436
4.442886197
4.448506161
4.448873344
4.446922744
4.445285298
4.44033897
4.434680996
4.435487699
5.439861154
8.373211329
8.422734242
8.492310153
8.458585334
8.391104994
8.305731779
8.18325127
8.095170414
8.039653153
12.790317078
12.949582132
12.886760861
12.756942659
12.538918481
12.27476527
11.979479541
11.6113488
11.194267522
10.698415898
10.169914708
9.648971654
8.929468762
8.006892112
7.210239879
6.401023662
5.658278246
6.214726779
4.902041716
4.867330065
4.850586536
4.811422732
4.739673108
4.659284207
4.595097757
4.55374385
4.523723775
4.503022065
4.486808222
4.479770612
4.474809959
6.307529804
8.50809611
8.509414879
8.521712515
9.831651392
11.31349071
11.312631133
11.30039413
11.282081207
11.25270738
11.192645104
11.100347448
10.972134224
10.838096773
10.687459327
10.605416806
10.556099059
10.523265447
10.45286054
10.210288184
9.972922056
9.751028392
9.388359098
9.051014296
8.794565192
8.648695505
8.49419988
8.449679345
8.34355021
8.155760215
7.804249776
7.594320793
7.447826992
7.312154733
7.2009204
7.062754847
8.050968417
6.95476647
6.901969435
6.755157812
6.644460976
6.496269607
6.418301882
6.392684528
6.430380282
6.359308983
8.825370341
9.413460647
9.284967445
9.161423572
9.05538185
8.967516946
8.846377289
8.773557622
8.791769468
8.711085
8.65814228
8.648326422
8.461854819
8.153820439
8.085050138
7.95089095
7.76131421
7.617211552
7.644215091
7.660823822
7.748059775
7.666112608
7.747195251
7.561208427
7.305533342
7.289217336
7.190450986
7.11709282
6.974515439
6.725307886
6.547905146
6.456288172
6.503341467
6.53305776
6.548547179
6.6054526
6.62255661
6.625537386
6.701666605
6.619491405
6.476786372
6.477354982
6.503745235
6.403000293
6.311140627
6.328619338
6.621212138
7.524398149
8.83967409
9.027750119
9.074931963
6.587283624
6.570291811
6.548644387
6.530879477
6.53483047
6.529698427
6.48895995
6.496935552
6.58055335
6.714797851
6.742160287
6.773967753
6.811278347
7.03172544
7.38798494
7.724698149
8.023753229
8.25785172
8.425707442
8.542532547
8.608459731
8.627349955
8.654234253
8.662814766
8.648165212
8.6425842
8.659419667
8.706084698
8.772084424
8.934872935
8.934288153
8.940453904
8.946396889
8.956587313
8.971466548
8.979799976
8.989871839
9.024137913
9.051917591
9.044698067
9.074536671
9.082070126
9.104485627
9.274312257
9.641650612
9.916910234
10.086084299
10.177903312
10.212198471
10.211755733
10.326925634
10.501641606
10.496073796
10.498856119
10.513941964
10.521314561
10.55387917
10.55562606
10.551714959
10.536343719
10.523788444
10.518705233
10.521402025
10.474390697
10.445854193
10.440152277
10.425528769
10.434393336
10.4381964
10.425442543
10.420927671
10.418382305
10.419402384
10.420143859
10.418803037
10.375856166
10.363282584
10.335634272
10.30893161
10.26928554
10.227076378
10.188759376
10.175304193
10.101770251
10.053135696
10.019749359
10.009887466
10.207167862
10.28528964
10.289974931
10.274405708
10.40637201
10.474255454
10.497327457
10.51437871
10.544682352
10.556724268
10.57026806
10.579159846
10.595568758
10.606131008
10.620729177
10.626912078
10.625424929
10.632503404
10.61606307
10.622807975
10.663798048
10.659748429
10.666973053
10.663557751
10.660740619
10.639347422
10.62102915
10.611543191
10.612233138
10.668546604
10.678522884
10.693502999
10.687745031
10.691791857
10.667986468
10.645006325
10.631669739
10.61709881
10.616555887
10.592856857
10.574854349
10.585264875
10.583214109
10.549965462
10.516900524
10.462001871
10.402718
10.420369425
10.53362449
10.540150516
10.539177256
10.549416136
10.545009441
10.638135185
10.663281655
10.682683393
10.690887677
10.69134456
10.684885748
10.678662091
10.670045913
10.659957627
10.658581398
10.682068512
10.688741942
10.673203361
10.643156003
10.637783342
10.689879043
10.721393299
10.719973748
10.703472866
10.701490916
10.704885546
10.65163383
10.538994146
10.389436949
10.191448201
10.331503712
10.222976646
10.246058728
10.076941774
9.850946065
9.602613044
9.191055119
8.743975454
8.300341672
7.86748004
7.491664945
7.137461766
6.825701272
6.354547123
5.811128891
5.347710812
5.001802337
4.725803201
4.468108318
4.215995858
3.956417754
3.687605178
3.37950984
3.077641705
2.771393809
2.505922258
2.403244811
6.208994642
5.937347797
6.211350185
6.304574875
8.558160126
9.019502642
9.05735944
9.082596579
9.103690508
9.109854263
9.09360016
9.058437556
9.135490515
9.142769282
10.123890121
10.609979057
10.619481917
10.619344702
10.620313318
10.613340694
10.581616306
10.49977079
10.375950459
10.229321942
10.036627814
9.752995625
9.323291307
9.002251668
10.194644019
9.925876537
9.604565441
9.16709176
9.672840472
9.660904361
9.559522533
9.528153353
9.470359383
9.443045437
9.371498947
9.21549074
8.973886376
8.633645482
8.234663163
7.721177779
7.018096143
6.205096318
5.403668116
4.888726948
4.445432726
4.035052221
3.632710249
3.248842568
2.943423873
2.61793314
2.383643267
2.23155568
2.139758054
2.086966604
2.055901166
2.033100568
2.017872068
2.0085992
2.31992766
6.015323597
5.762308433
5.383141107
4.929191706
4.399035289
4.789175766
4.642906361
4.248088625
3.95182515
3.597018889
3.23781675
2.984639648
2.776364349
2.539647104
2.261324676
5.004641648
6.051772348
6.015574028
5.946857378
5.873841186
5.785137623
5.646183394
6.066102484
6.052734633
6.007755605
5.923352461
5.821045959
5.691132138
5.576786463
5.388818512
5.171805003
5.942412538
6.109789638
6.093684797
6.085771666
6.079144497
6.071580037
6.066464263
6.056986693
6.033004582
6.000120149
5.937976971
5.850573502
5.984550158
6.12210294
6.129306718
6.14571221
6.199982016
8.585010488
8.85816995
8.860837065
8.85779492
8.861296036
8.89390179
8.925791699
8.920808927
8.921180655
8.919608929
8.92435169
8.931625907
8.917013398
8.871211004
8.849212848
8.915755504
8.922008569
8.924172184
8.880097334
8.830074914
8.757822917
8.741338271
8.651574137
8.807833432
8.845164787
8.881729001
8.885913292
8.875625028
8.875612102
8.864727306
8.862350227
8.867641417
8.864971261
8.873651002
8.863684496
8.817347742
8.824587804
8.864608064
8.860404641
8.870271796
8.876374671
8.891107628
8.897699269
8.908815043
8.928232213
8.936261996
8.942091661
8.951557878
8.950718879
8.959662607
8.97856169
10.123298774
10.518616173
10.523026505
10.533331029
10.541853405
10.540282237
10.550820662
10.550210263
10.544771731
10.530198833
10.520292877
11.422160062
11.405759083
11.381986114
11.361552685
11.340076537
11.152544321
11.131612064
11.265876534
11.285134135
11.302058546
11.298219692
11.282420259
11.268030929
11.215904264
11.185428796
11.155971533
11.108659445
11.065897057
11.012296535
10.944446314
10.873951742
10.778679129
10.697517097
10.974562741
10.611257036
10.612478629
10.530164841
10.388578175
10.889979341
10.282226625
10.296154607
10.259103043
10.167166539
10.293094526
11.064427666
11.077865287
10.697374357
10.672003613
11.026560804
11.028696129
11.047570449
10.718145862
11.075950167
11.085579139
11.091049543
11.092937735
11.090151925
11.094410306
11.071847765
11.052376843
11.05896616
10.996132758
10.944351123
10.874166691
10.794505586
10.706674946
10.617870081
10.526535902
10.48633212
10.392284434
10.222951311
10.665581358
10.963235224
10.950765199
10.953583922
10.952932443
10.933183487
10.925602972
10.908015468
10.881193517
10.802269954
10.704023801
10.609319567
10.791779702
11.110011314
11.28467833
11.311753459
11.324750569
11.323677068
11.31604897
11.283150513
11.243526676
11.178426822
11.086982469
11.187627149
11.306267296
11.28156293
11.242166412
11.168296009
11.045171282
10.815687699
10.655046708
10.433061321
9.804898958
9.371813326
10.074308581
11.191047131
11.136256122
11.053649133
10.930032534
10.680304247
10.335699556
10.497322863
10.822470023
10.702696157
10.562874479
10.344995587
10.153721565
9.767362611
9.2492222
10.376771342
10.389712279
10.326372242
10.330463812
10.230659084
10.129216359
10.029917693
9.813793958
9.476616291
9.132554366
8.750151285
8.314826354
7.769245383
7.170474297
6.498482871
5.856757478
5.346055839
5.560382397
7.003970775
6.641119714
5.966155627
5.119208605
4.829871002
4.551708064
4.358164744
4.24128762
4.133120449
4.055634293
3.990469236
3.934814852
3.878772131
3.825143647
4.027291503
8.246318693
8.257130275
8.226925314
8.2069255
8.196677957
8.120414017
7.973958699
7.806078969
7.596387661
7.335508743
7.08338111
6.8509382
6.378630158
7.843063972
7.992576486
11.038408122
11.480603363
11.485610606
11.51727332
11.543113955
11.564005647
11.559578084
11.545829387
11.498108913
11.405614682
11.25247463
11.406235591
11.48409801
11.467047494
11.415383132
11.457708503
11.464979268
11.450958955
11.399019707
11.308753068
11.108261906
10.785319175
10.1066511
9.113103751
8.381830324
7.79152441
7.303231927
6.967233599
6.693878198
6.433167573
6.110379735
7.136136518
9.218788924
8.147195443
6.173578404
4.685269685
4.16206219
3.917444597
3.726342083
3.790489819
5.251427334
5.405670604
4.640449616
3.628601957
3.283240262
3.15368742
3.067815817
3.013916792
2.975599057
2.948343458
2.931256936
2.92465299
5.462609842
6.976017523
6.956613941
6.876131941
6.655667239
6.266563022
5.637904249
4.822239023
3.957964408
3.346207458
3.031323212
2.968388102
2.948218608
2.930491826
2.918396048
2.908315951
2.905462413
2.898955324
2.900122645
2.898780979
4.405445799
2.894120295
2.891900716
2.89114244
2.88884166
2.887493079
2.88579931
2.886953308
2.885442629
2.882329357
2.881079583
2.891598343
2.901921684
2.90137176
2.889735103
2.887776251
2.884024584
2.882288606
4.747759215
6.932598495
6.858914268
6.753905436
6.620533148
6.354953306
6.649202789
6.832526965
6.698445847
6.579239399
6.524629926
6.388746838
6.147377285
5.990919271
5.824806941
5.580331029
5.160957133
4.577753388
4.004108372
3.454657502
3.065683286
2.947541932
2.913367475
2.899733731
2.889238509
2.885234114
2.881975251
2.875055046
2.869582089
2.868375326
6.453135924
6.606577535
6.162400769
5.738969364
5.440121582
6.917711278
6.873285413
6.945276732
6.922789295
6.881082463
6.789733967
6.642512894
6.501937405
6.344822244
6.278367432
6.156145896
5.974955506
5.897595496
5.85188082
5.783158607
5.553577634
5.300340354
4.893943515
4.525508316
4.244042437
3.944899334
3.715951658
3.580186182
3.474908937
6.83777712
6.939968646
6.924586546
6.901453012
6.8703309
6.807707996
6.74428974
6.576803011
6.380380767
6.254367801
6.147541082
6.074460404
5.962666065
6.108219937
6.472582734
6.429277979
6.360210479
6.358497975
6.89925889
6.989378906
7.2881968
5.657102907
7.668473191
7.892053771
8.09927768
8.291497784
8.440621846
8.408970622
8.384576943
8.399570482
8.650303575
8.788288083
8.814709059
8.833987629
8.86994645
8.858825269
8.805131879
8.79103625
8.798367893
8.868498766
9.021912268
9.100259981
9.098878144
9.142022688
9.337211044
9.823374027
9.976856832
9.999078438
10.022847754
10.037609273
10.043115633
10.029803571
10.032631667
10.038251126
10.054735654
10.059873239
10.057622569
10.036559804
9.059055619
9.072883012
9.128601023
9.136842254
8.903644355
8.917082049
8.933666347
8.933439716
8.935055658
8.925776103
8.915611514
9.126777186
8.945250474
9.138290559
9.154333561
9.15174009
9.149731094
9.14139927
9.134708082
9.127208933
9.095433631
9.252637048
9.295237172
9.308823259
9.324159652
9.332760431
9.346647493
9.355359866
9.365272616
9.345246466
9.392210747
10.326853626
10.442447633
10.445067538
10.44344022
10.435245643
10.424388403
10.407737003
10.395712088
10.39407944
10.364843412
10.333128634
10.30056111
10.257569702
10.222483252
10.160643644
10.196405644
10.253798667
10.220838457
10.147608682
10.092652196
10.080279145
9.996260928
9.906340517
9.99788607
10.085766652
10.005387285
9.876514289
9.852385898
10.011777061
10.120492424
10.123805518
10.136530958
10.145793566
10.15658603
10.166527808
10.163783961
10.224995359
10.415948184
10.435180761
10.453760786
10.4728947
10.51759852
10.522518624
10.525532327
10.511087795
10.492997028
10.486000972
10.472227208
10.465419908
10.469259909
10.460409933
10.447371297
10.44057863
10.53880479
10.528608809
10.534430853
10.510893699
10.457491525
10.392538991
10.51002611
10.472112983
10.360075476
10.112787552
9.995591061
10.22006935
10.164530521
9.89297985
9.590622396
8.928573598
8.355815137
7.914638606
10.239239766
10.417878916
10.447732383
10.466957951
10.486884155
10.492668446
10.493677282
10.458127545
10.379987071
10.409240625
10.427799678
10.400725453
10.329894062
10.137105291
10.287807623
10.49887923
10.498386206
10.489969014
10.468461415
10.392553948
10.198748677
9.911507571
9.973404062
10.542066802
10.567829892
10.598741656
10.624442681
10.641543587
10.646186721
10.635729716
10.62941747
10.655688212
10.671435249
10.6734866
10.685523685
10.685432751
10.686623234
10.700804785
10.699524833
10.694738363
10.709900811
10.717410591
10.713703627
10.714976084
10.714396819
10.719909582
10.726672985
10.721890387
10.721992672
10.719890142
10.717179264
10.710481567
10.707805201
10.692323599
10.674077526
10.622454102
10.558268201
10.465696601
10.359411183
10.184632802
10.077414548
10.686561011
10.690713571
10.691042271
10.706629794
10.714989561
10.729205919
10.729506587
10.737968452
10.729414996
10.717747766
10.700671634
10.616874136
10.462631878
10.212713549
9.809467088
9.1280482
8.2689813
7.45334052
6.607479645
6.057745679
10.438240878
10.580700568
10.582764699
10.572209891
10.577242935
10.635504755
10.649786678
10.656269845
10.653103807
10.641197287
10.585567124
10.452462773
10.199581462
9.742398319
9.173371274
8.571851192
7.914924169
7.204124802
7.181677137
10.54183732
10.565080922
10.561606243
10.563300095
10.535582062
10.410013461
10.122955241
9.616008577
8.993882571
8.366353561
7.793775593
7.167588076
6.691158558
8.122485338
8.544380548
8.092554454
7.396379338
6.383230571
5.359648605
4.45834745
3.892413457
3.468546905
3.23069786
3.38933315
5.686092136
5.357524055
4.47879264
3.561840773
2.91574714
2.868482248
2.853173544
2.855981971
2.785189768
2.74653096
2.670862801
2.582575437
2.50579488
2.442804213
2.419363641
2.37804353
2.334542138
2.290609133
2.250165382
2.213755287
2.179215423
2.150210221
2.123018745
2.097691764
2.07186285
2.065435616
2.073664878
2.069972198
2.066722083
2.054656351
2.032739616
2.051949059
2.084501804
2.103586318
2.091087566
2.04640459
4.638861839
6.048534202
6.040814752
6.007866876
5.940842947
5.868199481
5.737869027
5.598633442
5.474449907
5.324291223
5.182181246
4.926509473
4.732676235
4.560633236
4.430640899
4.140630852
4.067842694
3.964432112
3.794543999
3.500275115
3.33030434
3.186706193
2.930421507
2.673329066
2.42892177
2.210743993
2.072088907
2.031195312
2.001623585
1.981164955
1.968478085
1.960978136
2.546882786
6.027904922
6.017875524
5.999402717
5.978952362
5.962123594
5.987961871
5.974354682
6.349068025
8.763786687
8.778559142
8.787759248
8.809564426
8.825296367
8.846281159
8.861347576
8.861851831
8.858365666
8.854040341
8.852459937
8.851896747
8.80355004
8.749036857
8.692671765
8.85142779
8.884966949
9.727458245
10.472604804
10.485388973
10.492661218
10.489933778
10.465661326
10.45261586
10.417391114
10.420715853
10.47195194
10.570985144
10.581227332
10.582960443
10.590184797
10.591085377
10.59807539
10.600633727
10.225316696
10.592477013
10.593077943
10.584890565
10.582486432
10.573135496
10.575685295
10.563524001
10.578077906
10.599946533
10.611326988
10.615128413
10.60560647
10.598036791
10.597695802
10.594147618
10.589545042
10.588938214
10.579887776
10.562200081
10.544319841
10.530909288
10.572885788
10.625716974
10.618791745
10.623940587
10.624631657
10.629102386
13.171212024
13.160510939
13.163084447
13.159027266
13.154547861
13.145618085
13.150684158
13.146027296
13.15457863
13.153927882
13.156635143
13.160563769
13.156060279
13.150105558
13.148196893
13.144071585
13.140733539
13.129101269
13.124120326
13.119174891
13.109750463
13.105427273
13.099677966
13.087025615
13.088659132
13.075532356
13.055101618
13.044784846
13.012724223
12.98424047
12.944083323
12.9134987
13.113708041
13.125217453
13.126074699
13.122150138
13.128057912
13.126851272
13.108531677
13.092854801
13.082664609
13.076380196
13.061308619
13.033236683
13.018370473
12.993978233
12.916408597
12.825458457
12.75455179
12.702388017
12.660453722
12.49039251
12.298523879
13.024047696
13.128937794
13.130042277
13.128374878
13.133463634
13.139417285
13.136874494
13.160591485
13.162090918
13.164584467
13.165921501
13.157861442
13.14762872
13.148577222
13.168397722
13.182776264
13.186551356
13.187147324
13.19606747
13.194264127
13.190345108
13.188644207
13.154478401
13.092328232
13.049705293
13.008042425
12.868416047
12.730376383
12.626407741
12.549997457
12.274727084
12.050528506
11.963503098
11.701461792
11.567576308
11.495945837
12.701330854
12.97226785
12.721509269
12.477750318
12.177177276
11.811292977
11.277248039
10.704207531
10.043707691
9.514785297
9.059002621
9.022625516
12.088766981
11.965975448
11.911526064
11.851259334
11.73207903
11.554231736
12.46570134
12.970286662
13.010565444
13.038109612
13.066253714
13.095177174
13.104331194
13.101940578
13.099353224
13.10560875
13.140342538
13.15727147
13.169112382
13.196545003
13.204013458
13.207690818
13.198473923
13.19381888
13.163233552
13.071779024
12.936581513
12.787137518
12.763812551
12.685667148
12.613195172
13.192095483
13.192873206
13.186353512
13.149513127
13.146611448
13.192491905
13.204660911
13.207656233
13.221557461
13.233493375
13.229442689
13.230475791
13.241390261
13.244931494
13.226384836
13.24071759
13.255095619
13.261248076
13.268357712
13.270620132
13.288490065
13.299753622
13.298832851
13.29818974
13.302181651
13.295274704
13.287350887
13.265579119
13.147924397
12.954602669
12.706312748
13.26827194
13.294288961
13.29952137
13.303446646
13.300017017
13.277556191
13.21285306
13.27200135
13.177138883
12.970412847
12.642972649
12.164192588
11.405190664
10.470603368
9.762553047
12.193793659
11.834177804
11.325503655
11.019167089
10.637682908
10.334654078
9.722892364
9.00997637
8.343770117
7.771632077
7.396586265
7.520961802
11.036438324
10.821336394
10.475764495
10.124444933
9.572342597
8.382213592
10.519406847
10.491728386
10.367124648
10.115042156
9.723859525
9.214407467
8.217646283
6.909530936
6.180256069
5.914204126
5.727103868
9.254617574
9.374703431
8.794113586
7.54503283
6.513660251
5.603772695
5.287992936
5.111769807
4.974182453
4.869493822
4.800536317
4.743155373
4.680783623
4.61413431
4.570025321
4.536326986
4.513923048
4.49752634
4.48989926
4.481335176
4.478879991
4.472876987
4.470404928
4.468317057
4.466464915
8.035428373
8.330656917
7.812630825
7.568838356
7.469873365
6.640591794
5.418963233
4.711400897
4.576990886
4.544308135
4.514590159
4.491910095
4.485940598
4.736775959
5.314114874
4.930963827
4.606881327
4.539291538
7.398076526
5.71324139
5.693962574
5.982144328
6.729598142
6.287441518
5.794210767
8.363935871
7.350032389
8.544185937
8.560993847
12.515969416
13.068950562
13.08520567
13.078445544
13.025326782
12.9201072
12.825325986
13.121273668
13.128122294
13.126295689
13.106546052
13.059941511
12.971426011
12.866807348
12.738608249
12.552253534
12.360154763
12.801413821
12.648073564
12.728687228
12.587512672
12.378907734
12.111135386
11.725918301
11.305754941
10.835305272
10.741164958
10.598939896
10.24295131
9.685449819
8.990077502
8.559890661
8.16369565
7.919336137
7.728314144
7.533285108
7.388311262
7.292883649
7.269979482
7.239051388
7.198715969
7.152936068
7.102148925
7.058439047
7.014657589
7.540097794
13.046234156
13.066861218
13.084295592
13.086402669
13.094508464
13.094197714
13.09123376
13.072239284
13.066668501
13.051244322
13.035566243
13.018836824
12.996291135
12.962262549
12.895992326
12.780284926
12.595670658
12.459155106
12.367424152
12.36805139
12.21888153
12.051850952
11.938711099
11.78669844
11.792074201
11.832713885
11.678697755
11.496063103
11.345245606
11.267878748
12.452136268
12.766843808
12.736895056
12.718963821
12.69517711
12.664198944
12.633876812
12.621601802
12.617960978
12.582360491
12.540839761
12.478443544
12.422329415
12.600614267
12.582874384
12.273630244
12.264196609
12.247641339
12.390950206
12.374632676
12.418374972
12.470961889
12.565095473
12.558228833
12.511656701
12.480419924
12.416405703
12.2904996
12.223463775
12.208554198
12.278767775
12.178979584
12.028214341
11.865236764
11.761799624
11.884921697
12.34916062
12.466150183
12.452355215
12.390816145
12.318517207
12.165926723
12.151782142
12.537901498
13.00016079
13.032817079
13.052896057
13.072751408
13.08236658
13.097165131
13.121442168
13.135838663
13.148912622
13.149599096
13.147270907
13.139347049
13.132024891
13.12718709
13.111187319
13.096394259
13.074194082
13.043603852
13.017308165
12.983614698
12.981515536
13.023959029
12.982882098
12.906412551
12.81659035
12.778452038
12.765953703
12.653797679
12.695983028
13.163139314
13.203029454
13.203900969
13.211213623
13.224732086
13.235988171
13.265844629
13.266784451
13.260372397
13.268110732
13.250094768
13.235845341
13.229228609
13.237730874
13.238806482
13.208988676
13.166240203
13.111002047
13.007029273
12.983783043
13.033751456
12.88400704
12.714419911
12.663080827
12.544178294
12.302901267
12.119510636
12.090130792
11.998350257
11.899689203
11.875736763
11.972870721
11.8747122
11.738774378
11.503349979
11.12610061
10.653387919
10.406587499
10.080013886
9.682513577
9.521688466
9.443186398
9.582932911
12.982108922
13.014341471
13.021181555
13.036179228
13.164490153
13.185353994
13.200975345
13.212068374
13.222909199
13.207130828
13.170906028
13.078847665
12.922162333
12.64337561
12.373740807
12.718997895
13.27497412
13.281851279
13.286047708
13.289055059
13.292807648
13.290413213
13.284782285
13.278189484
13.270532274
13.273952663
13.263873816
13.250315579
13.286747367
13.292361663
13.304915841
13.307277753
13.316979413
13.322724671
13.325333692
13.314895968
13.304721606
13.274592834
13.197280911
13.101784378
12.959176726
12.796390479
12.697141791
13.274712896
13.212056252
13.097118308
12.902742236
12.596202987
11.992517324
13.060279413
12.998489962
13.156841339
13.212871316
13.22799675
13.236937429
13.240021
13.241936988
13.237561099
13.225340214
13.175556203
13.259265119
13.2371609
13.162812989
12.992086757
12.766029203
13.06849043
13.210929846
13.219719403
13.237311532
13.242162308
13.224009022
13.132035884
12.995760483
12.793708512
12.416843837
11.960813685
11.369180496
10.714985236
10.299580832
9.815014191
9.275463608
8.881124027
8.742036635
8.563682084
8.350494949
8.172322685
8.018439496
7.82969317
7.652494689
7.486725538
7.338497613
7.180704758
6.99864581
7.076550226
10.926459343
10.868153047
11.082516306
13.152574431
13.159116982
13.132007649
13.071433722
12.98676084
13.042309984
12.818160143
12.369785345
11.564835854
10.358611698
9.190908656
8.869627864
11.897494799
11.613976058
10.966246567
9.737843351
7.94242178
6.7657903
6.208329211
5.846947566
5.718585398
5.637833917
5.557961051
5.485927714
5.423727244
5.355180475
5.278323981
5.213544753
5.168526604
5.145630743
5.085692881
9.033469863
8.841789337
9.951011447
10.389369916
10.45814969
10.545162017
10.694023973
12.51437713
13.177871714
13.220440114
13.23796426
13.254030964
13.256688822
13.302716613
13.303945928
13.290847001
13.230597767
13.123167209
13.069278137
13.320992133
13.32399512
13.31760371
13.312621671
13.290335581
13.212889985
13.043378083
12.819453827
12.537241384
12.182334808
11.877272727
11.628418905
11.144413556
10.287198574
9.597081268
9.05093062
8.617439093
8.283860759
8.01139127
7.75953811
7.543868655
7.35745733
7.150055876
6.922191163
6.689462531
6.511656652
10.385935034
10.388785856
10.286842058
10.172781779
9.997119848
9.766203211
9.458084054
9.125864918
10.333333108
13.006972581
13.19036885
13.215563819
13.242242879
13.252830162
13.252096746
13.255916154
13.273397669
13.306570188
13.313613464
13.322027213
13.315939942
13.312402977
13.293344216
13.269502176
13.249474105
13.199813704
13.13833088
13.227047392
13.200976758
13.163373352
13.113649253
13.029401763
12.937400779
12.970992855
13.261662584
13.263628234
13.270537044
13.269865197
13.262015403
13.232279812
13.196523434
13.162471651
13.109231188
13.029533991
12.992955856
12.947717108
12.831604004
12.775352445
12.714719589
12.502342395
12.355976559
12.263060732
12.33211038
12.274300472
12.224271985
12.158079239
12.063992172
12.080329657
12.05280783
11.797734063
11.861657417
11.578901936
11.245137362
11.051856133
10.923317106
10.735645343
10.660242261
10.605382452
10.496557269
10.365390965
10.305435168
10.278071204
10.168924811
10.005851454
9.94367008
9.902894183
9.866892749
9.903394031
9.579195078
9.442768453
9.296380503
9.202777619
9.176368381
9.137930529
9.102687443
9.024113794
8.967747495
8.900260337
8.836961631
8.791582922
8.777682545
8.759676039
9.272895659
12.377226125
12.463514747
12.508642234
12.788268023
12.878636408
12.925275139
12.954323431
12.962752835
12.974121611
12.979431366
12.979381261
12.972221693
16.277958957
16.279792369
16.282138109
16.280613894
16.279327242
16.507805528
16.517231947
16.52440917
16.521174409
16.522348923
16.513234468
16.491760447
16.494114727
16.487863688
16.471487095
16.276645347
16.271375325
16.26613061
16.257896849
16.442840936
16.442450794
16.399577233
16.34842518
16.309636035
16.274026877
16.249360273
16.227755527
16.146817069
16.057530706
15.979692256
15.954251762
15.855298234
15.751158549
15.674156825
15.585773309
15.448956658
15.362264149
15.334022098
15.333881963
15.374212615
15.24938528
15.129104032
16.091306475
15.090171912
15.205892994
15.385719862
15.271811081
15.762892779
16.089936418
16.170626694
16.463549846
16.609495993
16.629343699
16.653555462
16.676807215
16.69491223
16.71150102
16.731132752
16.756928275
16.772560357
16.782076571
16.789304708
16.791424333
16.791850355
16.786027593
16.780946112
16.776087979
16.779295285
16.774390115
16.768382049
16.746412264
16.724074511
16.699342107
16.666767039
16.635257817
16.56019159
16.572030371
16.559373502
16.49602597
16.440805239
16.369897525
16.345061884
16.325438223
16.21768308
16.324807719
16.770135646
16.802115744
16.818203745
16.824478543
16.82890272
16.819191144
16.814367164
16.825801775
16.814606817
16.801627305
16.800260272
16.782521105
16.76949526
16.773103594
16.751112599
16.706139108
16.655872732
16.613810584
16.454973135
16.299014687
16.209424204
16.186296093
16.023892308
15.783605978
15.601244827
16.636702469
16.797888072
16.813470669
16.827746092
16.829776656
16.84323812
16.847686144
16.844660686
16.834541236
16.823109713
16.804240164
16.808174075
16.863515476
16.874251238
16.876648081
16.875206572
16.871506237
16.842859396
16.79123962
16.682839735
16.552902845
16.406798481
16.204321189
16.005141973
16.565896227
16.865003971
16.874538664
16.875606963
16.882272159
16.894402346
16.904000736
16.903534843
16.907210406
16.899976051
16.903135123
16.917693607
16.92288314
16.919418208
16.890602549
16.819234657
16.670266375
16.427733946
15.934850276
15.051713844
14.338917797
14.355497812
14.501891366
15.972721621
16.457616861
16.326436481
16.13501622
15.827948224
15.342885728
14.902212502
13.848462061
12.685467416
11.868725893
11.430483931
11.099271002
10.823381307
11.031326462
13.048389649
12.637492728
14.073759171
14.011060074
16.331710885
16.695683362
16.696584531
16.677928272
16.638031713
16.606170242
16.639621805
16.627187357
16.610948828
16.585638287
16.537285908
16.439174277
16.272658419
15.996051145
15.600476922
15.113140201
14.372250673
13.516446779
12.702401451
12.12060457
11.739857701
11.47972535
11.220679433
10.958811606
10.727361662
10.359330686
9.901367857
9.514474357
9.198934201
9.050511379
8.92264319
8.812810408
8.714353573
8.603935699
8.51539738
12.338465986
12.548807196
12.503298418
12.359790426
12.033870388
11.492920043
10.759389151
9.69800186
8.813414528
8.588142879
8.640569382
8.562722882
8.455970112
8.411403224
9.789391796
12.35951614
12.371981048
12.185618766
11.726205274
10.473686889
12.315910522
12.38736003
12.268520342
12.006710776
11.478585349
10.300581739
8.991227268
8.494734034
8.405899769
8.35946189
8.319487872
8.289335621
8.256584686
8.227181557
8.202515808
8.186425525
12.800078502
16.699445105
16.728313686
16.754138601
16.775826669
16.782496238
16.783945756
16.788959241
16.786742228
16.771911878
16.746211753
16.7479177
16.758210184
16.745803567
16.718458723
16.649115888
16.526807803
16.751142122
16.812141404
16.822932103
16.834404006
16.841985738
16.852669914
16.855090939
16.859370992
16.858149043
16.861594889
16.860500479
16.854694778
16.848622007
16.827585433
16.787770309
16.717939339
16.865844154
16.888903424
16.900199576
16.90175141
16.891262133
16.892991114
16.898090594
16.897157367
16.886903317
16.882923176
16.878751954
16.879295569
16.887712544
16.896851702
16.893209927
16.8897777
16.8895159
16.880852654
16.886680558
16.887673761
16.889858329
16.890012019
16.887066377
16.882295791
16.88064626
16.88582504
16.88635349
16.879839279
16.879299475
16.874015096
16.872583037
16.871411296
16.85972422
16.857387303
16.843163255
16.834374867
16.835927642
16.8338029
16.829537414
16.826944627
16.828764637
16.822592355
16.809170689
16.804717539
16.79967891
16.795547653
16.787141228
16.780756982
16.77357854
16.738631268
16.72291973
16.703592333
16.676908315
16.672743784
16.690016428
16.795753919
16.80144885
16.81097787
16.811491865
16.81434159
16.821535214
16.819994931
16.823872915
16.829970243
16.83089698
16.828170536
16.833841327
16.838042427
16.844277267
16.845362345
16.848122258
16.844062767
16.847548422
16.84193616
16.846528585
16.842317506
16.837800751
16.84094624
16.832446616
16.832550995
16.847145011
16.852877032
16.851283795
16.847610983
16.843398609
16.850893573
20.541839819
20.536310439
20.540751832
20.545581092
20.550549917
20.552358739
20.560544965
20.555742511
20.553194083
20.543399596
20.546806884
20.550693929
20.551999314
20.551830112
20.550197148
20.550905796
20.550587999
20.54787401
20.5402003
20.535460569
20.531837572
20.534851043
20.527391206
20.524567404
20.521512183
20.516346831
20.516120255
20.510795379
20.507711653
20.500939155
20.494425235
20.500972147
20.508126875
20.508811374
20.509422445
20.498865645
20.492838965
20.501833477
20.498019322
20.493664915
20.488013621
20.490092405
20.489743226
20.489620752
20.490179684
20.484052276
20.473105075
20.471555934
20.466420133
20.458545345
20.462503863
20.46534066
20.456330575
20.453039503
20.441623858
20.441199556
20.436724126
20.428045383
20.416673767
20.413773662
20.413573007
20.407527932
20.399175423
20.401220411
20.397838791
20.396733242
20.398220958
20.412145222
20.409491257
20.492332344
20.498893416
20.512234086
20.512713693
20.518708768
20.522679477
20.523015771
20.525330988
20.526310625
20.528946004
20.526551329
20.527125823
20.525724588
20.534863328
20.527774794
20.52254983
20.51144899
20.489941103
20.469334373
20.500815121
20.503099003
20.499687988
20.49414923
20.48006452
20.514382558
20.535810124
20.544336841
20.554990158
20.560724837
20.559701869
20.557007176
20.540423229
20.494187852
20.49749696
20.544422851
20.557559398
20.562523653
20.566002423
20.568536924
20.563053644
20.558423323
20.525072122
20.415982803
20.508829473
20.556492925
20.562969168
20.556755826
20.513614385
20.32545792
20.132312084
20.348686862
20.567134192
20.579685736
20.582759658
20.591395964
20.592277522
20.596020247
20.591067714
20.59485995
20.601030145
20.595060962
20.602062576
20.607114647
20.605959738
20.606218901
20.603947402
20.600575665
20.595028003
20.589824796
20.602509831
20.600541399
20.609734408
20.616402886
20.623147319
20.625538325
20.6333764
20.640758055
20.637502251
20.634564088
20.638107104
20.645341503
20.64446873
20.643191801
20.645502467
20.640556287
20.640200871
20.635221577
20.631697359
20.632092471
20.615035551
20.602619152
20.628195738
20.625444688
20.628230272
20.624599718
20.621951686
20.628356415
20.634068511
20.641392451
20.637165428
20.643853007
20.649029543
20.647239741
20.634795918
20.617430262
20.641465023
20.645893161
20.645552484
20.633056676
20.573668225
20.410046806
20.170886318
19.873513516
19.544345317
19.073404212
18.45604625
17.801058441
17.161219005
16.866801538
16.34672346
15.865431161
15.436586662
15.093716055
14.833814062
14.595787641
14.396028911
14.230911729
14.095837092
13.975249709
13.829009727
13.669505105
13.528131284
13.404574614
13.283544547
13.158208732
13.018665458
12.880209236
12.751990333
12.639336271
12.535663441
12.433713322
12.35562759
12.279797462
12.221531708
12.187911807
12.176288919
12.152195386
12.112599613
12.068807719
12.020472689
11.978968788
11.954736677
11.938031394
11.907953391
11.882118066
11.858820879
11.852813942
11.848586196
11.844025299
11.837889518
11.844583811
11.864042766
11.864629948
11.853550609
11.836779244
11.825029513
11.832473911
12.858871367
14.532720362
15.852115425
15.869917308
15.806339986
15.869086199
15.93113638
15.956357115
15.959200315
15.912098999
15.77682702
15.523163878
15.175188016
14.708914436
14.041370692
13.44089891
12.948224177
12.566297921
12.289127702
15.884684749
16.017670819
15.823004188
15.452431347
14.890457759
14.097177125
13.155123297
12.433448441
15.89324217
16.001530544
15.996803896
16.02618056
16.021666998
15.972610002
15.836570166
15.597473973
15.292553897
14.913527336
14.391280337
13.614229937
12.837399511
12.384450978
12.144931235
12.017257779
11.950468561
11.910729391
11.900012705
15.219986919
15.691772893
15.528199041
15.256577366
14.916338932
14.652154685
13.932035489
13.329340658
12.812250337
12.417807334
12.147611727
11.986643588
11.916172142
11.894497136
14.880107628
16.917816074
19.730504135
20.174858399
20.161181082
20.150838264
20.296528074
20.338955795
20.354481199
20.361903899
20.363303316
20.37354411
20.386364048
20.037837519
20.419290995
20.438166973
20.443295186
20.457466452
20.459162077
20.454174418
20.448495066
20.4492411
20.446042025
20.440935218
20.437573193
20.432373815
20.426867864
20.418931355
20.415430524
20.410002639
20.408349825
20.4078251
20.403741015
20.402073753
20.39351423
20.439659584
20.477608082
20.491835338
20.491596961
20.488763003
20.487557973
20.489575292
20.498423038
20.495248079
20.488435532
20.487179627
20.482279775
20.475365995
20.465223177
20.46105964
20.457668795
20.44962893
20.439028995
20.426934061
20.418902751
20.408286606
20.393535629
20.381895669
20.383975194
20.376607568
20.344136618
20.331230622
20.32906874
20.324552242
20.316066304
20.398770075
20.458074173
20.458706431
20.465118243
17.086298439
17.096116385
17.099195156
17.101381195
17.100572708
17.099443887
17.094901765
17.092550399
17.096629763
17.100698604
17.089327138
17.085248204
17.081694966
17.089554327
17.089299121
17.081892031
17.117355782
17.126490306
17.122890371
17.122112863
17.117870857
17.122668619
17.132909635
17.132593829
17.132817126
17.140522348
17.139530249
17.145690774
17.146171271
17.146041028
17.146429162
17.144407895
17.143298226
17.140014107
17.129712119
17.127522687
17.130056569
17.138871086
17.142337885
17.147891579
17.141099207
17.140754539
17.141540416
17.143838271
17.141899509
17.141858484
17.141357711
17.146009084
17.143511704
17.138222142
17.132065137
17.119819941
17.114444063
17.112295228
17.115541684
17.109032309
17.100601604
17.083364025
17.082772178
17.066712887
17.052422086
17.026496925
17.00669672
16.98071502
16.953466767
16.913721614
16.854295268
16.849782835
17.071417399
17.054339844
17.045448224
17.026718924
17.023305857
17.067207827
17.071045733
17.072751915
17.08900289
17.126328721
17.149530064
17.151754572
17.146310578
17.150543995
17.159522397
17.167330136
17.166784324
17.16996905
17.1652216
17.166790113
17.158753465
17.155658892
17.170971818
17.174917902
17.173700701
17.171578739
17.160627415
17.161315734
17.168449195
17.16969569
17.154978058
17.081490227
16.95767889
16.883101164
17.15320448
17.160304817
17.156762723
17.165559389
17.166636388
17.159165397
17.156005733
17.155766203
17.161345923
17.158530132
17.176057109
17.184775287
17.192982961
17.190655929
17.184459463
17.181636358
17.167725855
17.135917227
17.043197093
16.861106148
16.595354243
16.325300214
15.931738945
15.066091609
14.29909611
13.67373352
16.22180869
16.068745727
15.862306694
15.59460861
15.849642374
15.877113166
15.871049601
16.318465884
16.995062489
17.02573921
17.045938484
17.047864828
17.052703024
17.055138176
17.089322002
17.121631549
17.147041063
17.154662611
17.168104238
17.172965271
17.175880352
17.179480995
17.174133212
17.164376169
17.105925204
17.018256756
16.893557806
16.731030149
16.905380827
16.63016266
16.188441003
15.599957844
14.846129119
13.668084078
12.805132604
12.118284358
11.556298463
11.068835632
10.6037377
10.168670885
9.780736432
9.428800503
10.318645337
13.20715773
13.19033958
15.885796731
15.897484478
15.874723938
15.835316102
15.819083617
15.811369967
15.761053812
15.692821955
15.558048907
15.409391799
15.189971379
14.857890504
14.476738009
13.955416415
13.382613848
12.981367898
12.873885443
12.481597583
13.518693771
14.562617446
14.492918312
14.395231531
14.223424072
13.944496473
13.585531777
12.786353692
11.549848228
10.430410844
9.67515558
9.320453358
9.154958012
9.05607233
8.981066864
8.915549087
8.859082526
8.813450016
12.202982802
12.975778925
13.743162478
13.918687627
13.986006333
13.956719681
13.807970065
13.539749131
13.871669758
14.041091529
14.117685551
14.094782781
13.918478479
13.57125434
13.093757153
12.542957019
11.813636603
10.913394616
9.962862104
9.250078435
9.010325758
8.820102544
8.704704753
8.633531091
8.585695971
8.550772681
8.517910559
8.494596001
8.47764614
8.463128261
8.458878039
8.617957672
8.712021175
11.630672484
12.566113913
16.078849692
17.028158242
17.058985078
17.067605578
17.076441178
17.081441717
17.069179566
17.045862844
17.084155509
17.133860567
17.151899387
17.155515942
17.155472091
17.149516768
17.150162038
17.135718996
17.101210089
17.037921246
16.941817944
16.786847201
16.601384886
16.981574402
17.083405443
17.099944296
17.108853401
17.111745033
17.113839005
17.100466015
17.054465648
16.981371268
16.85033899
16.643733476
16.428838906
16.125030431
15.837868455
15.639907068
15.372912797
15.070641967
14.818181853
14.583859191
14.31834596
13.864763998
13.331191957
13.066947008
12.792353567
12.514856031
12.388952517
12.333406769
12.227463788
12.185793037
11.977342195
11.79892181
11.635808302
11.513260154
11.443359313
15.310948769
16.840218117
16.856091251
16.893793308
16.896968191
16.91126042
16.937286715
16.957798776
16.972890169
16.988434807
16.998413256
17.011688789
17.019609749
17.023449533
17.030723032
17.035609734
17.023999255
17.023206198
17.019689435
17.010065198
17.012777089
16.99046826
16.971022583
16.950268365
16.939008206
16.929659106
16.927904481
16.947234874
16.950880885
16.970053006
17.037016361
17.039308022
17.049345809
17.049789622
17.057159943
17.055956758
17.04610431
17.045285993
17.04997394
17.046783442
17.047201105
17.045160154
17.044018592
17.04354905
17.039391532
17.034379063
17.034423625
17.03248508
17.045977104
17.060428443
17.055266596
17.059375259
17.059139564
17.057965637
17.062504276
17.057853114
17.055384979
17.053784554
17.059762118
17.048489583
17.042761181
17.038271976
17.036651214
17.037119199
17.031432434
17.076582852
17.077322924
