20090901
20201231
0.908114387
0.908114387
0.908114387
0.908114387
0.908114387
0.429019617
0.429019617
0.429019617
0.429019617
0.429019617
0.429019617
0.429019617
0.429019617
0.300352929
0.300352929
0.300352929
0.300352929
0.300352929
0.300352929
0.300352929
0.300352929
0.45430218
0.45430218
0.45430218
0.45430218
0.45430218
0.45430218
0.45430218
0.45430218
0.177369919
0.179951276
0.179951276
0.179951276
0.179951276
0.179951276
0.179951276
0.179951276
0.102900315
0.102900315
0.102900315
0.102900315
0.102900315
0.102900315
0.102900315
0.102900315
0.210075716
0.210075716
0.210075716
0.210075716
0.210075716
0.210075716
0.210075716
0.210075716
0.171599946
0.171599946
0.171599946
0.171599946
0.171599946
0.171599946
0.171599946
0.171599946
0.231284404
0.231284404
0.231284404
0.231284404
0.231284404
0.231284404
0.231284404
0.231284404
0.176791136
0.176791136
0.176791136
0.176791136
0.176791136
0.176791136
0.176791136
0.176791136
0.139664997
0.139664997
0.139664997
0.139664997
0.139664997
0.139664997
0.139664997
0.139664997
0.101810895
0.101810895
0.101810895
0.101810895
0.101810895
0.101810895
0.144393586
0.144393586
0.040707487
0.040707487
0.040707487
0.040707487
0.040707487
0.040707487
0.040707487
0.040707487
0.078022684
0.078022684
0.078022684
0.078022684
0.078022684
0.078022684
0.078022684
0.078022684
0.068140794
0.068140794
0.068140794
0.068140794
0.068140794
0.068140794
0.068140794
0.068140794
0.005309672
0.005309672
0.005309672
0.005309672
0.005309672
0.000510293
0.000510293
0.000510293
0.000510293
0.000510293
0.000510293
0.000510293
0.000510293
0.028270235
0.028270235
0.028270235
0.028270235
0.028270235
0.028270235
0.028270235
0.028270235
0.059500169
0.059500169
0.059500169
0.059500169
0.059500169
0.059500169
0.059500169
0.059500169
0.018064374
0.018064374
0.018064374
0.018064374
0.018064374
0.018064374
0.018064374
0.018053643
0.02070559
0.02070559
0.02070559
0.02070559
0.02070559
0.02070559
0.02070559
0.02070559
0.037637256
0.037637256
0.037637256
0.037637256
0.037637256
0.037637256
0.037637256
0.037637256
0.050387003
0.050387003
0.050387003
0.050387003
0.050387003
0.050387003
0.050387003
0.050387003
0.065074713
0.065074713
0.065074713
0.05635808
0.05635808
0.05635808
0.05635808
0.05635808
0.082240396
0.082240396
0.082240396
0.082240396
0.082240396
0.082240396
0.082240396
0.082240396
0.128439889
0.128439889
0.128439889
0.128439889
0.128439889
0.128439889
0.128439889
0.128439889
0.12384644
0.12384644
0.12384644
0.12384644
0.12384644
0.12384644
0.12384644
0.12384644
0.258823159
0.258823159
0.291306049
0.291306049
0.291306049
0.291306049
0.291306049
0.291306049
0.507449172
0.507449172
0.507449172
0.507449172
0.507449172
0.507449172
0.507449172
0.507449172
0.325706012
0.325706012
0.325706012
0.325706012
0.325706012
0.325706012
0.325706012
0.325706012
0.905733142
0.905733142
0.905733142
0.905733142
0.905733142
0.905733142
0.905733142
0.905733142
1.138944024
1.138944024
1.138944024
1.138944024
1.138944024
1.138944024
1.138944024
1.138944024
0.61170854
0.61170854
0.61170854
0.61170854
0.61170854
0.61170854
0.61170854
0.61170854
1.403797958
1.403797958
1.403797958
1.403797958
1.403797958
1.403797958
1.403797958
1.403797958
1.435629877
1.435629877
1.435629877
1.435629877
1.435629877
1.435629877
1.435629877
1.572233264
1.249234998
1.249234998
1.249234998
1.249234998
1.249234998
1.249234998
1.249234998
1.249234998
0.958615531
0.958615531
0.958615531
0.958615531
0.958615531
0.958615531
0.958615531
0.958615531
1.212569111
1.212569111
1.212569111
1.212569111
1.212569111
1.212569111
1.212569111
1.212569111
1.075720736
1.075720736
1.075720736
1.075720736
1.075720736
1.149015723
1.149015723
1.149015723
0.978983087
0.978983087
0.978983087
0.978983087
0.978983087
0.978983087
0.978983087
0.978983087
1.402196849
1.402196849
1.402196849
1.402196849
1.402196849
1.402196849
1.402196849
1.402196849
1.04718895
1.04718895
1.04718895
1.04718895
1.04718895
1.04718895
1.04718895
1.04718895
1.241684113
1.241684113
1.241684113
1.241684113
1.046637396
1.046637396
1.046637396
1.046637396
1.091940218
1.091940218
1.091940218
1.091940218
1.091940218
1.091940218
1.091940218
1.091940218
0.627840232
0.627840232
0.627840232
0.627840232
0.627840232
0.627840232
0.627840232
0.627840232
0.594117055
0.594117055
0.594117055
0.594117055
0.594117055
0.594117055
0.594117055
0.594117055
0.484516729
0.484516729
0.484516729
0.467433433
0.467433433
0.467433433
0.467433433
0.467433433
0.501339506
0.501339506
0.501339506
0.501339506
0.501339506
0.501339506
0.501339506
0.501339506
0.512216888
0.512216888
0.512216888
0.512216888
0.512216888
0.512216888
0.512216888
0.512216888
0.448226525
0.448226525
0.448226525
0.448226525
0.448226525
0.448226525
0.448226525
0.448226525
0.438133099
0.444509478
0.444509478
0.444509478
0.444509478
0.444509478
0.444509478
0.444509478
0.374318538
0.374318538
0.374318538
0.374318538
0.374318538
0.374318538
0.374318538
0.374318538
0.321526203
0.321526203
0.321526203
0.321526203
0.321526203
0.321526203
0.321526203
0.321526203
0.236123912
0.236123912
0.236123912
0.236123912
0.236123912
0.236123912
0.236123912
0.236123912
0.227124612
0.227124612
0.227124612
0.227124612
0.227124612
0.227124612
0.227124612
0.227124612
0.147672596
0.147672596
0.147672596
0.147672596
0.147672596
0.147672596
0.147672596
0.147672596
0.134257268
0.134257268
0.134257268
0.134257268
0.134257268
0.134257268
0.134257268
0.134257268
0.107530608
0.107530608
0.107530608
0.107530608
0.107530608
0.107530608
0.152505586
0.152505586
0.121237516
0.121237516
0.121237516
0.121237516
0.121237516
0.121237516
0.121237516
0.121237516
0.074777884
0.074777884
0.074777884
0.074777884
0.074777884
0.074777884
0.074777884
0.074777884
0.058996358
0.058996358
0.058996358
0.058996358
0.058996358
0.058996358
0.058996358
0.058996358
0.10221119
0.10221119
0.10221119
0.10221119
0.10221119
0.064909275
0.064909275
0.064909275
0.064909275
0.064909275
0.064909275
0.064909275
0.064909275
0.018064374
0.018064374
0.018064374
0.018064374
0.018064374
0.018064374
0.018064374
0.018064374
0.081544828
0.081544828
0.081544828
0.081544828
0.081544828
0.081544828
0.081544828
0.081544828
0.119204455
0.119204455
0.119204455
0.119204455
0.119204455
0.119204455
0.119204455
0.119133644
0
0
0
0
0
0
0
0
0.122907569
0.122907569
0.122907569
0.122907569
0.122907569
0.122907569
0.122907569
0.122907569
0.234391364
0.234391364
0.234391364
0.234391364
0.234391364
0.234391364
0.234391364
0.234391364
0.188288276
0.188288276
0.188288276
0.163067424
0.163067424
0.163067424
0.163067424
0.163067424
0.182324574
0.182324574
0.182324574
0.182324574
0.182324574
0.182324574
0.182324574
0.182324574
0.23797597
0.23797597
0.23797597
0.23797597
0.23797597
0.23797597
0.23797597
0.23797597
0.242127741
0.242127741
0.242127741
0.242127741
0.242127741
0.242127741
0.242127741
0.242127741
0.270395116
0.270395116
0.304330312
0.304330312
0.304330312
0.304330312
0.304330312
0.304330312
0.485476941
0.485476941
0.485476941
0.485476941
0.485476941
0.485476941
0.485476941
0.485476941
0.498600626
0.498600626
0.498600626
0.498600626
0.498600626
0.498600626
0.498600626
0.498600626
0.440935948
0.440935948
0.440935948
0.440935948
0.440935948
0.440935948
0.440935948
0.440935948
0.731516056
0.731516056
0.731516056
0.731516056
0.731516056
0.731516056
0.731516056
0.731516056
1.071468596
1.071468596
1.071468596
1.071468596
1.071468596
1.071468596
1.071468596
1.071468596
0.939505201
0.939505201
0.939505201
0.939505201
0.939505201
0.939505201
0.939505201
0.939505201
1.163152766
1.163152766
1.163152766
1.163152766
1.163152766
1.163152766
1.163152766
1.273829347
1.457158786
1.457158786
1.457158786
1.457158786
1.457158786
1.457158786
1.457158786
1.457158786
1.000471052
1.000471052
1.000471052
1.000471052
1.000471052
1.000471052
1.000471052
1.000471052
1.142283424
1.142283424
1.142283424
1.142283424
1.142283424
1.142283424
1.142283424
1.142283424
0.659196252
0.659196252
0.659196252
0.659196252
0.659196252
0.704111051
0.704111051
0.704111051
0.652173371
0.652173371
0.652173371
0.652173371
0.652173371
0.652173371
0.652173371
0.652173371
0.644220037
0.644220037
0.644220037
0.644220037
0.644220037
0.644220037
0.644220037
0.644220037
0.599512661
0.599512661
0.599512661
0.599512661
0.599512661
0.599512661
0.599512661
0.599512661
0.620239531
0.620239531
0.620239531
0.620239531
0.522810819
0.522810819
0.522810819
0.522810819
0.405389155
0.405389155
0.405389155
0.405389155
0.405389155
0.405389155
0.405389155
0.405389155
0.479844241
0.479844241
0.479844241
0.479844241
0.479844241
0.479844241
0.479844241
0.479844241
0.550033143
0.550033143
0.550033143
0.550033143
0.550033143
0.550033143
0.550033143
0.550033143
0.514684752
0.514684752
0.514684752
0.496537779
0.496537779
0.496537779
0.496537779
0.496537779
0.562488031
0.562488031
0.562488031
0.562488031
0.562488031
0.562488031
0.562488031
0.562488031
0.445972653
0.445972653
0.445972653
0.445972653
0.445972653
0.445972653
0.445972653
0.445972653
0.404619004
0.404619004
0.404619004
0.404619004
0.404619004
0.404619004
0.404619004
0.404619004
0.370418947
0.375809847
0.375809847
0.375809847
0.375809847
0.375809847
0.375809847
0.375809847
0.223895179
0.223895179
0.223895179
0.223895179
0.223895179
0.223895179
0.223895179
0.223895179
0.34946339
0.34946339
0.34946339
0.34946339
0.34946339
0.34946339
0.34946339
0.34946339
0.318046482
0.318046482
0.318046482
0.318046482
0.318046482
0.318046482
0.318046482
0.318046482
0.203413801
0.203413801
0.203413801
0.203413801
0.203413801
0.203413801
0.203413801
0.203413801
0.197070119
0.197070119
0.197070119
0.197070119
0.197070119
0.197070119
0.197070119
0.197070119
0.115954186
0.115954186
0.115954186
0.115954186
0.115954186
0.115954186
0.115954186
0.115954186
0.077060136
0.077060136
0.077060136
0.077060136
0.077060136
0.077060136
0.109290753
0.109290753
0.060028794
0.060028794
0.060028794
0.060028794
0.060028794
0.060028794
0.060028794
0.060028794
0.059586322
0.059586322
0.059586322
0.059586322
0.059586322
0.059586322
0.059586322
0.059586322
0.073745448
0.073745448
0.073745448
0.073745448
0.073745448
0.073745448
0.073745448
0.073745448
0.098671409
0.098671409
0.098671409
0.098671409
0.098671409
0.079503656
0.079503656
0.079503656
0.079503656
0.079503656
0.079503656
0.079503656
0.079503656
0.05643841
0.05643841
0.05643841
0.05643841
0.05643841
0.05643841
0.05643841
0.05643841
0.062868103
0.062868103
0.062868103
0.062868103
0.062868103
0.062868103
0.062868103
0.062868103
0.088586872
0.088586872
0.088586872
0.088586872
0.088586872
0.088586872
0.088586872
0.088534249
0.076702483
0.076702483
0.076702483
0.076702483
0.076702483
0.076702483
0.076702483
0.076702483
0.087208275
0.087208275
0.087208275
0.087208275
0.087208275
0.087208275
0.087208275
0.087208275
0.130047428
0.130047428
0.130047428
0.130047428
0.130047428
0.130047428
0.130047428
0.130047428
0.227863493
0.227863493
0.227863493
0.227863493
0.197341617
0.197341617
0.197341617
0.197341617
0.12861656
0.12861656
0.12861656
0.12861656
0.12861656
0.12861656
0.12861656
0.12861656
0.216952109
0.216952109
0.216952109
0.216952109
0.216952109
0.216952109
0.216952109
0.216952109
0.482135428
0.482135428
0.482135428
0.482135428
0.482135428
0.482135428
0.482135428
0.482135428
0.714016245
0.714016245
0.714016245
0.803626892
0.803626892
0.803626892
0.803626892
0.803626892
0.588676831
0.588676831
0.588676831
0.588676831
0.588676831
0.588676831
0.588676831
0.588676831
0.999786221
0.999786221
0.999786221
0.999786221
0.999786221
0.999786221
0.999786221
0.999786221
1.512107064
1.512107064
1.512107064
1.512107064
1.512107064
1.512107064
1.512107064
1.512107064
0.971749257
1.006877613
1.006877613
1.006877613
1.006877613
1.006877613
1.006877613
1.006877613
0.805481488
0.805481488
0.805481488
0.805481488
0.805481488
0.805481488
0.805481488
0.805481488
1.033661753
1.033661753
1.033661753
1.033661753
1.033661753
1.033661753
1.033661753
1.033661753
1.011719362
1.011719362
1.011719362
1.011719362
1.011719362
1.011719362
1.011719362
1.011719362
0.927816186
0.927816186
0.927816186
0.927816186
0.927816186
0.927816186
0.927816186
0.927816186
1.055639111
1.055639111
1.055639111
1.055639111
1.055639111
1.055639111
1.055639111
1.055639111
1.039054848
1.039054848
1.039054848
1.039054848
1.039054848
1.039054848
1.039054848
1.039054848
0.916421556
0.916421556
0.916421556
0.916421556
0.916421556
0.916421556
0.978862582
0.978862582
1.039717636
1.039717636
1.039717636
1.039717636
1.039717636
1.039717636
1.039717636
1.039717636
0.660608725
0.660608725
0.660608725
0.660608725
0.660608725
0.660608725
0.660608725
0.660608725
0.625300743
0.625300743
0.625300743
0.625300743
0.625300743
0.625300743
0.625300743
0.625300743
0.507446797
0.507446797
0.507446797
0.507446797
0.507446797
0.427735838
0.427735838
0.427735838
0.414937283
0.414937283
0.414937283
0.414937283
0.414937283
0.414937283
0.414937283
0.414937283
0.377658952
0.377658952
0.377658952
0.377658952
0.377658952
0.377658952
0.377658952
0.377658952
0.385175564
0.385175564
0.385175564
0.385175564
0.385175564
0.385175564
0.385175564
0.385175564
0.45841174
0.45841174
0.45841174
0.45841174
0.442248865
0.442248865
0.442248865
0.442248865
0.437545132
0.437545132
0.437545132
0.437545132
0.437545132
0.437545132
0.437545132
0.437545132
0.211373987
0.211373987
0.211373987
0.211373987
0.211373987
0.211373987
0.211373987
0.211373987
0.333279058
0.333279058
0.333279058
0.333279058
0.333279058
0.333279058
0.333279058
0.333279058
0.203436438
0.203436438
0.206397154
0.206397154
0.206397154
0.206397154
0.206397154
0.206397154
0.196852777
0.196852777
0.196852777
0.196852777
0.196852777
0.196852777
0.196852777
0.196852777
0.321327362
0.321327362
0.321327362
0.321327362
0.321327362
0.321327362
0.321327362
0.321327362
0.186214774
0.186214774
0.186214774
0.186214774
0.186214774
0.186214774
0.186214774
0.186214774
0.180945482
0.18927051
0.18927051
0.18927051
0.18927051
0.18927051
0.18927051
0.18927051
0.104930739
0.104930739
0.104930739
0.104930739
0.104930739
0.104930739
0.104930739
0.104930739
0.12604168
0.12604168
0.12604168
0.12604168
0.12604168
0.12604168
0.12604168
0.12604168
0.119697998
0.119697998
0.119697998
0.119697998
0.119697998
0.119697998
0.119697998
0.16976202
0.115632862
0.115632862
0.115632862
0.115632862
0.115632862
0.115632862
0.115632862
0.115632862
0.070058175
0.070058175
0.070058175
0.070058175
0.070058175
0.070058175
0.070058175
0.070058175
0.067403339
0.067403339
0.067403339
0.067403339
0.067403339
0.067403339
0.067403339
0.067403339
0.004719709
0.004719709
0.004719709
0.004719709
0.004719709
0.004719709
0.025004359
0.025004359
0.025004359
0.025004359
0.025004359
0.025004359
0.025004359
0.025004359
0.01908496
0.01908496
0.01908496
0.01908496
0.01908496
0.01908496
0.01908496
0.01908496
0.046742843
0.046742843
0.046742843
0.046742843
0.046742843
0.046742843
0.046742843
0.046742843
0.048886073
0.048886073
0.048886073
0.048886073
0.048886073
0.048886073
0.048886073
0.048857034
0.104241938
0.104241938
0.104241938
0.104241938
0.104241938
0.104241938
0.104241938
0.104241938
0.040799193
0.040799193
0.040799193
0.040799193
0.040799193
0.040799193
0.040799193
0.040799193
0.056710878
0.056710878
0.056710878
0.056710878
0.056710878
0.056710878
0.056710878
0.056710878
0.098428053
0.098428053
0.098428053
0.085243805
0.085243805
0.085243805
0.085243805
0.085243805
0.074290197
0.074290197
0.074290197
0.074290197
0.074290197
0.074290197
0.074290197
0.074290197
0.181617889
0.181617889
0.181617889
0.181617889
0.181617889
0.181617889
0.181617889
0.181617889
0.126143164
0.126143164
0.126143164
0.126143164
0.126143164
0.126143164
0.126143164
0.126143164
0.149552085
0.149552085
0.168321208
0.168321208
0.168321208
0.168321208
0.168321208
0.168321208
0.338829698
0.338829698
0.338829698
0.338829698
0.338829698
0.338829698
0.338829698
0.338829698
0.282059816
0.282059816
0.282059816
0.282059816
0.282059816
0.282059816
0.282059816
0.282059816
0.327992715
0.327992715
0.327992715
0.327992715
0.327992715
0.327992715
0.327992715
0.327992715
0.533519456
0.533519456
0.533519456
0.533519456
0.533519456
0.533519456
0.533519456
0.533519456
0.778491316
0.778491316
0.778491316
0.778491316
0.778491316
0.778491316
0.778491316
0.778491316
0.690412704
0.690412704
0.690412704
0.690412704
0.690412704
0.690412704
0.690412704
0.690412704
0.770971154
0.770971154
0.770971154
0.770971154
0.770971154
0.770971154
0.770971154
0.84433078
1.427036349
1.427036349
1.427036349
1.427036349
1.427036349
1.427036349
1.427036349
1.427036349
1.521126658
1.521126658
1.521126658
1.521126658
1.521126658
1.521126658
1.521126658
1.521126658
1.554408002
1.554408002
1.554408002
1.554408002
1.554408002
1.554408002
1.554408002
1.554408002
1.166200865
1.166200865
1.166200865
1.166200865
1.166200865
1.245660779
1.245660779
1.245660779
1.329050279
1.329050279
1.329050279
1.329050279
1.329050279
1.329050279
1.329050279
1.329050279
0.83847419
0.83847419
0.83847419
0.83847419
0.83847419
0.83847419
0.83847419
0.83847419
1.055262789
1.055262789
1.055262789
1.055262789
1.055262789
1.055262789
1.055262789
1.055262789
1.227344011
1.227344011
1.227344011
1.227344011
1.034549872
1.034549872
1.034549872
1.034549872
0.814435039
0.814435039
0.814435039
0.814435039
0.814435039
0.814435039
0.814435039
0.814435039
0.921394393
0.921394393
0.921394393
0.921394393
0.921394393
0.921394393
0.921394393
0.921394393
0.778781921
0.778781921
0.778781921
0.778781921
0.778781921
0.778781921
0.778781921
0.778781921
0.655875162
0.655875162
0.655875162
0.632750038
0.632750038
0.632750038
0.632750038
0.632750038
0.544163073
0.544163073
0.544163073
0.544163073
0.544163073
0.544163073
0.544163073
0.544163073
0.444012765
0.444012765
0.444012765
0.444012765
0.444012765
0.444012765
0.444012765
0.444012765
0.370418947
0.370418947
0.370418947
0.370418947
0.370418947
0.370418947
0.370418947
0.370418947
0.365715215
0.371037659
0.371037659
0.371037659
0.371037659
0.371037659
0.371037659
0.371037659
0.319736632
0.319736632
0.319736632
0.319736632
0.319736632
0.319736632
0.319736632
0.319736632
0.220316038
0.220316038
0.220316038
0.220316038
0.220316038
0.220316038
0.220316038
0.220316038
0.161061363
0.161061363
0.161061363
0.161061363
0.161061363
0.161061363
0.161061363
0.161061363
0.127705597
0.127705597
0.127705597
0.127705597
0.127705597
0.127705597
0.127705597
0.127705597
0.115122228
0.115122228
0.115122228
0.115122228
0.115122228
0.115122228
0.115122228
0.115122228
0.050229482
0.050229482
0.050229482
0.050229482
0.050229482
0.050229482
0.050229482
0.050229482
0.042013893
0.042013893
0.042013893
0.042013893
0.042013893
0.042013893
0.059586322
0.059586322
0.008996945
0.008996945
0.008996945
0.008996945
0.008996945
0.008996945
0.008996945
0.008996945
0.049704432
0.049704432
0.049704432
0.049704432
0.049704432
0.049704432
0.049704432
0.049704432
0.043657305
0.043657305
0.043657305
0.043657305
0.043657305
0.043657305
0.043657305
0.043657305
0.040412505
0.040412505
0.040412505
0.040412505
0.040412505
0.024392007
0.024392007
0.024392007
0.024392007
0.024392007
0.024392007
0.024392007
0.024392007
0.048477839
0.048477839
0.048477839
0.048477839
0.048477839
0.048477839
0.048477839
0.048477839
0.043170791
0.043170791
0.043170791
0.043170791
0.043170791
0.043170791
0.043170791
0.043170791
0
0
0
0
0
0
0
0
0
0
0
0
0
0
0
0
0.03641328
0.03641328
0.03641328
0.03641328
0.03641328
0.03641328
0.03641328
0.03641328
0.096694087
0.096694087
0.096694087
0.096694087
0.096694087
0.096694087
0.096694087
0.096694087
0.025397498
0.025397498
0.025397498
0.021995552
0.021995552
0.021995552
0.021995552
0.021995552
0.077823619
0.077823619
0.077823619
0.077823619
0.077823619
0.077823619
0.077823619
0.077823619
0.10220423
0.10220423
0.10220423
0.10220423
0.10220423
0.10220423
0.10220423
0.10220423
0.104500955
0.104500955
0.104500955
0.104500955
0.104500955
0.104500955
0.104500955
0.104500955
0.205115145
0.205115145
0.230857558
0.230857558
0.230857558
0.230857558
0.230857558
0.230857558
0.269930349
0.269930349
0.269930349
0.269930349
0.269930349
0.269930349
0.269930349
0.269930349
0.277386989
0.277386989
0.277386989
0.277386989
0.277386989
0.277386989
0.277386989
0.277386989
0.551095368
0.551095368
0.551095368
0.551095368
0.551095368
0.551095368
0.551095368
0.551095368
0.653533004
0.653533004
0.653533004
0.653533004
0.653533004
0.653533004
0.653533004
0.653533004
0.602952187
0.602952187
0.602952187
0.602952187
0.602952187
0.602952187
0.602952187
0.602952187
0.810632284
0.810632284
0.810632284
0.810632284
0.810632284
0.810632284
0.810632284
0.810632284
0.736254789
0.736254789
0.736254789
0.736254789
0.736254789
0.736254789
0.736254789
0.806311075
0.681647057
0.681647057
0.681647057
0.681647057
0.681647057
0.681647057
0.681647057
0.681647057
1.015814316
1.015814316
1.015814316
1.015814316
1.015814316
1.015814316
1.015814316
1.015814316
1.173646861
1.173646861
1.173646861
1.173646861
1.173646861
1.173646861
1.173646861
1.173646861
1.019875768
1.019875768
1.019875768
1.019875768
1.019875768
1.08936572
1.08936572
1.08936572
1.163596835
1.163596835
1.163596835
1.163596835
1.163596835
1.163596835
1.163596835
1.163596835
0.778824187
0.778824187
0.778824187
0.778824187
0.778824187
0.778824187
0.778824187
0.778824187
0.707846708
0.707846708
0.707846708
0.707846708
0.707846708
0.707846708
0.707846708
0.707846708
0.604453368
0.604453368
0.604453368
0.604453368
0.509504385
0.509504385
0.509504385
0.509504385
0.597265905
0.597265905
0.597265905
0.597265905
0.597265905
0.597265905
0.597265905
0.597265905
0.501378318
0.501378318
0.501378318
0.501378318
0.501378318
0.501378318
0.501378318
0.501378318
0.469483506
0.469483506
0.469483506
0.469483506
0.469483506
0.469483506
0.469483506
0.469483506
0.350538204
0.350538204
0.350538204
0.33817878
0.33817878
0.33817878
0.33817878
0.33817878
0.183543568
0.183543568
0.183543568
0.183543568
0.183543568
0.183543568
0.183543568
0.183543568
0.238322455
0.238322455
0.238322455
0.238322455
0.238322455
0.238322455
0.238322455
0.238322455
0.27781421
0.27781421
0.27781421
0.27781421
0.27781421
0.27781421
0.27781421
0.27781421
0.221369418
0.224591123
0.224591123
0.224591123
0.224591123
0.224591123
0.224591123
0.224591123
0.165137608
0.165137608
0.165137608
0.165137608
0.165137608
0.165137608
0.165137608
0.165137608
0.170406899
0.170406899
0.170406899
0.170406899
0.170406899
0.170406899
0.170406899
0.170406899
0.173687779
0.173687779
0.173687779
0.173687779
0.173687779
0.173687779
0.173687779
0.173687779
0.100770947
0.100770947
0.100770947
0.100770947
0.100770947
0.100770947
0.100770947
0.100770947
0.050749455
0.050749455
0.050749455
0.050749455
0.050749455
0.050749455
0.050749455
0.050749455
0.040141987
0.040141987
0.040141987
0.040141987
0.040141987
0.040141987
0.040141987
0.040141987
0.062188882
0.062188882
0.062188882
0.062188882
0.062188882
0.062188882
0.088199555
0.088199555
0.028170761
0.028170761
0.028170761
0.028170761
0.028170761
0.028170761
0.028170761
0.028170761
0.019616289
0.019616289
0.019616289
0.019616289
0.019616289
0.019616289
0.019616289
0.019616289
0.018731344
0.018731344
0.018731344
0.018731344
0.018731344
0.018731344
0.018731344
0.018731344
0.014159126
0.014159126
0.014159126
0.014159126
0.014159126
0.003776169
0.003776169
0.003776169
0.003776169
0.003776169
0.003776169
0.003776169
0.003776169
0.003367934
0.003367934
0.003367934
0.003367934
0.003367934
0.003367934
0.003367934
0.003367934
0.037149333
0.037149333
0.037149333
0.037149333
0.037149333
0.037149333
0.037149333
0.037149333
0.047049018
0.047049018
0.047049018
0.047049018
0.047049018
0.047049018
0.047049018
0.04702107
0.028151443
0.028151443
0.028151443
0.028151443
0.028151443
0.028151443
0.028151443
0.028151443
0.074254531
0.074254531
0.074254531
0.074254531
0.074254531
0.074254531
0.074254531
0.074254531
0.017135661
0.017135661
0.017135661
0.017135661
0.017135661
0.017135661
0.017135661
0.017135661
0.005813885
0.005813885
0.005813885
0.005035126
0.005035126
0.005035126
0.005035126
0.005035126
0.060863193
0.060863193
0.060863193
0.060863193
0.060863193
0.060863193
0.060863193
0.060863193
0.103352593
0.103352593
0.103352593
0.103352593
0.103352593
0.103352593
0.103352593
0.103352593
0.197959966
0.197959966
0.197959966
0.197959966
0.197959966
0.197959966
0.197959966
0.197959966
0.236120923
0.236120923
0.265754631
0.265754631
0.265754631
0.265754631
0.265754631
0.265754631
0.493629533
0.493629533
0.493629533
0.493629533
0.493629533
0.493629533
0.493629533
0.493629533
0.521666498
0.521666498
0.521666498
0.521666498
0.521666498
0.521666498
0.521666498
0.521666498
0.738803839
0.738803839
0.738803839
0.738803839
0.738803839
0.738803839
0.738803839
0.738803839
0.931675991
0.931675991
0.931675991
0.931675991
0.931675991
0.931675991
0.931675991
0.931675991
0.767880676
0.767880676
0.767880676
0.767880676
0.767880676
0.767880676
0.767880676
0.767880676
0.777770205
0.777770205
0.777770205
0.777770205
0.777770205
0.777770205
0.777770205
0.777770205
0.922816622
0.922816622
0.922816622
0.922816622
0.922816622
0.922816622
0.922816622
1.010624683
1.606868426
1.606868426
1.606868426
1.606868426
1.606868426
1.606868426
1.606868426
1.606868426
1.09523827
1.09523827
1.09523827
1.09523827
1.09523827
1.09523827
1.09523827
1.09523827
1.272588348
1.272588348
1.272588348
1.272588348
1.272588348
1.272588348
1.272588348
1.272588348
1.087228184
1.087228184
1.087228184
1.087228184
1.087228184
1.161307239
1.161307239
1.161307239
1.077797234
1.077797234
1.077797234
1.077797234
1.077797234
1.077797234
1.077797234
1.077797234
1.536921503
1.536921503
1.536921503
1.536921503
1.536921503
1.536921503
1.536921503
1.536921503
1.250239972
1.250239972
1.250239972
1.250239972
1.250239972
1.250239972
1.250239972
1.250239972
1.345438967
1.345438967
1.345438967
1.345438967
1.13409419
1.13409419
1.13409419
1.13409419
1.127593336
1.127593336
1.127593336
1.127593336
1.127593336
1.127593336
1.127593336
1.127593336
0.882389272
0.882389272
0.882389272
0.882389272
0.882389272
0.882389272
0.882389272
0.882389272
0.981019407
0.981019407
0.981019407
0.981019407
0.981019407
0.981019407
0.981019407
0.981019407
0.525248639
0.525248639
0.525248639
0.5067292
0.5067292
0.5067292
0.5067292
0.5067292
0.463023684
0.463023684
0.463023684
0.463023684
0.463023684
0.463023684
0.463023684
0.463023684
0.338276774
0.338276774
0.338276774
0.338276774
0.338276774
0.338276774
0.338276774
0.338276774
0.481152654
0.481152654
0.481152654
0.481152654
0.481152654
0.481152654
0.481152654
0.481152654
0.338766746
0.343696995
0.343696995
0.343696995
0.343696995
0.343696995
0.343696995
0.343696995
0.250539898
0.250539898
0.250539898
0.250539898
0.250539898
0.250539898
0.250539898
0.250539898
0.214649064
0.214649064
0.214649064
0.214649064
0.214649064
0.214649064
0.214649064
0.214649064
0.15052278
0.15052278
0.15052278
0.15052278
0.15052278
0.15052278
0.15052278
0.15052278
0.111378416
0.111378416
0.111378416
0.111378416
0.111378416
0.111378416
0.111378416
0.111378416
0.112210374
0.112210374
0.112210374
0.112210374
0.112210374
0.112210374
0.112210374
0.112210374
0.068636559
0.068636559
0.068636559
0.068636559
0.068636559
0.068636559
0.068636559
0.068636559
0.014039296
0.014039296
0.014039296
0.014039296
0.014039296
0.014039296
0.019911271
0.019911271
0.0923293
0.0923293
0.0923293
0.0923293
0.0923293
0.0923293
0.0923293
0.0923293
0.050441886
0.050441886
0.050441886
0.050441886
0.050441886
0.050441886
0.050441886
0.050441886
0.061061231
0.061061231
0.061061231
0.061061231
0.061061231
0.061061231
0.061061231
0.061061231
0.015191562
0.015191562
0.015191562
0.015191562
0.015191562
0.016533495
0.016533495
0.016533495
0.016533495
0.016533495
0.016533495
0.016533495
0.016533495
0.026841414
0.026841414
0.026841414
0.026841414
0.026841414
0.026841414
0.026841414
0.026841414
0.016329377
0.016329377
0.016329377
0.016329377
0.016329377
0.016329377
0.016329377
0.016329377
0.062051634
0.062051634
0.062051634
0.062051634
0.062051634
0.062051634
0.062051634
0.062014773
0.054364925
0.054364925
0.054364925
0.054364925
0.054364925
0.054364925
0.054364925
0.054364925
0.075682503
0.075682503
0.075682503
0.075682503
0.075682503
0.075682503
0.075682503
0.075682503
0.098428053
0.098428053
0.098428053
0.098428053
0.098428053
0.098428053
0.098428053
0.098428053
0.138207266
0.138207266
0.138207266
0.138207266
0.119694669
0.119694669
0.119694669
0.119694669
0.113157839
0.113157839
0.113157839
0.113157839
0.113157839
0.113157839
0.113157839
0.113157839
0.182236238
0.182236238
0.182236238
0.182236238
0.182236238
0.182236238
0.182236238
0.182236238
0.275341907
0.275341907
0.275341907
0.275341907
0.275341907
0.275341907
0.275341907
0.275341907
0.25979485
0.25979485
0.25979485
0.292399689
0.292399689
0.292399689
0.292399689
0.292399689
0.375019255
0.375019255
0.375019255
0.375019255
0.375019255
0.375019255
0.375019255
0.375019255
0.375416942
0.375416942
0.375416942
0.375416942
0.375416942
0.375416942
0.375416942
0.375416942
0.661155367
0.661155367
0.661155367
0.661155367
0.661155367
0.661155367
0.661155367
0.661155367
1.014202391
1.050865412
1.050865412
1.050865412
1.050865412
1.050865412
1.050865412
1.050865412
1.225065334
1.225065334
1.225065334
1.225065334
1.225065334
1.225065334
1.225065334
1.225065334
0.734297486
0.734297486
0.734297486
0.734297486
0.734297486
0.734297486
0.734297486
0.734297486
1.287699014
1.287699014
1.287699014
1.287699014
1.287699014
1.287699014
1.287699014
1.287699014
1.349304667
1.349304667
1.349304667
1.349304667
1.349304667
1.349304667
1.349304667
1.349304667
1.30304924
1.30304924
1.30304924
1.30304924
1.30304924
1.30304924
1.30304924
1.30304924
1.242465911
1.242465911
1.242465911
1.242465911
1.242465911
1.242465911
1.242465911
1.242465911
1.711450819
1.711450819
1.711450819
1.711450819
1.711450819
1.711450819
1.828061722
1.828061722
1.085148043
1.085148043
1.085148043
1.085148043
1.085148043
1.085148043
1.085148043
1.085148043
1.744190202
1.744190202
1.744190202
1.744190202
1.744190202
1.744190202
1.744190202
1.744190202
1.458834226
1.458834226
1.458834226
1.458834226
1.458834226
1.458834226
1.458834226
1.458834226
1.084786528
1.084786528
1.084786528
1.084786528
1.084786528
0.91438566
0.91438566
0.91438566
0.702904773
0.702904773
0.702904773
0.702904773
0.702904773
0.702904773
0.702904773
0.702904773
0.694778706
0.694778706
0.694778706
0.694778706
0.694778706
0.694778706
0.694778706
0.694778706
0.721696302
0.721696302
0.721696302
0.721696302
0.721696302
0.721696302
0.721696302
0.721696302
0.438401301
0.438401301
0.438401301
0.438401301
0.422943962
0.422943962
0.422943962
0.422943962
0.404423015
0.404423015
0.404423015
0.404423015
0.404423015
0.404423015
0.404423015
0.404423015
0.415790369
0.415790369
0.415790369
0.415790369
0.415790369
0.415790369
0.415790369
0.415790369
0.335924908
0.335924908
0.335924908
0.335924908
0.335924908
0.335924908
0.335924908
0.335924908
0.43970101
0.43970101
0.446100208
0.446100208
0.446100208
0.446100208
0.446100208
0.446100208
0.331468262
0.331468262
0.331468262
0.331468262
0.331468262
0.331468262
0.331468262
0.331468262
0.338328283
0.338328283
0.338328283
0.338328283
0.338328283
0.338328283
0.338328283
0.338328283
0.250241636
0.250241636
0.250241636
0.250241636
0.250241636
0.250241636
0.250241636
0.250241636
0.197747563
0.206845629
0.206845629
0.206845629
0.206845629
0.206845629
0.206845629
0.206845629
0.139561002
0.139561002
0.139561002
0.139561002
0.139561002
0.139561002
0.139561002
0.139561002
0.174087271
0.174087271
0.174087271
0.174087271
0.174087271
0.174087271
0.174087271
0.174087271
0.083091834
0.083091834
0.083091834
0.083091834
0.083091834
0.083091834
0.083091834
0.117845225
0.030235634
0.030235634
0.030235634
0.030235634
0.030235634
0.030235634
0.030235634
0.030235634
0.0016224
0.0016224
0.0016224
0.0016224
0.0016224
0.0016224
0.0016224
0.0016224
0.026253379
0.026253379
0.026253379
0.026253379
0.026253379
0.026253379
0.026253379
0.026253379
0.096606536
0.096606536
0.096606536
0.096606536
0.096606536
0.096606536
0.01316556
0.01316556
0.01316556
0.01316556
0.01316556
0.01316556
0.01316556
0.01316556
0.025922887
0.025922887
0.025922887
0.025922887
0.025922887
0.025922887
0.025922887
0.025922887
0.048988132
0.048988132
0.048988132
0.048988132
0.048988132
0.048988132
0.048988132
0.048988132
0.065011334
0.065011334
0.065011334
0.065011334
0.065011334
0.065011334
0.065011334
0.064972715
0.060892796
0.060892796
0.060892796
0.060892796
0.060892796
0.060892796
0.060892796
0.060892796
0.101181999
0.101181999
0.101181999
0.101181999
0.101181999
0.101181999
0.101181999
0.101181999
0.136065309
0.136065309
0.136065309
0.136065309
0.136065309
0.136065309
0.136065309
0.136065309
0.152996974
0.152996974
0.152996974
0.132503324
0.132503324
0.132503324
0.132503324
0.132503324
0.172519328
0.172519328
0.172519328
0.172519328
0.172519328
0.172519328
0.172519328
0.172519328
0.208471896
0.208471896
0.208471896
0.208471896
0.208471896
0.208471896
0.208471896
0.208471896
0.220927209
0.220927209
0.220927209
0.220927209
0.220927209
0.220927209
0.220927209
0.220927209
0.277638631
0.277638631
0.312482905
0.312482905
0.312482905
0.312482905
0.312482905
0.312482905
0.498700048
0.498700048
0.498700048
0.498700048
0.498700048
0.498700048
0.498700048
0.498700048
0.632919559
0.632919559
0.632919559
0.632919559
0.632919559
0.632919559
0.632919559
0.632919559
0.892907722
0.892907722
0.892907722
0.892907722
0.892907722
0.892907722
0.892907722
0.892907722
1.119886079
1.119886079
1.119886079
1.119886079
1.119886079
1.119886079
1.119886079
1.119886079
1.146464187
1.146464187
1.146464187
1.146464187
1.146464187
1.146464187
1.146464187
1.146464187
1.391642079
1.391642079
1.391642079
1.391642079
1.391642079
1.391642079
1.391642079
1.391642079
1.489713236
1.489713236
1.489713236
1.489713236
1.489713236
1.489713236
1.489713236
1.631462775
1.133709247
1.133709247
1.133709247
1.133709247
1.133709247
1.133709247
1.133709247
1.133709247
1.386421827
1.386421827
1.386421827
1.386421827
1.386421827
1.386421827
1.386421827
1.386421827
1.242691547
1.242691547
1.242691547
1.242691547
1.242691547
1.242691547
1.242691547
1.242691547
1.155934416
1.155934416
1.155934416
1.155934416
1.155934416
1.234694819
1.234694819
1.234694819
1.087919659
1.087919659
1.087919659
1.087919659
1.087919659
1.087919659
1.087919659
1.087919659
1.270605326
1.270605326
1.270605326
1.270605326
1.270605326
1.270605326
1.270605326
1.270605326
0.825218634
0.825218634
0.825218634
0.825218634
0.825218634
0.825218634
0.825218634
0.825218634
0.790633682
0.790633682
0.790633682
0.790633682
0.666439049
0.666439049
0.666439049
0.666439049
0.674260388
0.674260388
0.674260388
0.674260388
0.674260388
0.674260388
0.674260388
0.674260388
0.931653552
0.931653552
0.931653552
0.931653552
0.931653552
0.931653552
0.931653552
0.931653552
0.790869446
0.790869446
0.790869446
0.790869446
0.790869446
0.790869446
0.790869446
0.790869446
0.956844359
0.956844359
0.956844359
0.923107535
0.923107535
0.923107535
0.923107535
0.923107535
0.856079345
0.856079345
0.856079345
0.856079345
0.856079345
0.856079345
0.856079345
0.856079345
0.593846249
0.593846249
0.593846249
0.593846249
0.593846249
0.593846249
0.593846249
0.593846249
0.408440786
0.408440786
0.408440786
0.408440786
0.408440786
0.408440786
0.408440786
0.408440786
0.338668752
0.343597575
0.343597575
0.343597575
0.343597575
0.343597575
0.343597575
0.343597575
0.411501841
0.411501841
0.411501841
0.411501841
0.411501841
0.411501841
0.411501841
0.411501841
0.267739661
0.267739661
0.267739661
0.267739661
0.267739661
0.267739661
0.267739661
0.267739661
0.212660652
0.212660652
0.212660652
0.212660652
0.212660652
0.212660652
0.212660652
0.212660652
0.153912283
0.153912283
0.153912283
0.153912283
0.153912283
0.153912283
0.153912283
0.153912283
0.064892746
0.064892746
0.064892746
0.064892746
0.064892746
0.064892746
0.064892746
0.064892746
0.069468517
0.069468517
0.069468517
0.069468517
0.069468517
0.069468517
0.069468517
0.069468517
0.094427265
0.094427265
0.094427265
0.094427265
0.094427265
0.094427265
0.133921733
0.133921733
0.130529442
0.130529442
0.130529442
0.130529442
0.130529442
0.130529442
0.130529442
0.130529442
0.091149373
0.091149373
0.091149373
0.091149373
0.091149373
0.091149373
0.091149373
0.091149373
0.042329887
0.042329887
0.042329887
0.042329887
0.042329887
0.042329887
0.042329887
0.042329887
0.007669527
0.007669527
0.007669527
0.007669527
0.007669527
0.007144103
0.007144103
0.007144103
0.007144103
0.007144103
0.007144103
0.007144103
0.007144103
0.018982901
0.018982901
0.018982901
0.018982901
0.018982901
0.018982901
0.018982901
0.018982901
0.031229934
0.031229934
0.031229934
0.031229934
0.031229934
0.031229934
0.031229934
0.031229934
0.055928117
0.055928117
0.055928117
0.055928117
0.055928117
0.055928117
0.055928117
0.055894894
0.027233461
0.027233461
0.027233461
0.027233461
0.027233461
0.027233461
0.027233461
0.027233461
0.041003189
0.041003189
0.041003189
0.041003189
0.041003189
0.041003189
0.041003189
0.041003189
0.021419576
0.021419576
0.021419576
0.021419576
0.021419576
0.021419576
0.021419576
0.021419576
0.080068416
0.080068416
0.080068416
0.069343406
0.069343406
0.069343406
0.069343406
0.069343406
0.099024151
0.099024151
0.099024151
0.099024151
0.099024151
0.099024151
0.099024151
0.099024151
0.14548865
0.14548865
0.14548865
0.14548865
0.14548865
0.14548865
0.14548865
0.14548865
0.115189556
0.115189556
0.115189556
0.115189556
0.115189556
0.115189556
0.115189556
0.115189556
0.133475015
0.133475015
0.15022643
0.15022643
0.15022643
0.15022643
0.15022643
0.15022643
0.298166157
0.298166157
0.298166157
0.298166157
0.298166157
0.298166157
0.298166157
0.298166157
0.308108343
0.308108343
0.308108343
0.308108343
0.308108343
0.308108343
0.308108343
0.308108343
0.520374014
0.520374014
0.520374014
0.520374014
0.520374014
0.520374014
0.520374014
0.520374014
0.732649231
0.732649231
0.732649231
0.732649231
0.732649231
0.732649231
0.732649231
0.732649231
1.406167324
1.406167324
1.406167324
1.406167324
1.406167324
1.406167324
1.406167324
1.406167324
1.343224596
1.343224596
1.343224596
1.343224596
1.343224596
1.343224596
1.343224596
1.343224596
1.755185265
1.755185265
1.755185265
1.755185265
1.755185265
1.755185265
1.755185265
1.92219506
1.222948377
1.222948377
1.222948377
1.222948377
1.222948377
1.222948377
1.222948377
1.222948377
1.787151775
1.787151775
1.787151775
1.787151775
1.787151775
1.787151775
1.787151775
1.787151775
1.392401187
1.392401187
1.392401187
1.392401187
1.392401187
1.392401187
1.392401187
1.392401187
1.566366722
1.566366722
1.566366722
1.566366722
1.566366722
1.673092218
1.673092218
1.673092218
1.072495012
1.072495012
1.072495012
1.072495012
1.072495012
1.072495012
1.072495012
1.072495012
0.987900461
0.987900461
0.987900461
0.987900461
0.987900461
0.987900461
0.987900461
0.987900461
0.899811264
0.899811264
0.899811264
0.899811264
0.899811264
0.899811264
0.899811264
0.899811264
0.882458536
0.882458536
0.882458536
0.882458536
0.743839834
0.743839834
0.743839834
0.743839834
0.916010873
0.916010873
0.916010873
0.916010873
0.916010873
0.916010873
0.916010873
0.916010873
0.680456514
0.680456514
0.680456514
0.680456514
0.680456514
0.680456514
0.680456514
0.680456514
0.760701423
0.760701423
0.760701423
0.760701423
0.760701423
0.760701423
0.760701423
0.760701423
0.570653037
0.570653037
0.570653037
0.550532711
0.550532711
0.550532711
0.550532711
0.550532711
0.304076718
0.304076718
0.304076718
0.304076718
0.304076718
0.304076718
0.304076718
0.304076718
0.481446637
0.481446637
0.481446637
0.481446637
0.481446637
0.481446637
0.481446637
0.481446637
0.304860673
0.304860673
0.304860673
0.304860673
0.304860673
0.304860673
0.304860673
0.304860673
0.382766246
0.388336842
0.388336842
0.388336842
0.388336842
0.388336842
0.388336842
0.388336842
0.246662495
0.246662495
0.246662495
0.246662495
0.246662495
0.246662495
0.246662495
0.246662495
0.196455095
0.196455095
0.196455095
0.196455095
0.196455095
0.196455095
0.196455095
0.196455095
0.191484065
0.191484065
0.191484065
0.191484065
0.191484065
0.191484065
0.191484065
0.191484065
0.132905336
0.132905336
0.132905336
0.132905336
0.132905336
0.132905336
0.132905336
0.132905336
0.049813502
0.049813502
0.049813502
0.049813502
0.049813502
0.049813502
0.049813502
0.049813502
0.069676506
0.069676506
0.069676506
0.069676506
0.069676506
0.069676506
0.069676506
0.069676506
0.084651756
0.084651756
0.084651756
0.084651756
0.084651756
0.084651756
0.120057589
0.120057589
0.031120579
0.031120579
0.031120579
0.031120579
0.031120579
0.031120579
0.031120579
0.031120579
0.06917323
0.06917323
0.06917323
0.06917323
0.06917323
0.06917323
0.06917323
0.06917323
0.084364792
0.084364792
0.084364792
0.084364792
0.084364792
0.084364792
0.084364792
0.084364792
0.032595488
0.032595488
0.032595488
0.032595488
0.032595488
0.023779656
0.023779656
0.023779656
0.023779656
0.023779656
0.023779656
0.023779656
0.023779656
0.031842286
0.031842286
0.031842286
0.031842286
0.031842286
0.031842286
0.031842286
0.031842286
0.051437539
0.051437539
0.051437539
0.051437539
0.051437539
0.051437539
0.051437539
0.051437539
0.026943473
0.026943473
0.026943473
0.026943473
0.026943473
0.026943473
0.026943473
0.026927467
0.058546842
0.058546842
0.058546842
0.058546842
0.058546842
0.058546842
0.058546842
0.058546842
0.070684602
0.070684602
0.070684602
0.070684602
0.070684602
0.070684602
0.070684602
0.070684602
0.047735056
0.047735056
0.047735056
0.047735056
0.047735056
0.047735056
0.047735056
0.047735056
0.019277619
0.019277619
0.019277619
0.016695419
0.016695419
0.016695419
0.016695419
0.016695419
0.049909585
0.049909585
0.049909585
0.049909585
0.049909585
0.049909585
0.049909585
0.049909585
0.15759062
0.15759062
0.15759062
0.15759062
0.15759062
0.15759062
0.15759062
0.15759062
0.156442258
0.156442258
0.156442258
0.156442258
0.156442258
0.156442258
0.156442258
0.156442258
0.17684777
0.17684777
0.199042563
0.199042563
0.199042563
0.199042563
0.199042563
0.199042563
0.265754631
0.265754631
0.265754631
0.265754631
0.265754631
0.265754631
0.265754631
0.265754631
0.590963534
0.590963534
0.590963534
0.590963534
0.590963534
0.590963534
0.590963534
0.590963534
0.801837298
0.801837298
0.801837298
0.801837298
0.801837298
0.801837298
0.801837298
0.801837298
0.758815275
0.758815275
0.758815275
0.758815275
0.758815275
0.758815275
0.758815275
0.758815275
0.974530614
0.974530614
0.974530614
0.974530614
0.974530614
0.974530614
0.974530614
0.974530614
0.984111095
0.984111095
0.984111095
0.984111095
0.984111095
0.984111095
0.984111095
0.984111095
0.848130079
0.848130079
0.848130079
0.848130079
0.848130079
0.848130079
0.848130079
0.928831549
1.295151971
1.295151971
1.295151971
1.295151971
1.295151971
1.295151971
1.295151971
1.295151971
1.329448679
1.329448679
1.329448679
1.329448679
1.329448679
1.329448679
1.329448679
1.329448679
1.547074824
1.547074824
1.547074824
1.547074824
1.547074824
1.547074824
1.547074824
1.547074824
1.687533379
1.687533379
1.687533379
1.687533379
1.687533379
1.80251465
1.80251465
1.80251465
1.667428481
1.667428481
1.667428481
1.667428481
1.667428481
1.667428481
1.667428481
1.667428481
1.587774638
1.587774638
1.587774638
1.587774638
1.587774638
1.587774638
1.587774638
1.587774638
1.044417333
1.044417333
1.044417333
1.044417333
1.044417333
1.044417333
1.044417333
1.044417333
0.844258433
0.844258433
0.844258433
0.844258433
0.711640295
0.711640295
0.711640295
0.711640295
0.612807008
0.612807008
0.612807008
0.612807008
0.612807008
0.612807008
0.612807008
0.612807008
0.590663476
0.590663476
0.590663476
0.590663476
0.590663476
0.590663476
0.590663476
0.590663476
0.613111736
0.613111736
0.613111736
0.613111736
0.613111736
0.613111736
0.613111736
0.613111736
0.503917714
0.503917714
0.503917714
0.48615037
0.48615037
0.48615037
0.48615037
0.48615037
0.632162071
0.632162071
0.632162071
0.632162071
0.632162071
0.632162071
0.632162071
0.632162071
0.59453221
0.59453221
0.59453221
0.59453221
0.59453221
0.59453221
0.59453221
0.59453221
0.518096554
0.518096554
0.518096554
0.518096554
0.518096554
0.518096554
0.518096554
0.518096554
0.359051593
0.364277058
0.364277058
0.364277058
0.364277058
0.364277058
0.364277058
0.364277058
0.375213324
0.375213324
0.375213324
0.375213324
0.375213324
0.375213324
0.375213324
0.375213324
0.287126677
0.287126677
0.287126677
0.287126677
0.287126677
0.287126677
0.287126677
0.287126677
0.058359889
0.058359889
0.058359889
0.058359889
0.058359889
0.058359889
0.058359889
0.058359889
0.085899693
0.085899693
0.085899693
0.085899693
0.085899693
0.085899693
0.085899693
0.085899693
0.05106144
0.05106144
0.05106144
0.05106144
0.05106144
0.05106144
0.05106144
0.05106144
0.049189534
0.049189534
0.049189534
0.049189534
0.049189534
0.049189534
0.049189534
0.049189534
0.042325878
0.042325878
0.042325878
0.042325878
0.042325878
0.042325878
0.060028794
0.060028794
0.056489013
0.056489013
0.056489013
0.056489013
0.056489013
0.056489013
0.056489013
0.056489013
0.024483489
0.024483489
0.024483489
0.024483489
0.024483489
0.024483489
0.024483489
0.024483489
0.067255848
0.067255848
0.067255848
0.067255848
0.067255848
0.067255848
0.067255848
0.067255848
0.03466036
0.03466036
0.03466036
0.03466036
0.03466036
0.032046403
0.032046403
0.032046403
0.032046403
0.032046403
0.032046403
0.032046403
0.032046403
0.057152821
0.057152821
0.057152821
0.057152821
0.057152821
0.057152821
0.057152821
0.057152821
0.022452894
0.022452894
0.022452894
0.022452894
0.022452894
0.022452894
0.022452894
0.022452894
0.036332865
0.036332865
0.036332865
0.036332865
0.036332865
0.036332865
0.036332865
0.036311282
0.053344945
0.053344945
0.053344945
0.053344945
0.053344945
0.053344945
0.053344945
0.053344945
0.025907488
0.025907488
0.025907488
0.025907488
0.025907488
0.025907488
0.025907488
0.025907488
0.046307084
0.046307084
0.046307084
0.046307084
0.046307084
0.046307084
0.046307084
0.046307084
0.094960122
0.094960122
0.094960122
0.094960122
0.082240396
0.082240396
0.082240396
0.082240396
0.152643829
0.152643829
0.152643829
0.152643829
0.152643829
0.152643829
0.152643829
0.152643829
0.076851928
0.076851928
0.076851928
0.076851928
0.076851928
0.076851928
0.076851928
0.076851928
0.182147903
0.182147903
0.182147903
0.182147903
0.182147903
0.182147903
0.182147903
0.182147903
0.205380152
0.205380152
0.205380152
0.231155824
0.231155824
0.231155824
0.231155824
0.231155824
0.421449263
0.421449263
0.421449263
0.421449263
0.421449263
0.421449263
0.421449263
0.421449263
0.358614648
0.358614648
0.358614648
0.358614648
0.358614648
0.358614648
0.358614648
0.358614648
0.849261525
0.849261525
0.849261525
0.849261525
0.849261525
0.849261525
0.849261525
0.849261525
0.99491455
1.030880323
1.030880323
1.030880323
1.030880323
1.030880323
1.030880323
1.030880323
0.675372379
0.675372379
0.675372379
0.675372379
0.675372379
0.675372379
0.675372379
0.675372379
1.235057879
1.235057879
1.235057879
1.235057879
1.235057879
1.235057879
1.235057879
1.235057879
0.939196153
0.939196153
0.939196153
0.939196153
0.939196153
0.939196153
0.939196153
0.939196153
1.252393905
1.252393905
1.252393905
1.252393905
1.252393905
1.252393905
1.252393905
1.252393905
1.455579332
1.455579332
1.455579332
1.455579332
1.455579332
1.455579332
1.455579332
1.455579332
1.069064467
1.069064467
1.069064467
1.069064467
1.069064467
1.069064467
1.069064467
1.069064467
1.54910555
1.54910555
1.54910555
1.54910555
1.54910555
1.54910555
1.654654945
1.654654945
1.620190498
1.620190498
1.620190498
1.620190498
1.620190498
1.620190498
1.620190498
1.620190498
1.377975333
1.377975333
1.377975333
1.377975333
1.377975333
1.377975333
1.377975333
1.377975333
1.332906441
1.332906441
1.332906441
1.332906441
1.332906441
1.332906441
1.332906441
1.332906441
1.191915524
1.191915524
1.191915524
1.191915524
1.191915524
1.004686577
1.004686577
1.004686577
1.272542052
1.272542052
1.272542052
1.272542052
1.272542052
1.272542052
1.272542052
1.272542052
1.041558605
1.041558605
1.041558605
1.041558605
1.041558605
1.041558605
1.041558605
1.041558605
0.792900962
0.792900962
0.792900962
0.792900962
0.792900962
0.792900962
0.792900962
0.792900962
0.742113045
0.742113045
0.742113045
0.742113045
0.715947309
0.715947309
0.715947309
0.715947309
0.623146584
0.623146584
0.623146584
0.623146584
0.623146584
0.623146584
0.623146584
0.623146584
0.6668521
0.6668521
0.6668521
0.6668521
0.6668521
0.6668521
0.6668521
0.6668521
0.418338224
0.418338224
0.418338224
0.418338224
0.418338224
0.418338224
0.418338224
0.418338224
0.492324019
0.492324019
0.499489067
0.499489067
0.499489067
0.499489067
0.499489067
0.499489067
0.3746168
0.3746168
0.3746168
0.3746168
0.3746168
0.3746168
0.3746168
0.3746168
0.236521594
0.236521594
0.236521594
0.236521594
0.236521594
0.236521594
0.236521594
0.236521594
0.056371477
0.056371477
0.056371477
0.056371477
0.056371477
0.056371477
0.056371477
0.056371477
0.149727415
0.156616147
0.156616147
0.156616147
0.156616147
0.156616147
0.156616147
0.156616147
0.100458963
0.100458963
0.100458963
0.100458963
0.100458963
0.100458963
0.100458963
0.100458963
0.086835646
0.086835646
0.086835646
0.086835646
0.086835646
0.086835646
0.086835646
0.086835646
0.055117236
0.055117236
0.055117236
0.055117236
0.055117236
0.055117236
0.055117236
0.078170174
0.052064286
0.052064286
0.052064286
0.052064286
0.052064286
0.052064286
0.052064286
0.052064286
0.038347633
0.038347633
0.038347633
0.038347633
0.038347633
0.038347633
0.038347633
0.038347633
0.059438831
0.059438831
0.059438831
0.059438831
0.059438831
0.059438831
0.059438831
0.059438831
0.050146904
0.050146904
0.050146904
0.050146904
0.050146904
0.050146904
