20090901
20201231
22.433098958
23.76559896
22.707291668
23.306536457
23.755182292
24.561979167
24.820546875
25.28484375
25.80515625
24.617083333
24.19953125
23.16302083
22.287083335
21.245234375
22.237838543
22.025833332
21.495989583
22.010572915
22.079713543
22.392135415
23.242109375
21.172500003
19.675598958
18.690052082
18.807109375
20.579296875
21.283932293
20.484765625
19.430312503
20.868411455
22.55752604
19.895833335
19.308880207
19.096770832
19.022421875
19.419557293
18.122734375
19.891276042
16.636848957
15.827864585
15.326875
17.00684896
18.053255208
17.93341146
17.182161455
16.78966146
16.384947917
16.334947917
18.538541667
19.856666668
19.83065104
18.159531252
16.374322915
16.311953125
17.821510418
16.241692708
16.272395832
16.698307293
17.784635417
15.939921875
15.55658854
15.953020835
16.285494792
16.611354168
16.634479168
17.242526042
17.873105865
18.188074
19.201293402
19.190838783
18.213046875
18.104737293
18.098376358
18.952932565
18.776888973
17.972177793
15.459779625
14.455660417
13.808616125
14.438934875
16.029510878
16.47841979
15.497025208
15.28791696
14.426186252
13.348450458
12.942364
13.344594418
14.633886958
14.21159025
12.454780958
11.72479075
11.288555042
9.689911124
8.374230668
8.497932896
9.97406304
8.879725686
9.161677751
6.600166042
5.556239646
6.17920525
8.644410354
11.511770832
10.056526041
6.599809896
7.129648437
8.497242188
8.668153646
8.432471354
8.134598958
9.378893229
11.653541668
12.311770835
7.36046875
6.006557292
5.418434896
5.237645834
5.388882813
6.183526042
7.618570312
7.199994792
6.214872396
5.909927083
5.634734375
4.898619792
5.688815104
6.166515625
3.513223958
2.021828125
1.647057291
2.314755208
4.610690104
5.541380208
6.590632812
9.626901042
10.209088541
10.302838541
10.388489582
10.61046875
11.039192708
11.519713542
11.357630208
11.61450521
12.99247396
11.104479168
9.974791666
9.363119791
11.52888021
8.536604168
5.720143229
5.202966146
4.977666667
4.832124322
4.926387755
6.045317708
7.46246875
8.980182292
7.933130208
8.512083333
8.050575521
6.04575
6.401114584
7.057648438
7.773940104
9.175130208
7.638036458
6.557661458
6.816044271
7.736117188
9.109546875
10.468411461
10.752526042
10.626223958
7.919518229
7.806710938
8.196625
9.071471354
8.145697916
9.407257813
10.274479165
9.494713542
9.175692708
9.902033852
11.130156248
13.218828125
14.271328125
14.630494792
13.848984378
14.46830729
13.97125
13.490625
13.152057292
13.360729165
12.806536458
12.99
13.082369792
12.319635415
13.066171875
14.341432292
9.353028646
7.877757813
10.386249998
12.611197918
14.43208333
13.423046875
13.172890625
13.216354168
12.76046875
13.798359375
15.501588542
17.194765628
18.249218752
18.051145832
16.748671875
18.353932293
19.414140625
20.027942707
17.408359373
15.891510418
16.303723958
17.94294271
19.115963542
19.55625
19.356093747
19.514661458
19.46778646
18.921015623
16.67986979
15.747395832
15.95205729
16.493593748
18.09359375
18.927239583
19.73921875
19.137291665
18.59263021
17.270885415
16.539322918
16.941406248
19.152916665
19.709062503
18.194817705
18.555312503
17.665416668
18.25765625
19.631354165
20.339036458
20.488046875
18.660572918
17.84377604
18.531848957
19.53
20.722369793
18.796354167
17.174869793
18.149895833
19.458802083
19.61015625
19.860364583
20.661822915
21.067421875
21.07955729
22.433046875
23.181927085
23.470546875
23.127734375
23.196901043
23.258932292
23.548984375
23.601510418
23.97690104
24.082760418
24.918177085
25.316250002
24.959140623
25.21828125
25.627864582
25.989166668
25.795911458
26.7971875
26.4765625
26.061979167
26.657578125
27.018828125
27.347343753
25.38778646
24.239062498
25.605364585
26.411380207
27.013385418
27.315729165
27.448255208
27.358906252
27.748307293
27.673619792
27.741901043
27.566953125
27.838958335
27.549895835
26.268385415
26.596093752
26.182291667
26.193984373
26.30635417
25.813697918
25.91221354
26.490859373
26.863515625
26.565807293
26.237473955
25.761640622
25.842187502
26.82653646
26.268437502
27.193541667
28.03783854
28.218984375
28.396197915
28.569114585
28.483984375
28.524348958
28.644921877
28.549427082
28.3534375
28.64153646
28.634036457
28.357708335
28.165703125
27.56875
27.7465625
28.01278646
28.0675
28.445156252
29.10421875
29.0821875
29.111692708
29.33419271
29.377317707
29.422421875
29.801145835
29.909166667
30.07705729
30.12921875
30.334401042
30.63424479
30.905598958
31.117265625
30.85578125
30.76669271
30.663958332
30.713255207
30.784192708
31.967473957
31.836848958
31.908854167
32.046927085
28.919973957
27.115781247
27.061145835
27.621770832
28.108515623
29.099010418
29.940677083
30.280104167
29.068984373
28.453072918
25.552682293
24.672395833
25.282916668
27.189947917
27.218046875
25.6690625
26.0484375
27.932968752
27.784869793
26.85252604
27.15203125
27.67528646
27.806302085
27.807890625
27.455885417
27.478229168
27.444374997
27.210442708
27.218125
27.30575521
27.087864585
27.278359377
26.32044271
24.29981771
22.780442708
22.991875
23.246484375
23.077708333
22.84606771
22.541510417
21.240416665
20.356484372
20.475338542
21.04609375
21.914427085
22.082239583
22.092083332
22.523802082
21.924088543
21.631302085
21.144322917
19.80622396
20.312864582
20.500260418
20.270520835
20.892395833
21.479479167
20.968072918
20.880208332
20.575859377
21.151328125
20.965963542
20.39059896
19.956171875
18.703854168
17.3353125
16.884765625
17.459687502
18.294479168
17.97203125
17.278723957
17.02731771
16.62903646
15.428307292
15.410026042
16.32424479
17.635416667
18.60768229
18.885130205
19.466666668
18.774036457
16.181510418
15.330755208
15.550572915
15.234895835
14.872057293
13.821223957
14.22359375
16.266822915
18.281848957
19.112786458
16.818437497
18.961901042
14.17265625
12.875442708
13.32768229
14.171536458
15.45546875
12.640338542
12.25434896
12.962291668
13.786536458
13.541744792
11.600911455
11.297395832
11.70361979
12.692552085
12.746015628
13.115
13.153229168
10.009609375
10.060239584
11.087083331
12.74856771
11.851510415
12.225026042
11.987447917
12.22143229
14.512135418
14.185572915
12.344453122
12.041223958
12.021927085
9.502526041
8.718333332
9.643096356
10.870557292
13.582942707
15.344583333
13.244088542
9.06863802
8.196294272
9.869281252
10.355364584
10.034395833
11.075338543
11.944375
10.714593751
9.847138022
8.934992188
6.562591146
6.358283854
7.280328125
8.699148438
10.100049479
10.741510417
11.442882812
11.009687501
10.545322916
7.791700522
7.533856771
9.590395833
9.425317708
9.085776892
10.994739583
10.139119792
10.681575519
13.280182292
13.793619792
11.598619793
11.838117188
6.6373125
5.56471875
5.028901042
4.728773438
5.625848958
8.411901042
8.523804688
8.399033854
4.949447917
5.161273438
6.571804688
8.813088542
10.370057292
11.106354168
13.133619792
14.43674479
16.642552085
16.948932293
18.206119793
18.428489585
15.849661458
14.383932292
17.08518229
17.60622396
12.546770832
13.70903646
17.630234375
15.320312502
14.99471354
15.832500002
16.665755207
16.972161458
13.624895832
14.236484375
15.405651042
16.0871875
15.178802082
15.65859375
16.898593748
18.68955729
17.79986979
14.686927085
15.542578128
18.389088543
21.094062497
21.309270835
21.364947918
22.52875
22.088229167
22.568359372
20.921796875
19.87953125
21.82278646
19.19794271
15.825260415
16.312838545
15.471770832
15.492578125
17.49841146
20.37625
21.989921875
24.697473958
20.530625
20.3996875
23.45453125
23.760669263
26.13109375
26.959036457
26.553984375
24.468984375
24.339453125
25.101692707
26.327604165
21.542447917
22.268098958
23.40377604
26.965416665
27.609374997
22.86234375
22.225963543
26.372890625
22.450260415
19.347682293
20.672838542
20.373307293
19.114947918
19.77606771
21.120130208
22.080104165
17.66971354
16.226015625
18.100833335
19.949479168
20.95669271
21.728281248
24.242135415
25.675807293
26.459895832
25.707864583
23.858671878
23.602500003
22.20557292
20.947239582
20.847864585
21.283333332
21.58731771
22.8265625
23.851510417
22.147213543
23.502786458
25.134895832
25.040598957
24.321875003
23.036328125
22.165182295
23.21205729
25.517734375
26.284218752
26.01125
26.337708333
26.83239583
26.952864582
27.546145832
27.633385418
27.948359375
28.68638021
29.541406252
29.997473957
30.253333335
29.935703123
30.11075521
30.504791665
31.532031248
31.445520832
29.6240625
30.254505207
31.573072917
32.582916668
32.559583332
32.683723958
32.023385418
31.852864583
32.376302082
33.55604167
34.016744792
34.531484375
34.85971354
33.97341146
32.004696557
30.562232
30.46258075
30.324968
30.5717225
30.55274125
30.6239205
30.90389175
31.22657025
34.883219545
38.97786859
37.802057293
36.87109375
35.503229168
32.641875002
32.723645835
34.026770835
34.936380208
35.007473957
35.55703125
35.968828128
36.44125
36.360390625
36.532135418
36.850755208
37.42765625
36.172838543
36.413984373
38.002760418
38.204166665
37.45424479
37.797760418
38.503515625
38.78158854
39.095130208
39.490260417
39.670390625
40.145
40.15388021
38.364427085
39.72309896
39.295625003
37.394765625
31.254713542
31.450807293
30.482265625
31.606796875
31.832395835
32.28046875
32.16002604
32.781510415
32.642734375
32.974661457
32.279713543
33.28705729
33.970130208
34.46
34.19552083
33.802239582
34.430677082
34.882942708
34.392682295
34.234114582
34.986510418
35.079687498
34.384192708
34.568098958
31.420859378
29.778697915
29.195598957
28.430625
29.753854168
29.126145833
29.790729168
30.434973957
30.908515625
32.979661458
31.793281253
26.282395833
23.941015623
26.255598957
27.20640625
26.276145835
26.06622396
26.77421875
23.60375
23.190651043
25.18138021
25.53453125
25.54908854
26.520234372
27.429140625
28.11106771
26.69296875
25.41953125
25.591484373
26.214140623
26.771614585
26.0921875
28.059453125
27.994609375
26.267890625
23.22841146
22.706484373
22.757005208
23.821666665
22.41296875
22.025208335
22.578541668
23.158281247
22.972239585
20.076093747
18.894739583
18.469427082
19.25778646
20.669296875
21.163203125
21.059921875
22.215026045
21.69984375
17.446875
17.099557293
16.327864585
17.22950521
17.28999808
18.8425
18.45158854
15.43752604
14.783515625
15.857864582
18.637734375
20.19278646
18.653177085
15.866979168
15.192291668
15.11565104
15.865572915
17.232265627
17.820762337
17.751979168
15.171276042
13.657994792
14.500989585
17.1828125
14.605026042
13.305104165
13.65061513
13.96828125
13.976640628
15.619114585
14.768515625
11.104713542
10.469270832
10.810729168
11.069921875
12.363671872
11.536614585
13.19192708
11.533229168
9.192625001
7.750479167
7.623268229
8.617054688
8.568195313
8.582226562
8.858799479
10.546432295
11.663385417
14.278072918
12.48544271
10.720208332
10.277369792
11.413645832
12.97533854
12.081588542
10.92669271
10.02734375
8.612174479
8.352315104
9.072651042
10.755677085
10.030442708
9.800671876
10.536822918
11.655703125
11.485156252
11.159296875
9.830869792
9.654101564
10.337968749
10.46659896
11.269635418
11.378385418
11.733671872
10.835703125
10.81205729
9.71010677
7.145739583
7.635841146
8.675559896
9.568835937
13.207916668
10.386778646
8.820963542
9.808898438
10.235442708
8.698994792
11.14247396
11.363515625
11.31502604
11.146145835
10.857500002
10.847057292
10.112552083
9.588127603
10.989583332
13.072786455
11.301770832
11.328460938
13.88859375
11.273230536
9.425728727
8.962468749
10.355859373
8.876726562
7.892179687
8.385260417
5.294354166
5.1525625
6.08159375
7.112098958
10.29377604
10.228619792
11.227161459
10.90109375
10.338520832
10.484088542
10.347140624
11.451203125
12.744583332
11.557895834
11.183328124
12.542830728
13.3896875
14.28765625
13.967604165
13.78841146
14.189114585
13.146614582
13.152598958
14.440026045
15.45528646
16.539921875
12.781536458
11.413671875
11.567838541
12.554598055
15.001093753
17.137968753
19.146579495
20.326093747
20.675572915
20.818359375
20.401666668
18.505390625
18.04763021
17.559010417
16.691041667
17.057343752
17.9153125
18.796406252
19.514895832
20.330911458
20.530570997
21.144765625
21.44046875
21.802578125
22.66096354
23.07911458
20.348958333
19.931874997
18.970026042
18.965104168
19.349010418
18.85065104
19.858333335
20.64171875
20.505963542
20.182890625
20.630203398
21.328020833
20.93390625
19.544921872
19.525625
20.481484375
21.636744793
19.956328128
18.622265623
18.2746875
18.099427085
19.825234375
22.57179659
23.740333335
24.89844097
23.797395833
23.666510415
24.087291668
24.329895833
25.036640625
26.319427085
25.89122396
26.39200521
26.877942708
24.096223958
23.264322917
23.365625
23.948645832
21.626838265
21.050945178
21.983567708
21.776484373
21.590178573
23.828792585
24.224050483
24.713203128
25.597057293
23.10140625
23.084140625
23.580833335
25.211927083
26.28825521
27.101302082
27.114609375
26.881744793
27.403385418
26.914010415
25.991328125
24.938776043
23.282421875
23.901015625
26.115260415
26.92627604
26.778645835
25.282578125
24.52609375
24.695520835
25.496744792
26.801822918
27.488281247
26.605520832
25.429427082
26.65125
27.146640625
27.446953125
27.733854165
27.681666665
27.727187498
27.494609377
26.835729168
27.23796875
27.95153646
28.055052085
28.379713542
28.972265625
29.448098958
29.168046872
29.471067707
29.625468753
29.57078125
29.716640625
30.090546875
30.441953125
30.577317705
30.685885417
30.371588542
29.801927083
28.670364585
28.10471354
28.349270833
28.36919271
28.64377604
29.088880208
28.856979168
29.515052082
30.267187498
30.911067708
31.769140623
32.136822915
31.981145833
32.087552082
32.51609375
32.790572915
33.323723958
33.12645833
32.893255207
33.104088542
33.430182292
33.928541665
34.452838542
35.041484375
35.635651042
35.834036457
35.885312502
34.889192705
35.088645835
33.630598958
32.469348957
32.775338543
32.27627604
31.705078123
33.164036458
32.66609375
31.35559896
32.885598958
30.770546875
29.028816965
27.170052082
26.779140625
27.196614583
27.772838543
27.810338542
27.456718747
28.26296875
29.464010417
28.299479167
28.60703125
28.570234378
27.464739583
27.479114585
28.64171875
29.135234377
29.611197918
30.318802082
30.507916667
30.563541668
30.598697918
30.36067708
27.421848957
27.000234372
27.542682293
27.656822915
28.66299479
25.788489582
23.191796875
23.80372396
24.547760415
25.429192708
25.490598957
25.351223958
26.88619792
27.84671875
27.560312503
27.203140077
27.738281248
29.075000003
26.852994792
24.91192708
24.853749997
24.444635415
23.737760415
22.90830729
22.564175545
23.113603375
22.23086125
20.50803575
17.488841
17.41051475
17.458777207
19.383886207
19.435145375
21.36448279
23.215066165
23.140505625
21.98869825
21.76063979
22.533278958
22.935890833
20.487733417
19.911564043
20.79430525
23.780758918
23.78210621
23.94557475
23.707652915
21.716910043
18.122176125
17.227563625
16.84441629
17.11406621
18.10181275
19.106932333
19.56740571
20.52186971
20.040425875
18.950268375
18.708373875
18.194913333
18.3215895
19.620794043
21.910608082
22.046120335
18.19950275
14.233909582
13.641002668
13.817622335
13.905523292
14.25956825
13.794367208
15.264686542
17.32757075
17.082096585
17.165063207
18.93374554
16.3921305
14.140060875
15.169861207
14.178584418
13.026312292
13.24540446
15.33978321
16.310787082
18.219064625
17.604611625
19.623663543
17.229367
15.23989625
16.33847679
15.92367175
16.011973833
14.063406958
10.686599168
9.765605978
10.23925046
12.691759
13.75536604
13.592029208
13.556695458
12.315949792
11.989259415
13.514967792
10.947422585
9.984348375
11.091679375
11.393796165
10.0950825
7.955797542
6.455896958
7.116276375
7.093737375
6.255275354
6.422179125
8.477341167
7.734821792
7.835441375
7.353604458
7.702357479
9.382781665
8.317101125
7.957825396
9.697870525
11.173707668
13.097662582
13.64462129
11.063613708
7.240143375
6.632993667
6.247895562
6.453710479
7.923182458
8.642008354
9.770916085
10.198052375
8.984530333
10.498606027
11.55200521
11.75484375
10.522473959
11.025651042
13.273776042
16.230442707
16.707317707
12.827812498
11.3778125
10.368932292
11.228307292
12.165078128
14.605312502
13.957786458
14.84765625
15.415338542
13.281927083
12.124973958
13.802109375
12.864062503
11.356816613
11.816041668
12.211953125
11.46856771
11.454088543
12.513645835
13.823802082
12.504843748
9.888148438
9.162338542
9.020372396
9.454968748
10.701328124
10.288880208
9.791484375
10.413697918
10.343281252
9.920859374
9.994169271
11.396666665
13.3559375
11.557317708
11.151979169
12.952291668
14.010598958
14.833619927
13.002007472
12.504244792
12.969947915
14.036380207
15.698671875
17.615651043
19.480755207
15.87971354
15.9225
15.781302082
16.35356771
15.89473958
14.180859375
13.88044271
13.058203125
12.966484375
13.814609375
15.999322917
18.438203125
19.572395835
20.930442707
19.780703125
19.211510418
12.58778646
11.197656252
12.25828125
14.68362623
17.309140622
17.79315104
19.749479167
20.287916667
13.798645835
14.663255208
15.619287282
17.262876643
19.141171877
20.601744792
18.942291668
19.277708333
16.553697915
16.210651043
17.360052083
18.426640627
19.208072915
16.527890627
15.500286458
16.698776043
18.014791667
17.87174479
18.914453122
20.588177082
21.395104168
21.65950521
16.945572918
16.447421877
16.428828125
16.700989583
17.602343752
19.258541668
20.283723958
20.238932292
20.662135418
20.207343753
19.601796875
20.603723958
21.735520833
21.225
20.455651043
21.342890625
23.479817708
23.50158854
23.439531253
20.69427083
20.787250822
21.126119792
22.08109375
22.407812503
22.841015625
23.358125002
23.490651043
23.162499997
23.044114585
23.88861979
23.469765627
22.516406252
22.375208333
23.445833333
23.773359375
23.437369793
22.639765625
22.803333335
23.569375
24.511197917
25.27955729
25.934427085
26.228906252
26.36018229
25.976171875
26.350026043
25.65486979
25.358984375
25.055208333
26.160833333
26.518515625
26.682578125
26.863932292
26.924713543
27.128828128
27.525442707
27.935234372
27.83872396
27.198984378
26.508723957
25.31502604
24.82778646
25.02278646
25.454557292
26.016822918
26.795364585
27.51890625
27.751458333
28.601979165
28.512342655
28.677421875
28.201328125
28.367369792
25.905989582
24.435677085
25.368385415
26.091744793
26.6528125
27.00010417
27.26372396
27.65
28.162890625
28.727057292
27.524635415
26.93143229
26.0128125
26.098046872
26.321588542
26.728515622
27.1328125
27.412447917
27.522005205
28.004531248
28.168697918
28.444140627
28.562187497
28.726796875
28.543255207
28.116484373
27.757317708
27.103958335
27.239765623
28.02330729
26.845572918
26.578151043
26.241406252
25.466015625
25.32466146
25.276692708
25.609609375
26.02861979
26.102708333
26.493489582
27.161953125
27.322213543
27.669322917
27.568385418
26.793854165
27.230286458
27.82596354
28.214010415
28.377578125
28.073515625
28.08158854
26.927395833
27.217838543
27.69215707
28.00995477
28.324401042
28.4646875
28.19065104
28.230833332
27.96171875
28.10794271
27.253697915
26.295729167
26.690364582
27.276015625
27.008437498
27.041979167
27.127369793
25.48669271
24.05502604
24.000833333
24.2803125
24.953125
25.063697918
26.158671875
26.558515625
24.108020832
22.241796875
22.249895835
22.979297147
24.135494792
25.386927085
25.673177085
21.925234375
20.526458332
20.136770832
20.262682292
21.021458335
21.545572915
23.126093752
22.933359378
22.678541667
22.556822915
21.204348957
19.30278646
18.660677083
17.739557838
16.815598958
17.336692707
17.557526045
17.429869792
18.177942708
17.894947915
17.321770835
18.055286457
18.806041668
19.049192708
20.758932292
21.567552083
20.67158854
18.471458332
17.488593752
16.43703125
17.71809896
18.667135417
16.636666668
15.47578125
15.7515625
16.797760418
17.5775
17.837421875
14.705548242
12.988333332
13.625442708
15.156458332
17.51700521
18.315364582
16.806145833
16.891770833
16.83513021
17.1809375
11.932578125
10.837135419
9.201666666
9.913385417
10.614088542
9.376822918
9.930984374
10.485494792
12.44643229
12.971276043
13.275
13.843385418
12.487087865
8.821617187
6.944908854
6.209098958
6.510914062
5.995559896
5.69895573
6.580393229
6.975789062
9.296171875
9.17726302
8.832755208
9.816820312
10.150989583
10.777812501
13.310546875
11.466796875
8.616953125
8.404658854
7.115611979
7.787942708
8.139252604
8.073559896
8.568333334
9.51245573
8.596502604
7.184388021
7.572310526
8.715020833
6.935898438
7.191304688
8.682239584
6.267335937
4.561929688
5.781682292
6.883804688
7.655455729
9.444088542
9.255026041
10.115755208
10.803229168
9.481015625
9.28835677
9.879479168
9.823828126
10.273567709
10.153229166
9.374380342
9.602356
8.8715835
8.529924
7.2961525
8.38756575
9.55964875
9.051904
7.8608405
7.372077
8.136066
9.24171525
9.2132435
8.529924
8.117085
7.9510005
7.10634175
6.33286225
6.2521925
6.50369175
6.89754975
6.627069
6.47522025
7.44325625
8.01268925
9.184772
9.26069625
10.05790225
11.5668995
10.94052325
11.48148475
12.63933175
11.339126
11.57639
11.8753425
11.15880575
11.06390025
10.1290815
9.84436475
11.2916735
11.804163
9.5264315
7.58561425
8.03167025
9.0756305
10.1290815
10.641571
10.60360875
10.864599
11.818399
13.37959425
13.0711515
12.44003
13.34163225
13.69278225
12.64407675
11.74722
12.84812375
13.07589675
13.014208
14.17680025
13.7307445
12.98099125
13.08538725
13.50771675
12.42104875
14.452026
14.418809
14.452026
15.18754375
16.701286
16.70603125
17.8686235
19.45829025
17.37986025
16.4687675
15.486496
16.079655
15.86137275
16.44029575
17.930312
18.903093
19.8568935
20.212789
16.544692
15.8423915
16.5209655
16.43555075
17.4178225
18.2435
18.252991
19.0929045
19.94705375
20.0324685
20.4832695
19.591158
20.4975055
21.70280525
20.45005275
19.11188525
18.6278675
18.6326125
19.37287525
20.18906275
21.19506075
22.1630965
23.12164175
23.52499025
23.49651875
23.5439715
23.51549975
24.24152675
22.77998225
20.8296745
20.68731625
20.369383
21.100155
21.77398425
22.24376625
23.51075425
24.46455475
25.23803425
25.66985425
24.905865
24.07544225
24.45031875
24.24152675
23.85715925
24.1561115
24.763507
24.82045
25.08144025
25.446826
26.13489125
26.4528245
28.167954823
27.952774667
26.932534585
26.551745333
25.03280971
24.751978417
24.369412293
25.20419571
25.479808457
25.540758125
26.074323458
26.663940832
26.908035332
27.118654375
27.381202125
26.627897125
26.971947625
27.24374025
26.913333625
26.419183375
26.71955775
26.9170015
26.658694375
26.65116025
26.879223042
27.367464207
27.826352418
27.882287875
27.201681082
26.69542325
26.898353957
27.726324418
28.244261
28.660490917
28.979306875
27.8695495
27.886757083
27.975917707
28.14863804
28.288648085
28.019831957
26.942632625
25.275684
24.0020145
23.74904175
24.609822665
25.716441083
27.23487604
28.237031292
28.679931957
28.902475875
29.25736975
29.872998582
29.974649333
28.887171292
28.785086167
27.056042292
25.63079396
25.852358582
26.139161165
26.309111042
26.535549625
26.566749335
26.927642582
27.607764792
27.821156167
28.722099293
28.527654085
28.685344542
27.848668
27.937385832
28.296273957
28.966408085
28.727145167
28.996756668
29.563481125
29.89845696
29.887770755
29.940562415
30.2775155
30.01178
30.1209215
30.4008925
30.4863075
30.2442985
29.82196925
28.2512835
28.03300075
28.48380175
29.26202675
29.162376
29.38065875
29.67486575
29.99754425
27.07445525
26.1775985
27.09343675
27.5632185
27.75302975
26.07794775
23.638877
21.7122955
22.86539725
23.95681025
25.3139585
25.954571
25.650873
25.60816575
26.1443815
26.13489125
25.32344925
24.81570475
24.97704425
24.7919785
24.853667
25.0339875
24.99602525
25.33294
25.42310025
26.2297965
26.36266425
24.213055
22.9223405
23.29721725
23.83343325
24.213055
24.55946
24.9817895
24.29372475
20.93407075
20.97677825
20.3219305
18.760735
19.11663075
19.56268625
20.1843175
20.0087425
19.76673325
20.7774765
21.4513055
21.2045515
21.74076725
21.565192
21.9875215
21.97328575
22.077682
21.21404175
19.833167
19.572177
19.00748925
17.3513885
17.303936
18.01098175
17.237502
16.3975885
15.90882525
15.32041125
15.870863
15.092638
16.3501355
14.5801485
11.68553125
10.84561775
10.604291895
10.9537375
10.020990792
8.859935396
8.480056292
9.890699417
10.938631832
13.75649975
15.215706375
15.33339479
13.16415179
12.114509582
11.915002292
11.356044875
12.347648542
14.029342835
14.677022375
10.685151458
10.43831579
11.17718371
12.918674375
14.854225665
13.96261046
13.486545208
13.965318375
12.940749958
12.62272575
13.943927585
14.11049275
15.194858708
15.947760792
13.8665125
11.98371004
11.279100918
11.711646625
11.838656582
11.921493958
12.122730082
12.860116542
11.969263875
11.033326875
10.517886082
12.246751375
9.860065583
8.734840688
8.89234875
7.881971416
6.245915671
7.143280542
8.073101917
8.814803125
6.818547833
6.230621479
7.059941104
5.740955688
4.873410979
5.137062208
5.649010083
7.068643896
7.089461104
6.432417062
6.752785146
8.018392396
8.112593854
8.599089771
9.036501395
9.918028332
10.282271332
9.680774832
8.926273708
9.260513208
9.279992083
10.059439915
10.087739085
11.54820454
12.193667207
12.101324833
11.249544625
11.215876832
10.446011082
8.092451958
9.178101354
8.834953646
7.847583
9.255432918
11.520047335
12.186918375
12.932980125
13.200815832
12.192100168
10.98048704
11.420684042
12.575390208
11.488780542
8.707527417
9.097240708
9.350358125
9.57973377
10.33679804
11.376490042
8.770246167
6.196817646
7.618284688
9.549916459
7.716544042
5.72295525
6.057486812
6.757011979
7.352787292
9.611830083
7.813026875
7.597664188
8.534059208
10.327074125
12.463913088
12.320238375
13.367101
14.046195167
14.6519555
13.876915542
14.408541418
15.462056855
16.18211579
16.317807165
15.81931621
15.389007292
14.752272618
15.13663946
17.100645875
17.60476325
19.137089043
18.135936
15.593215415
15.42120125
16.451722917
17.865382472
18.04913546
20.108460682
20.865230037
22.004005383
20.397360783
19.00124808
18.04739035
19.770136785
22.573621983
22.700389255
22.76158306
20.936657347
20.849237587
22.801971767
20.362280428
18.115794407
19.63505866
20.393099232
21.056435857
21.5407936
20.598854168
19.282031253
19.907864585
19.877552082
19.507942707
20.246380207
21.222975053
21.316873355
18.726484375
17.166692708
18.121223957
18.999787283
19.711328122
20.656015628
21.344140625
22.087552085
21.194244793
21.09065104
21.429661457
21.133828125
20.973541668
21.510989582
20.304218748
19.639218747
19.260052082
21.035078125
22.116310765
22.409348958
22.645989583
22.881588545
22.339427083
21.076458332
19.867734375
19.248593747
19.452265625
19.532369792
20.662760415
21.067265625
21.731666665
22.295807293
22.266536457
21.64471354
20.992708333
21.32684896
22.71044271
23.678541667
24.251302085
24.601979167
24.183445115
25.569518995
24.90140625
25.17580729
25.465260418
25.843098958
25.936822915
24.636484375
25.061510415
25.021015623
24.897421873
24.445885418
23.884869792
24.840442707
25.872864585
25.754140628
26.061848958
26.016822918
26.14315104
26.413671873
26.393463543
25.624869793
24.969140625
25.365729167
25.582968753
26.29247396
26.272447917
25.700859375
26.195104167
26.604192707
26.827239585
25.828515625
24.916484377
25.084947917
25.698723958
26.194192708
26.364583333
26.713463543
27.074427082
27.009453125
26.76236979
26.937578125
27.282890625
27.385911458
27.410781253
26.788671875
26.168906248
27.48450521
27.648619792
27.578307292
27.400052083
27.382473958
27.426119792
27.351119793
27.495729167
27.391692707
27.160885417
26.56408854
26.269401043
26.201145835
27.170546875
27.87817708
28.0428125
27.873489582
27.920572917
27.429895833
27.580703125
26.745598958
26.30684896
25.598645835
25.726354165
25.693854165
25.908671875
26.545833335
24.5225
23.251822918
24.91013021
26.023802085
25.80121251
25.473359375
25.715208333
26.485208335
26.429140628
25.878180963
26.080364585
26.475078123
26.2025
26.27684896
26.250130207
26.308619793
26.482890627
26.699635415
27.269895835
27.697734375
27.81690104
26.407395833
25.56049479
24.968385415
24.069947915
24.034140625
24.143203125
24.368125
25.60546875
26.253125
26.60096354
24.694557293
22.856354165
23.692499998
24.648723957
24.475546875
23.958541668
24.068333335
23.358567708
23.015624998
22.93955729
22.880885415
23.218072915
22.212135415
21.042838543
20.33453125
20.47278646
19.839114582
19.964322917
20.82799479
21.435494795
20.850572917
20.156614582
21.218645832
21.320390628
20.17578125
20.41028646
21.187213543
20.428854165
19.241015625
18.894661457
18.961666668
20.299583332
21.235468752
21.014479167
21.311588542
20.046979167
18.44721354
17.399114585
18.088828125
17.632057293
16.917265625
16.526484377
17.055000003
16.350234375
16.815
17.629546875
18.563255207
19.365572917
17.7134375
16.811848958
15.606406248
15.334843747
16.047239582
17.628359375
15.451510415
14.344869792
13.953463542
15.107031248
15.821432292
16.694791667
14.899765625
13.954453125
14.019114585
12.792734375
10.911354166
11.007460937
12.4596875
14.779583332
15.816302082
10.866848958
9.05501302
9.423046877
10.153723958
9.431575522
9.304596355
9.441809896
9.749572916
9.864619792
9.931023438
9.801437498
10.527546876
11.197682291
11.895598959
12.13901875
14.676875
14.458593748
12.26080729
11.767031249
10.269218748
9.089645832
8.548908854
9.016742187
11.151744792
11.121723959
10.899645834
12.190859375
10.913750001
11.19896875
12.891848958
7.668513022
6.238776042
6.236411458
7.702039062
8.222533854
8.973463542
8.733958333
8.469114583
8.367216236
8.076752432
8.705104167
9.509687499
9.32984375
8.522135416
7.499789931
7.877046875
8.030716146
8.270182292
8.771901042
9.173359375
8.906223958
8.250507812
7.568882812
7.856328125
7.912864583
7.86578125
7.276992188
7.562052083
8.357872396
9.263958334
8.678828125
8.481799479
8.890729168
9.460338542
10.194921875
10.856718751
10.656562499
10.788567709
9.727786458
9.0990625
9.133098958
9.828203123
9.532760416
9.406015625
9.073125001
9.304375001
9.904739584
10.071015626
10.159010416
10.909713543
11.22940104
11.254635416
11.372786457
12.541041668
13.684270832
14.882916665
14.597734375
13.95578125
12.74671875
12.105911458
11.841640625
11.566302082
12.24528646
13.365625
13.734947918
13.996093752
13.5015625
13.876328122
13.767447915
14.212057292
14.443255208
15.083880208
15.406640625
15.599765625
15.700234375
15.462187498
15.79674479
16.106257927
16.276640625
16.36450521
15.7425
15.82765625
15.40341146
14.320520832
13.80190104
13.876354168
15.000989582
16.05372396
15.218697918
14.836822918
15.758072918
14.868802082
14.750625
15.67859375
16.86122396
16.709140625
15.908125
15.484739585
15.891640625
16.431796875
17.14705729
17.45122396
16.946302083
16.999479167
16.901614582
17.838359377
17.44169271
16.929140628
17.139713542
16.957421872
17.1240625
17.838229167
17.899869792
17.955
18.085989583
18.116692705
18.101666665
18.059479168
18.263776042
18.786744793
19.520859375
19.982005207
19.41481771
18.956171875
18.870911458
18.770911457
18.34674479
17.882213543
17.584947915
17.81546875
17.94263021
18.153541668
18.395364585
18.827708335
19.22083333
19.497447918
20.229140625
20.058229168
19.856171875
19.256119793
18.714479168
18.826041668
18.857447915
18.302031248
18.008203125
18.361432292
19.112239582
19.949895835
20.304088543
21.100651043
21.936875
22.369765628
21.95174819
21.357987085
21.384960957
21.535420375
21.573068083
21.63367071
21.609607833
21.624678418
21.653608
21.677321208
21.575333708
21.524809207
21.497916665
21.90158871
22.1654
22.454259917
22.731503832
22.796508585
22.92658575
23.33264096
23.895835958
24.301226293
24.577384708
24.604355335
24.654520167
24.69882421
24.777145335
24.968394832
25.146836042
25.148493335
25.183633293
25.192941235
25.258307292
24.997578123
24.90611979
24.856197918
25.076822915
25.564843747
25.540442707
25.619791667
26.060130208
26.256614582
26.037734375
25.68421875
25.576302082
25.80953125
25.965807295
26.217343748
26.08616744
25.01359375
25.395208333
25.702239582
25.69692708
25.867239585
26.025546875
26.168151042
26.262838542
26.314401043
26.494453125
26.614114583
26.407916668
26.34427083
26.391614583
27.201586457
26.007265625
26.228619792
26.507630208
26.566770832
26.665729168
26.872916668
26.960937497
27.038385415
27.104765625
27.125078125
27.312994792
27.638203125
27.760390628
27.702890625
27.270104168
26.7434375
26.5871875
26.28895833
26.416223958
26.504895835
26.225182293
25.778203125
25.081484375
24.599479165
25.260963543
25.94669271
26.26440104
26.347916665
26.25203125
26.248697917
26.21388021
26.385130207
26.456953125
26.012239583
25.369244792
25.001223957
25.149453125
25.716197918
26.159348958
26.40643229
26.909661458
26.85546875
25.693958332
24.53559896
24.546927082
24.884739585
24.661796875
24.63674479
24.535260417
24.350156252
23.943098957
24.46138021
24.953932292
25.239453125
24.978489585
24.869453125
25.108229165
24.697135418
23.652265628
22.76734375
22.387369792
21.950416665
21.453333335
21.5003125
21.579921875
21.674739582
22.232395832
22.933567707
23.588645835
22.211354167
21.099765625
20.82669271
20.864843753
20.93234375
21.3928125
20.729166665
20.99283854
21.98
22.73549479
23.34265625
23.226614585
23.36924479
22.552942708
21.216953125
20.8084375
20.86153646
21.127604167
21.616614582
22.199296872
22.091171875
22.333125003
22.475312502
22.054244793
21.98046875
22.476015625
22.960208335
22.298020833
21.683828125
21.504510142
21.241197915
21.070720143
20.897390462
20.107381068
19.184879993
19.053351858
18.525009665
18.017239047
17.956702105
17.764550042
17.88132195
18.48596354
18.08359536
16.319441315
15.49246107
15.581766267
16.778350782
16.515532645
15.786660225
15.447583495
14.82348475
15.69101106
16.08778458
15.288106478
14.609419028
13.85019303
13.905970522
14.24397283
14.08826192
13.48320044
13.19422734
12.405053158
11.178990928
10.602517853
11.066291613
12.12807936
11.78188762
11.359868988
10.674838382
10.125416158
11.10244362
10.804827858
8.290936695
7.755472832
8.331162479
8.977468133
9.480321092
9.980245115
10.678188358
12.6607391
12.89344851
11.979920535
12.231281678
11.885243502
11.121641806
11.501870168
11.563463542
13.85
11.017161458
8.584138021
6.94565625
5.412914062
4.295132812
5.040585938
7.571427083
10.825026042
11.471927083
11.069007937
10.2144965
9.45050725
9.4552525
10.404307
10.2714395
11.20151325
12.1932755
12.06515325
11.804163
12.16480375
11.3581075
11.73772925
11.53842775
9.96299675
9.30814875
9.142064
9.82063875
10.6368255
11.168296
11.32014525
10.3426185
9.83487425
9.79691225
10.404307
12.53493525
13.37959425
12.35461475
11.0496645
12.06515325
14.3713565
14.4425355
13.36061275
12.05566275
11.248966
11.4625035
12.38308675
13.84937625
14.7747045
15.64308975
14.97400625
14.72250675
15.66207125
14.499479
12.36885075
12.0888795
13.759216
15.65258025
14.75572375
13.251472
13.2324905
13.028444
14.02020625
16.02745725
15.37260925
14.2479795
15.970514
16.615871
15.524458
13.77819725
13.9015745
13.53144275
13.86835775
14.845884
17.20903025
18.21028325
19.18306475
19.91383675
20.264987
19.77622375
19.9755255
20.350402
18.957796571
17.83274975
18.486627458
17.70454825
17.105350875
17.160563625
17.551045167
17.694403583
17.738876208
18.807412792
18.893356542
17.789489875
17.300367833
17.832658417
19.726990583
20.905951458
20.562943792
19.218827667
19.832947125
19.750469125
21.19667075
22.12435875
21.696312083
20.688477792
21.069643458
23.698151042
21.830977625
20.295268708
18.069726125
18.324437333
18.421136458
20.388166667
18.298730917
17.5202175
19.640128167
18.648427625
16.734196125
16.951653917
18.204009542
18.299302208
18.106429833
18.449255958
19.225412208
20.301118667
20.959049417
21.9501885
22.238188167
22.392796792
21.686543417
21.310745458
22.291130375
24.1242005
23.279332458
23.400697375
23.465628042
22.150878167
21.774051708
21.0791195
20.872521875
20.585119583
20.367531625
21.476063208
23.708357625
24.717539583
24.230530333
23.235255875
23.144304875
23.764700042
23.851070833
23.026164417
23.478712792
23.986349708
24.826230667
25.03694962
25.48004325
24.8062145
25.043478
25.60816575
25.9735515
26.338938
26.63789
26.93684225
27.515766
28.06621775
28.350934
27.1978325
27.07920075
27.8052275
26.365293585
25.435607771
25.493312361
25.443928859
24.905524455
25.164368083
26.15065375
27.0460085
27.749860317
26.945276302
25.983863558
26.128965596
26.573256364
25.982108149
26.578303759
26.887191251
27.087924906
27.166044702
28.327208
28.607179
28.87291425
28.9725655
29.00103675
29.12441375
29.12441375
28.834952
28.882405
28.90138575
29.07696125
29.21931925
29.4660735
29.67486575
29.679611
29.31422475
29.456583
29.8077335
29.6036865
29.77926175
29.81722375
28.062464389
28.9393485
27.86217075
27.50627525
27.57270925
27.48729425
27.828954
27.50153
27.2452855
26.83719175
27.14088925
27.3876435
27.70557675
26.82770125
26.54772975
27.392389
27.847935
28.2512835
26.967507731
27.229567292
27.503587667
27.355228292
27.31489375
27.263141042
26.013323583
25.794798083
25.7575705
25.729503708
25.812387958
25.694262958
24.896408583
24.421434875
24.555204958
24.3867495
24.728460167
25.238363833
25.5157755
24.733153542
23.365431833
23.064402
23.105159333
23.094800708
23.07384925
22.922673292
22.635077292
22.557348958
23.166591542
24.375986458
25.141328583
25.383856833
24.439063208
25.138502292
25.769638
26.407572458
26.236406542
25.73568775
25.47738625
25.101384833
24.40904525
22.829570583
22.094761125
22.25278375
22.46835675
22.557118833
22.674482667
23.478004
24.053647125
24.274015458
24.37300375
23.789239875
22.232487417
22.312784083
20.823075042
19.541668958
20.117117458
21.706830833
22.853449083
21.255406375
19.518477833
18.862983208
18.880395208
19.095539375
19.711909292
20.889433042
19.682059583
18.481463
17.80243275
17.16317
17.416222667
16.136788083
14.443857792
14.64453275
15.136990625
14.554745083
14.925542417
16.462242792
16.59563425
16.636976333
18.025970333
16.802915792
15.75122325
14.675065917
13.876443048
14.127713917
15.172872125
15.766341708
15.902791875
16.848524708
17.3659585
16.028385417
17.691458333
16.571510417
13.653020833
13.204270833
13.38015625
11.91875
11.835416667
13.039713542
13.69
12.895182292
13.749088542
15.462317708
14.6975
13.251328125
13.769010417
14.121380208
14.922682292
16.747682292
12.949479167
11.758776042
9.657317708
8.509348958
9.647734375
10.1884375
10.841067708
10.890260417
10.600755208
10.629322917
10.207682292
10.620911458
12.053229167
12.51046875
14.201743969
14.872161458
13.93984375
10.318854167
9.506328125
8.754377604
8.286197917
7.561708333
6.291606771
7.879679687
9.076640625
7.702921875
4.970544271
5.504166667
5.278125
5.511213235
6.12514881
6.742708333
7.732291667
9.540625
9.901041667
9.719791667
10.541666667
10.541666667
8.019791667
7.604166667
8.096875
7.960326087
6.160416667
5.731050171
6.0057125
6.991142417
8.801458333
11.16518825
11.124016167
10.073739083
9.69535
9.814594583
11.020533
11.67767388
10.875068
10.43696725
9.797202833
10.83258025
11.1125
10.327272727
10.439583333
10.219791667
8.770208333
8.177083333
7.990625
8.29375
9.7875
9.327083333
7.975
7.454166667
8.573686594
10.435416667
12.838541667
12.984375
12.181884058
11.683333333
13.564583333
13.972872807
7.384654
8.131321
8.585453
10.122916667
10.431349206
11.145461957
11.657222222
13.60124025
13.387440476
12.575
13.766471083
14.347640333
14.816958583
13.689567667
12.972373083
12.781147333
13.79916325
14.8731145
14.991287167
13.964409826
13.357212167
12.582334327
14.54775641
15.389772727
15.24468599
15.116666667
15.68479925
14.191036
15.28912575
15.6357125
16.88635175
17.30155275
17.12350175
17.933273477
17.802569
16.620782091
16.63364325
16.536111111
16.657171053
15.633814935
14.173822464
16.060965804
14.692708333
15.02793475
16.24880325
14.560464917
13.841040083
14.7082455
15.346733
16.559045548
18.33366025
19.5816675
18.3845665
17.17376175
17.0101395
18.343151
19.21153625
18.428566
18.15334
16.97651225
16.49249425
17.9160765
19.08815925
18.148595
17.80693475
18.727518
18.493984386
18.807748685
19.477632667
20.0823
20.905496917
21.356338
21.331218
21.04017225
21.35245175
22.1568585
22.322563417
22.755535341
22.82843275
22.831868087
23.39457875
23.773544833
24.34614075
23.783817946
23.6802355
24.015011
24.333862736
24.957048496
24.01732004
23.750968833
24.326890993
24.938869
25.452550667
24.908400333
25.23129675
25.8918335
26.09485825
26.2068375
26.59770275
26.80547087
27.217410612
27.427429833
26.59079175
25.623364083
25.835783833
26.566933583
25.847041833
25.438127833
26.38892875
26.642915
27.174024667
26.962640028
26.98656175
27.15512525
27.221559
27.30697375
27.31171925
27.33070025
26.97005925
26.59992825
26.49078675
26.14912675
25.76475975
25.86915575
25.11465725
26.38164525
27.00327625
27.3876435
27.48729425
27.31171925
26.77550325
27.63439775
28.36042475
28.38415125
28.55498075
29.024763
28.9773105
28.87291425
28.6878485
27.285975071
27.395816946
27.629308333
27.688052333
27.767208833
27.874742833
27.921617833
28.11355875
28.109560417
27.897290917
28.109644583
28.22109275
28.264253583
28.030940583
27.535736583
27.41304075
27.39154425
27.38312675
27.528781833
27.761053167
27.06464862
26.42743075
26.125
25.7825
26.036458333
26.117708333
26.41875
26.75625
27.011458333
26.825
26.471279762
26.642708333
26.908125
26.564221491
26.385416667
26.763163761
26.633541667
26.845833333
27.966054184
28.244736674
27.778631667
27.106717
26.468215417
26.56464975
26.913868417
27.596961167
27.998343333
28.205294583
28.62078225
28.926084828
28.99275825
29.29524375
29.08645175
28.538461879
28.433920167
28.038527583
27.167754667
27.1443775
27.175346917
26.786484667
26.17226225
25.371361
24.594438167
24.880014917
25.309001333
25.520659833
25.694417667
25.8617655
26.066092333
26.316232417
26.557718667
26.598924667
26.647742833
25.64053175
23.899807083
23.769939333
24.187487
24.478753167
23.244839333
21.94155425
22.306457917
22.81286825
23.574807083
24.18542375
24.365271333
24.79303575
25.161825833
25.33554375
25.196581417
24.2358245
24.495560083
24.12188225
23.07821275
21.671903167
21.104916167
20.579134917
20.1697
18.489632167
17.58125
17.623822464
18.241666667
18.50625
18.494791667
18.089583333
17.789583333
18.085416667
17.90625
17.707291667
17.598958333
17.714583333
17.933333333
17.932291667
18.840729167
18.613250083
17.597024583
17.087669583
16.822785917
16.774788917
16.773547
16.854296333
17.039131917
16.493959917
15.54914825
14.399068583
14.464934167
13.67304725
11.970824083
11.19644525
11.53448531
12.048739316
13.090714663
12.384375
11.88119175
12.5414595
11.820919417
12.24466725
13.412852917
13.4451025
13.62400675
12.486061083
11.930114167
11.803906895
12.187723
13.055952381
13.545833333
13.05738225
12.411690902
11.248402778
11.130017
11.450215667
11.308755417
11.016938
10.786960417
10.04647125
9.705917367
10.704315476
11.279140787
9.730344203
9.908596491
9.771339286
9.992559524
10.432738095
11.113541667
11.186011905
10.8375
10.608541667
10.56657197
10.257291667
10.4
11.775
12.5
11.008333333
9.801041667
9.316666667
9.686440058
9.294791667
8.88764625
8.529616
7.688095238
8.880426667
9.646254845
10.893331199
11.453013
10.51344875
10.165599417
10.428582583
10.405462167
9.541868667
9.483760417
9.522596917
10.105549833
10.519546917
10.433858833
10.108814395
8.874124917
8.97236475
9.967024205
9.005156833
8.72743725
8.365794917
8.24013575
8.918923583
9.186090417
8.385404417
7.766592556
7.723913043
9.301041667
10.75
11.966666667
12.582291667
11.978125
11.397916667
10.278125
8.741666667
8.432291667
8.741666667
9.607291667
10.097916667
9.861458333
10.686458333
10.7125
9.154166667
9.183333333
8.683333333
8.247916667
8.634375
9.263541667
9.896875
10.601041667
10.3875
10.30625
10.592708333
9.5875
8.06875
7.925
8.217708333
7.596875
6.332291667
6.255615942
6.89701087
8.210416667
9.473958333
10.630208333
10.589583333
10.376086957
11.573958333
12.848958333
12.973958333
12.124093615
11.706041667
11.810416667
12.266666667
12.629166667
13.245833333
13.091950758
13.397327899
14.114583333
15.183333333
15.002083333
14.573958333
14.705208333
15.465625
16.06875
15.08125
13.361458333
13.073958333
13.257291667
14.236458333
14.942708333
15.439583333
16.219791667
16.815625
17.154166667
17.277083333
18.094791667
17.976041667
16.335416667
15.025
13.017261905
13.950347222
15.953298611
16.893366228
17.297500823
16.373566017
16.122198963
17.057142857
18.6898925
19.11713175
18.8414045
19.24475325
19.5484505
19.58146225
19.9682615
20.22493825
19.9251485
19.92332725
19.82842175
19.7382615
19.586413
19.91858225
21.3801265
21.7787295
21.3279285
20.41209075
19.29220575
18.86987625
19.31593225
20.212789
21.47028675
22.26749275
22.85116125
22.96030275
22.4335775
22.253257
22.20580425
22.26274725
22.12038925
23.2687455
23.9425745
24.0279895
24.364904
24.5831865
24.4265925
23.23552875
23.1833305
23.880886
24.22729125
24.54522425
24.86315775
24.402921411
24.562596119
24.370239417
24.338789167
24.74906525
24.23642525
23.66038375
23.367295
23.644578417
23.506831141
23.577931917
24.431958083
24.543195917
24.400107083
24.727731083
24.930515417
25.264549917
26.223684417
26.46348775
25.81543125
25.323184
25.583259917
26.07706975
26.370628477
26.654825489
26.718355667
26.720839667
26.45934125
26.563467917
26.76969775
26.812846917
26.909922083
26.710162583
26.601648917
26.74431725
26.848263583
27.277530333
27.44511825
26.976248083
26.929693833
27.15856
27.072181583
27.482357667
28.002309667
28.1592205
28.288607417
28.424845417
28.33343925
28.013767833
26.14375
25.570833333
25.371875
25.154166667
25.119791667
25.495833333
26.179166667
26.520833333
26.602272727
26.789583333
26.945833333
26.920833333
26.541666667
26.635294913
27.047836439
27.381521739
27.671875
27.672916667
27.841666667
28.095833333
28.25
28.1625
27.773958333
27.854166667
28.203125
28.599469697
28.655208333
28.597916667
28.722916667
28.748484848
28.698007246
28.221875
27.848958333
27.4375
27.848958333
27.429166667
27.072916667
27.366666667
26.941666667
26.133333333
26.532291667
26.827083333
26.908333333
27.001041667
26.973958333
26.907291667
27.007291667
26.9625
26.989583333
27.232291667
27.402083333
27.661458333
27.388722826
27.519428968
27.736965583
27.342708333
27.267708333
27.228125
27.242708333
27.141666667
26.764583333
26.98125
27.028977273
27.658677417
27.487152778
27.439583333
27.328125
27.340625
27.367708333
27.371875
27.484375
27.41875
26.946875
25.853125
26.026041667
25.746875
24.25625
23.202083333
23.333333333
24.01875
21.446875
19.247916667
18.8875
19.665625
21.320833333
20.75625
19.686458333
19.828985507
20.15951087
19.989583333
20.1625
19.226041667
18.93125
18.920833333
15.885416667
15.285416667
16.230567417
16.282857417
15.521135571
13.692556444
12.893235294
12.466304348
12.948958333
13.054166667
13.833333333
14.633333333
15.890625
15.614583333
14.080208333
14.033333333
14.627083333
14.766666667
12.104166667
11.3
11.323958333
11.408333333
11.691666667
12.41875
12.58647892
13.23423913
14.232291667
15.241666667
14.154166667
13.34375
12.971130952
13.142758262
13.163541667
12.865625
12.496875
12.51875
13.234375
12.672916667
11.952083333
11.728125
11.8
12.8125
13
12.316666667
12.604166667
13.158333333
12.01875
11.136458333
11.469791667
11.563541667
11.64375
11.314583333
10.625
9.965625
9.577083333
9.464583333
9.78125
10.489583333
10.905208333
10.582291667
10.790625
11.467708333
12.205208333
12.288541667
13.023958333
12.947916667
11.823958333
10.9125
10.494791667
11.24375
11.572916667
11.014583333
10.821875
10.677083333
10.534375
10.361458333
11.401041667
12.73125
11.554166667
10.602083333
10.785416667
12.041666667
13.091666667
12.220833333
11.04370471
11.20625
10.301041667
9.918976449
9.733333333
9.727083333
10.05625
10.147282609
10.078125
10.973958333
11.023641304
11.416666667
10.510984848
10.533515333
10.373731884
10.379634714
10.86120625
11.833514493
11.408333333
9.71875
8.665625
8.840625
9.492424242
10.764583333
10.691666667
10.046875
10.127083333
9.828125
9.086458333
9.621875
10.326041667
11.194791667
11.452083333
11.008333333
10.927597403
9.941304348
10.389583333
11.204166667
11.694791667
11.691666667
11.064583333
10.329166667
10.850996377
11.252083333
12.363541667
12.778125
12.766666667
13
12.588541667
12.353125
12.35
12.710416667
13.55
13.741666667
14.763541667
15.446875
15.113541667
14.198958333
13.78125
13.791666667
14.436458333
14.857986111
16.488100167
16.168050417
14.760484
14.446875
15.066666667
16.047916667
16.465625
17.035964912
18.142708333
18.290625
17.328125
16.866666667
16.356696429
17.364585917
16.615530303
16.266222003
14.130026761
14.62264096
16.175229667
17.485671
17.265441176
17.441666667
16.75625
16.745833333
16.673958333
14.980505952
13.860208333
13.381666667
14.196180556
14.61875
13.858333333
14.810294118
15.094791667
15.828903162
16.508695652
16.657291667
17.161160714
16.99375
16.767234848
17.305416667
17.986458333
18.165
17.530208333
18.115625
18.99375
19.85
20.509375
20.329166667
19.2875
18.981666667
20.232960917
19.384143
19.611266417
19.25573775
18.32779325
18.53322175
20.23488375
21.061266083
20.5039345
20.931602583
21.101891083
21.010369
21.75586775
22.0862055
22.245757917
23.222685417
23.479343667
20.843310583
22.474015899
21.809182717
22.535368556
22.849053417
22.994596667
22.457291667
22.594482872
22.918824111
23.599230072
24.29375
24.566666667
25.108333333
25.414583333
25.407291667
25.428125
24.369791667
23.880208333
24.021875
24.259375
24.557291667
24.757291667
25.071875
25.489583333
25.672916667
25.519791667
24.855208333
25.073958333
24.39375
25.010416667
24.789583333
25.152083333
25.639583333
26.123958333
26.369791667
26.55
26.902083333
27.251041667
27.602083333
27.409375
27.589583333
27.422916667
27.483333333
27.170833333
27.207291667
27.630208333
27.292708333
27.080208333
27.519791667
27.628125
27.903125
27.791666667
27.903125
27.996875
28.070833333
28.019791667
27.93125
27.907291667
27.829166667
28.003125
28.1125
28.065625
28.001041667
28.051041667
27.526041667
27.520833333
27.670833333
27.319791667
26.685416667
26.380208333
26.234375
25.859375
25.359354575
25.682291667
26.301041667
26.977083333
26.945833333
27.154166667
27.163541667
27.257291667
27.580208333
27.775
27.854166667
27.823958333
27.494791667
27.095833333
26.492708333
26.152083333
26.082291667
26.180208333
26.130208333
26.225
26.235416667
26.394791667
26.463541667
26.302083333
26.934375
26.804166667
27.11875
25.945833333
25.420833333
25.761458333
25.99375
26.152083333
26.266666667
26.311458333
26.4
24.778125
22.947916667
22.683333333
22.825
23.153125
23.208333333
23.470833333
23.767708333
23.853125
23.632291667
23.197916667
22.75625
22.61875
22.817708333
22.871875
22.916666667
23.03125
23.294791667
23.66875
22.772916667
21.723958333
21.365625
21.4625
20.76875
20.608333333
20.50625
20.19375
20.480208333
20.94375
21.5
21.965625
22.466666667
22.792708333
23.00625
21.979166667
21.979166667
22.508333333
21.747049083
21.347718641
21.847150917
20.972277667
21.045766083
21.991675667
22.92216375
22.416434417
20.694127333
19.974780083
16.428323833
13.033277667
12.087571167
12.635869083
13.512431667
14.391573
15.169825083
15.193478583
15.534484833
16.247175333
16.966116083
17.488537417
18.145549667
18.29236125
18.797556833
18.93874075
17.569647667
17.261352417
16.8069825
17.20925625
16.888715083
15.987457333
15.794837917
15.759916667
16.423102833
17.411657333
18.311568583
17.217272167
15.764604333
16.099436667
15.687825833
14.964604083
14.781486833
14.188867333
14.077929667
12.836736778
12.084048569
12.124300724
12.055282272
11.545917167
11.6945325
11.914844917
11.882502417
12.10107475
12.12954275
12.352751667
13.31779225
12.411224583
11.2682875
10.093172917
9.855850833
9.628119583
9.6095475
10.162380417
11.05474575
10.607578417
10.6950405
11.082311833
12.0057495
10.4286405
9.995116667
10.180546
10.941013417
11.107096
11.44948675
10.9737625
9.116750167
