20090901
20201231
3.107896345
3.094214899
3.083041249
3.081910129
3.075040041
3.063181482
3.051027596
3.03674074
3.019129276
3.004388877
2.995691342
3.443779504
7.465889453
8.405989236
9.77211069
10.082178192
10.488502584
10.525242254
10.520487461
10.526344818
10.513247289
10.53965329
10.52496116
10.500205075
10.491152174
10.456115832
10.381522955
10.125175785
9.747008917
9.415206462
8.982633412
8.19684127
7.615410014
8.909833267
9.259670314
9.261096768
9.190691814
9.532445012
11.12564673
11.356797282
11.429177312
11.472334643
11.48593415
11.491418732
11.503749625
11.544321614
11.492639217
11.482063144
11.488896647
11.492272094
11.502731926
11.717037265
11.728793988
11.743383938
11.739546562
11.728762384
11.710424561
11.706357049
11.818923087
11.893701307
11.90841295
11.90901789
11.91089839
11.884014083
11.877205488
11.866373309
11.852992152
11.833559326
11.810143358
11.807504589
11.784099919
11.776249615
11.767766084
11.744964447
11.730267895
11.701263987
11.675223018
11.628666352
11.59339389
11.584052728
11.572431824
11.567844192
11.546693752
11.50081318
11.456551374
11.377450218
11.315075423
11.2724572
11.240296401
11.207395826
11.320837128
11.268881233
11.562538551
11.580457367
11.569119944
11.566916721
11.571158223
11.572442342
11.566724091
11.55082893
11.54653127
11.545316276
11.554885672
11.573795021
11.552475943
11.536268571
11.532336529
11.53641672
11.53984914
11.515777749
11.520768483
11.526223013
11.52553315
11.526561294
11.634368066
11.764146006
11.772796304
11.779882442
11.798397264
11.804570578
11.815543656
11.811158758
11.142890966
11.14018587
11.135575436
11.129572813
11.118387955
11.117783255
11.086102554
10.952019449
10.943190063
10.948341973
10.946719109
10.923803828
10.927651623
11.062560591
11.062207554
11.069620268
11.07344412
11.085834872
11.100082019
11.087555397
11.177732669
11.204364136
11.203635003
11.199256397
11.207286608
11.200401555
11.210098811
11.20103633
11.225978828
11.227966815
11.23466363
11.23480395
11.236523006
11.248562987
11.254702129
11.267235977
11.258915977
11.249692095
11.263228959
11.272462247
11.274089034
11.256678622
11.27200228
11.282267319
11.272732041
11.278408844
11.274275617
11.277231445
11.282078163
11.272595313
11.278497616
11.285249062
11.295843852
11.306080478
11.303009292
11.302116132
11.299760058
11.318070875
11.320056984
11.306171652
11.312610138
11.316719024
11.325651711
11.323020167
11.320245053
11.317003958
11.326278147
11.344281972
11.341979962
11.347676715
11.345956643
11.347703359
11.353190423
11.355779657
11.34929073
11.339682037
11.343505424
11.326951954
11.334615571
11.336079913
11.360440185
11.369473366
11.362007994
11.364828005
11.380419865
11.359247836
11.360398856
11.361687288
11.364975469
11.358769491
11.354049849
11.349215844
11.36259392
11.370886255
11.357215725
11.343956208
11.338463038
11.334844134
11.332130239
11.316713162
11.296086502
11.245968001
11.159017115
11.01017057
10.803072519
10.630856938
11.0374555
11.353385571
11.376825433
11.378077945
11.387962613
11.393473383
11.414426381
11.41023352
11.413084147
11.407072782
11.39535273
11.38320986
11.346718345
11.278639951
11.169574234
11.042484958
10.780911894
10.535004058
10.083603608
9.449202235
8.467004411
7.41433069
6.90157259
6.861089716
6.684599404
6.415100318
8.961215803
11.028608525
11.210867111
11.231248069
11.266011485
11.288977182
11.29494759
11.277223426
11.258060522
11.188254082
11.047790953
10.809969729
10.444465214
9.994032269
9.282830721
8.261183301
7.364063022
6.593429372
6.032660269
5.727631317
5.367128006
5.082924373
4.804859271
4.476683938
4.134601093
3.824255869
3.515738478
3.222016115
3.030923722
2.907014112
2.77409411
2.653161656
3.505422083
11.19415291
11.250652251
11.280135446
11.258321108
11.216693971
11.129954326
10.90534822
10.671279148
10.356252053
9.915419733
9.264604353
8.517238548
7.705377242
10.777758789
11.102037375
11.091282751
11.04556462
11.001124429
11.192290788
11.35026576
11.388496571
11.397650476
11.375164988
11.351841727
11.368279014
11.44578667
11.459625355
11.473296149
11.494058286
11.493370783
11.477217276
11.438472241
11.342702408
11.154877778
10.915853356
10.630039569
10.160410014
9.505952189
8.582965565
7.458234504
6.472174866
5.666180992
6.117209235
5.936407244
5.308169469
4.422518765
3.729567567
3.297414934
3.004134905
2.784331924
2.60134941
2.464927737
2.381086212
2.294324061
2.225539282
2.17461537
2.139346504
2.099156712
2.062522036
2.026841541
1.987661017
1.961581866
1.942851515
1.928211353
1.915112148
1.898445755
1.879313574
1.860454733
1.844099199
1.827503439
1.813156882
1.809756962
1.793597329
1.780830213
1.771009465
1.767445984
1.7626135
1.760312306
1.759639569
1.770941885
3.297645119
4.33817256
4.468132793
4.336563646
4.129362294
6.345417543
11.250027701
11.298810909
11.325654512
11.348317793
11.382533191
11.410745848
11.427789804
11.416963685
11.38469315
11.371417959
11.341964187
11.291898144
11.223493685
11.139835803
11.031574725
11.090738608
11.064790126
10.892086381
10.64230332
10.364365605
10.000658208
9.664437745
9.316053389
8.904329642
8.449435686
8.081819468
7.730420629
7.402363433
7.03588995
6.603817041
6.175275203
5.983159941
9.25003715
9.195541878
9.119500413
9.051711642
8.980099657
8.901520702
8.816610911
8.7524155
8.653537629
8.567738104
8.426618404
10.080815833
11.20882606
11.251630589
11.294741171
11.308401607
11.303516326
11.271652644
11.245415042
11.242753962
11.231685573
11.215628036
11.195338214
11.174415186
11.130816685
11.078358179
11.038309505
10.978633775
10.909223634
10.83910949
10.756803044
10.709964981
10.645995985
10.661756727
10.633821591
10.574923062
10.608537233
10.679595784
10.628616241
10.578532772
10.549443834
10.534466903
10.518042088
10.434625996
10.400248361
10.232593717
10.129937421
10.040271973
9.980357226
9.913923085
9.750453351
9.673684672
9.60773836
9.574745595
9.453555613
9.311843243
9.228410357
9.138488658
9.090335176
9.016216998
8.942822636
8.883627252
8.709251485
8.629115802
8.571433091
8.566068348
8.482175957
8.398085322
8.467500404
8.483176614
8.556905547
8.545186336
8.483300881
8.401549778
8.352568239
8.290759212
8.167119686
8.137458587
8.140741883
8.213859998
8.275822418
8.188284324
8.73386786
8.72399541
8.775236077
8.764770697
8.716168701
8.736912323
8.700086232
8.61746425
8.556499021
8.500658376
8.37705666
8.292558079
8.26988385
8.25230502
8.273678276
8.242037369
8.271807925
8.187867866
8.145440062
8.017635281
7.985001834
7.996496067
7.88144822
7.870408994
7.842563958
7.814605634
7.796287907
7.819498868
7.788664502
7.679013507
7.647330978
7.494590188
7.438456744
7.428636011
7.467453192
7.640646979
10.604421383
11.649694032
11.681769418
11.706007471
11.427034312
11.478999355
11.774077543
11.777643416
11.781506597
11.7905321
11.798811418
11.816264049
11.810816586
11.814963265
11.815125579
11.788311415
11.782485893
11.789924558
11.777381198
11.775415212
11.783965263
11.781406977
11.734789689
11.72268773
11.707368523
11.695338991
11.681744469
11.655224729
11.638378271
11.620802169
11.615295721
11.600220874
11.583052832
11.56609531
11.539959727
11.497040531
11.46543449
11.429241127
11.40530239
11.392563618
11.343172201
11.280908332
11.202041526
11.127356175
11.041205955
10.856548229
10.665716097
10.514515625
10.219278748
10.072711219
9.97311836
9.854097542
9.792539105
9.651938435
9.398169636
9.104761639
8.870879689
8.334668873
7.965431372
7.634792776
7.297038912
7.018518079
6.710155251
6.376693998
6.066924152
5.818209956
5.554130377
5.316857983
5.121834502
4.966310584
4.81301715
4.663608334
4.481387308
4.365077403
4.324059099
4.272089853
4.203172243
4.486633834
8.443881541
8.671721259
9.509643658
11.267203583
11.450084147
11.349936088
11.258971194
11.210915106
11.160095046
11.072824447
10.934690694
10.746663191
10.434236847
10.026731984
9.55429372
9.006470747
9.421367176
9.917066756
9.777760308
9.651427042
9.44166987
9.146810994
8.810368279
8.442452746
7.995861058
11.125146441
11.870892295
11.916299591
11.941575656
11.931415435
11.898932868
11.842577062
11.750689221
11.54312872
11.041912204
10.16856144
9.239057241
8.457996532
7.577034265
6.756906946
6.087845516
5.570355789
5.079485265
4.618652176
6.487671753
3.903046119
3.639029198
3.383965323
3.135445391
2.90470952
2.72808547
2.651897852
2.594715784
2.548330071
2.507794777
2.47287402
2.443684848
2.421595509
2.407568958
2.397037841
2.390000242
2.385628432
2.381859288
2.378157813
2.37280139
2.370717108
2.368580351
2.364485944
2.362131392
2.360194193
2.356325554
2.355459723
2.353580345
2.352924592
2.351955659
2.350807675
2.349431295
2.348056376
2.345288561
2.355478672
2.36812368
2.380354477
2.385980608
2.384116567
2.379354323
2.37212062
2.363114261
2.356447494
2.351165867
2.348601087
2.347204743
2.343819795
2.344438413
2.343666339
2.342810885
2.341937048
2.342281049
2.34184023
2.341413158
2.341220163
2.340112913
2.340069931
2.339012959
2.338135441
2.336906977
2.337539851
2.336845946
2.336224653
3.637076454
6.777469651
7.290557226
9.82516792
10.506104998
10.827509895
10.92391389
10.907695086
10.767366323
10.558032053
10.280386948
10.057392891
9.693480895
9.203926477
8.591349584
7.9399308
7.206467418
6.378965647
5.501057202
4.809217769
4.331451544
4.083587998
3.959019222
3.864298947
3.78113154
3.710557243
3.650541479
3.592165032
3.534288169
3.481041128
3.422491145
3.377684847
3.333582237
3.283446114
3.230365374
3.197422807
4.357982246
7.416834187
7.445103158
7.078354962
6.531409107
5.928878452
5.505768584
5.651627866
5.375657574
4.835322309
4.248489628
3.808228456
3.467623052
3.1794888
3.026070219
2.956979757
2.905202272
2.864209101
2.827879881
2.786925507
2.759009366
2.731836466
3.003401144
7.841691103
11.844055586
11.861968587
11.875798046
11.856387853
11.830228375
11.793054523
11.725281611
11.632583824
11.458513859
11.234296817
10.95799981
10.752424463
10.734177927
11.283122573
11.168175493
10.998390023
10.748518347
11.266825604
11.600268031
11.635121605
11.650766348
11.639112132
11.623129591
11.584808599
11.502550887
11.396589982
11.291437219
11.199398575
11.543242088
11.815719796
11.83557988
11.83461308
11.838451402
11.82838425
11.81418652
11.788931282
11.754647278
11.693533118
11.5946552
11.505808709
11.45699101
11.35891711
11.408688742
11.649152067
11.627454052
11.595196849
11.586767746
11.615138943
11.619027887
11.60362386
11.593623449
11.577018684
11.564047112
11.551128318
11.671220915
11.78623169
11.794418001
11.788327079
11.786096378
11.779954162
11.782338446
11.756727328
11.740314985
11.727308347
11.732748754
11.763265628
11.758861702
11.757619024
11.732846797
11.731691311
11.749405992
11.855812167
11.855314166
11.859027309
11.852120349
11.836365697
11.829343393
11.82367917
11.818986355
11.795561233
11.786980026
11.768153511
11.752138075
13.85781126
13.824946398
13.773077313
13.748812474
13.703232254
13.650309744
13.58805389
13.52449194
13.45743163
13.698847706
13.72591958
13.679040334
13.639996188
13.615315583
13.56519077
13.549424627
13.486664302
13.390464178
13.31581696
13.222310192
13.080099186
12.988391375
12.879029919
12.982543725
13.718687347
13.801325711
13.848065022
13.881647886
13.875699298
13.88062102
13.8971438
13.881563618
13.8762433
13.886056315
13.887487909
13.893300719
13.875079524
13.86482708
13.859498505
13.82789027
13.855054927
13.831768088
13.820682971
13.818943661
13.832507484
13.843696584
13.851051149
13.848358365
13.864382862
13.887263838
13.901387591
13.915812558
13.909294468
13.913005261
13.897198547
13.873712776
13.83365872
13.803792144
13.808342304
13.827898089
13.770463427
13.676413189
13.551976066
13.385754431
13.1634217
12.965949711
12.839658168
13.556243472
13.676589084
13.608443951
13.88797852
13.934505433
13.967034474
14.000045181
14.027183892
14.055075426
14.050535769
14.037639319
14.094300317
14.141738832
14.153449797
14.165199258
14.181748296
14.183448107
14.179766439
14.155195056
14.130522021
14.087443347
14.00531713
13.858784157
13.695093201
13.409790386
12.933790081
13.669041501
13.932898245
13.832262359
13.705670945
13.614414719
13.531489028
13.441067432
13.26100387
12.92732361
12.516760993
12.205637125
11.992121361
11.767688824
11.787521474
11.298091697
10.668129165
10.063889144
12.430935218
12.273770431
12.03872676
11.625394218
11.087475861
10.200880245
9.399453395
8.860789222
8.28275832
7.806580913
7.370071006
6.940310095
6.565906898
6.248167185
6.00034099
5.860246725
5.73718454
5.656025493
5.596001461
5.527003998
5.449021601
7.081303365
9.895820636
9.87088784
9.830802097
9.781904307
9.638296211
9.445029492
9.195916981
8.928284841
9.905158161
9.951310174
9.963490979
9.946507733
9.899218263
9.816492617
9.677580335
9.459745321
9.188462494
9.225535611
10.001189645
9.95140614
9.799751682
9.901245801
9.991578703
9.975356372
9.901923438
10.018157126
10.117547479
10.544272035
10.896062308
11.132145435
11.208786863
11.085472772
12.094210043
12.924255885
12.931778233
12.903143376
12.812789209
12.587476413
12.123356642
11.467547176
10.790669381
10.296056389
9.460985793
8.357879915
7.341140113
6.485724039
5.782039193
5.320748932
5.147742697
5.056278803
4.966754443
4.882349999
4.807557183
4.730729909
4.662794081
4.609138736
4.567178135
4.54404881
4.91440628
8.935238642
8.698222905
8.109066156
7.039059468
5.630995531
4.697608641
4.563311675
4.54307992
4.533087772
4.524152422
4.513927895
4.505852853
4.499443834
4.495549164
4.491444895
4.489933337
4.487581462
4.485911111
4.485929316
4.483010497
4.481472965
4.480478812
4.480141462
4.479900102
4.47932433
4.477948799
4.477066367
4.476238988
4.475873402
4.483672821
4.489941978
4.490351576
4.488175652
4.486349055
4.480831348
4.47451979
4.47541968
5.595813983
8.868011995
8.923255579
9.000868596
8.963248033
8.887972659
8.792737501
8.656108577
8.557853004
8.495922632
13.795362564
13.973025223
13.902947113
13.758132877
13.514923495
13.220256456
12.890860606
12.480205005
12.014944314
11.46181407
10.872262724
10.291142597
9.488525864
8.459377178
7.570699147
6.668005798
5.839461666
6.46018871
4.995867985
4.957146595
4.938468927
4.894781091
4.814743263
4.725068186
4.653467197
4.607336267
4.573848403
4.550755322
4.532668526
4.524817962
4.519284276
6.563711936
9.018478078
9.019949186
9.033667392
10.494924703
12.147939645
12.146980774
12.133330206
12.112901853
12.08013489
12.013134481
11.910175002
11.767151145
11.617630271
11.449591843
11.358072127
11.303057409
11.266431001
11.187893226
10.917299968
10.652514338
10.404988485
10.000425213
9.624111809
9.338038821
9.175318903
9.002976616
8.953313263
8.834924553
8.625441875
8.233326482
7.999147416
7.83573129
7.684386762
7.560303123
7.406177287
8.508544985
7.285714563
7.226818645
7.063047982
6.939563929
6.774254139
6.687279923
6.658703363
6.700753567
6.62147242
9.372402447
10.028426385
9.885090207
9.747275084
9.628983884
9.530969209
9.395836026
9.314604548
9.334920148
9.244915362
9.185856929
9.174907186
8.966895195
8.623278025
8.546563679
8.396907005
8.185431186
8.024682417
8.054805287
8.073332586
8.170645656
8.07923231
8.169681266
7.962210054
7.677000497
7.658799737
7.548624328
7.466792146
7.307744847
7.029749923
6.831854391
6.729654223
6.78214291
6.8152919
6.832570589
6.896049476
6.915129267
6.918454369
7.003377704
6.911709983
6.752520286
6.753154579
6.782593319
6.67021076
6.567739866
6.587237642
6.913629487
7.921147613
9.388358502
9.598160256
9.650792341
6.812142158
6.793187524
6.769039484
6.749222449
6.753629843
6.74790497
6.70246056
6.711357469
6.804634431
6.954386272
6.984909498
7.020391224
7.062011775
7.307923956
7.705337002
8.080945855
8.414546475
8.675687005
8.862932689
8.99325292
9.066795726
9.087868066
9.117857921
9.127429618
9.111087811
9.104862106
9.123642332
9.175697904
9.249321631
9.430914761
9.430262428
9.43714042
9.443769913
9.45513749
9.47173551
9.48103158
9.492266899
9.530491242
9.561479907
9.553426415
9.586711844
9.595115532
9.620120373
9.809564637
10.219336318
10.526392733
10.715109049
10.817534594
10.855791381
10.8552975
10.983771326
11.178669727
11.172458748
11.175562472
11.192390968
11.200615216
11.236941546
11.23889023
11.234527336
11.217380476
11.20337487
11.197704469
11.200712783
11.148270912
11.116437995
11.110077418
11.093764666
11.103653229
11.107895606
11.09366848
11.08863207
11.085792674
11.086930588
11.087757714
11.086262007
11.038354101
11.024328073
10.993485948
10.963698711
10.9194729
10.872387919
10.829644704
10.814635237
10.732606974
10.678354368
10.641111386
10.63011029
10.850179658
10.937325723
10.942552239
10.925184527
11.072395001
11.148120046
11.173857226
11.192878166
11.226682352
11.240115298
11.255223609
11.265142537
11.283446935
11.295229289
11.311513776
11.318410898
11.31675196
11.32464811
11.30630866
11.313832707
11.359557775
11.355040361
11.363099542
11.35928972
11.356147165
11.332282718
11.311848399
11.301266664
11.302036311
11.364854863
11.375983559
11.392694112
11.386271009
11.390785307
11.364230023
11.338595313
11.323718143
11.307464044
11.306858405
11.280421766
11.260339686
11.271952791
11.26966513
11.232575743
11.195691289
11.134450982
11.068318896
11.088009337
11.214347134
11.221627019
11.220541331
11.231962962
11.227047225
11.330930449
11.35898173
11.380624672
11.389776679
11.39028634
11.383081434
11.376138847
11.366527365
11.355273725
11.35373852
11.379938763
11.387383078
11.370049548
11.336531251
11.330537963
11.388651532
11.423806178
11.422222647
11.403815655
11.401604759
11.405391522
11.345988399
11.22033707
11.053503676
10.83264413
10.988878244
10.867814604
10.893563028
10.70491042
10.452808671
10.1757893
9.716689996
9.217965635
8.723085211
8.240221289
7.82099367
7.425874482
7.078100774
6.552520949
5.94632941
5.429379293
5.043512977
4.735631623
4.448168949
4.166933556
3.877370119
3.577505485
3.233820316
2.897081688
2.555457369
2.259319701
2.144781402
6.390154879
6.087128574
6.392782525
6.496776125
9.01068573
9.525320524
9.567550374
9.595702798
9.619233406
9.626109171
9.607977464
9.56875303
9.654706811
9.66282639
10.757282035
11.299521848
11.310122437
11.309969372
11.311049878
11.303271807
11.267882755
11.176582802
11.038459285
10.874892881
10.659939567
10.343543422
9.864201533
9.506076792
10.836209115
10.536394784
10.17796723
9.689958494
10.254129095
10.240814177
10.127721162
10.092728351
10.028258273
9.997789138
9.917977909
9.743948313
9.474434865
9.094890825
8.649819806
8.077018828
7.292720263
6.385806238
5.49180054
4.917375612
4.422873971
3.965088097
3.516269333
3.08805893
2.747359597
2.384269592
2.122915573
1.95325949
1.850857803
1.791968114
1.757314132
1.731879708
1.714892078
1.704548049
2.051839816
6.174111799
5.891869425
5.46890234
4.962514682
4.371116904
4.80632471
4.6431589
4.202733539
3.872246998
3.476455063
3.075759457
2.793336439
2.561002084
2.296940293
1.986467271
5.046680273
6.214770951
6.174391159
6.097736661
6.016285956
5.917335744
5.762330128
6.230756442
6.215844395
6.165669585
6.071516558
5.957392054
5.812471154
5.684916765
5.475235575
5.23315361
6.092778372
6.279490146
6.261524943
6.252697722
6.245305012
6.236866738
6.231160011
6.220587634
6.193835215
6.157152115
6.087830427
5.990330491
6.139783546
6.293225827
6.301261754
6.319562336
6.380101154
9.040637728
9.345351383
9.348326591
9.344933031
9.34883858
9.385210808
9.420784501
9.415226141
9.415640809
9.413887524
9.419178149
9.427292651
9.410992169
9.359898882
9.335359594
9.409588969
9.41656436
9.418977907
9.369811722
9.31401093
9.233412697
9.215023816
9.114890521
9.289200209
9.330843919
9.371631872
9.376299514
9.364822795
9.364808376
9.352666215
9.350014546
9.355916952
9.352938351
9.362620738
9.351502944
9.29981357
9.307889973
9.352533199
9.347844215
9.35885118
9.365659033
9.382093878
9.389446956
9.401846776
9.423506932
9.432464281
9.438967364
9.449527076
9.44859116
9.458568029
9.479650252
10.756622378
11.197605121
11.202524916
11.214019773
11.223526617
11.221773956
11.233529733
11.232848823
11.226782056
11.21052576
11.199475511
12.417215046
12.398919498
12.372400378
12.34960657
12.32564959
12.116454469
12.093104209
12.242878325
12.264360481
12.283239927
12.278957625
12.26133311
12.245281587
12.187133477
12.153137616
12.120277577
12.067500203
12.01979809
11.96000587
11.884317886
11.805680089
11.699401998
11.608864482
11.917913233
11.512640034
11.514002741
11.422180422
11.26423828
11.823559126
11.145601464
11.161138345
11.119806745
11.017250137
11.157724777
12.018158962
12.033148838
11.608705253
11.580403792
11.975917885
11.978299873
11.999354473
11.631876191
12.031012492
12.041753761
12.047856082
12.049962389
12.046854775
12.051605066
12.026436199
12.00471608
12.012066566
11.941974924
11.8842117
11.805919867
11.717056658
11.619080205
11.52001699
11.418132284
11.373284336
11.268372671
11.079478923
11.573239665
11.90527721
11.891366702
11.894511031
11.893784296
11.871754027
11.863297844
11.843678708
11.813758402
11.725717932
11.616122812
11.510478757
11.714015892
12.069008234
12.263852023
12.294054754
12.308553233
12.307355726
12.298846463
12.26214772
12.217946709
12.145326804
12.043319198
12.155589913
12.287934852
12.260376746
12.216429314
12.134025723
11.996678164
11.740685638
11.561488099
11.313859927
10.613134982
10.130021185
10.913665632
12.159404956
12.098284728
12.00613534
11.868239089
11.589663278
11.205251354
11.385544682
11.748251426
11.614641804
11.458668535
11.215621223
11.002252059
10.571262601
9.993268865
11.251067574
11.265503391
11.194846589
11.199410799
11.088077064
10.974916118
10.864146902
10.623057494
10.246930532
9.863124072
9.436547452
8.950935681
8.342331572
7.674393058
6.924776109
6.208921393
5.639225725
5.878310354
7.488655774
7.083889739
6.330956739
5.386174086
5.063413463
4.753118354
4.537217752
4.406839493
4.28617732
4.199740301
4.127047661
4.064964325
4.002447792
3.942624379
4.168123476
8.874514313
8.886574802
8.852880695
8.83057059
8.819139295
8.734065677
8.570692479
8.383420013
8.149506079
7.858491565
7.577239245
7.317945542
6.791078532
8.424677363
8.591460911
11.989133754
12.482409463
12.487995121
12.523315373
12.552141006
12.575446015
12.570507
12.555170113
12.501937178
12.398758416
12.227928293
12.39945105
12.486307796
12.467287679
12.409655275
12.456869888
12.46498054
12.449340662
12.391401619
12.29070777
12.067056742
11.706809073
10.949744218
9.841426606
9.025679658
8.367184175
7.822486271
7.44767488
7.142742653
6.851915872
6.491840988
7.636088728
9.95932007
8.763940777
6.562340092
4.902108432
4.318462285
4.045587533
3.832409689
3.903967493
5.533666147
5.705726928
4.852110943
3.72337905
3.338122676
3.193604453
3.097813337
3.037688132
2.994944098
2.964540052
2.945479769
2.938112963
5.769243539
7.457473484
7.435828485
7.346049555
7.10011773
6.666065889
5.964787192
5.054899872
4.090788016
3.408363568
3.057105265
2.986900165
2.964400779
2.944626277
2.931133247
2.919888741
2.916705575
2.909446815
2.91074898
2.909252331
4.589960509
2.904053264
2.90157729
2.900731421
2.898164865
2.896660501
2.894771076
2.896058378
2.894373193
2.890900289
2.889506147
2.901239988
2.912755836
2.912142387
2.899161514
2.896976385
2.892791341
2.890854831
4.97181648
7.409038879
7.326842971
7.209703976
7.060925102
6.764666634
7.092906536
7.297407522
7.147837937
7.014861279
6.953943557
6.802363847
6.533112334
6.358580972
6.173280069
5.900563364
5.432745222
4.782172321
4.14226233
3.529341288
3.095434465
2.963645937
2.925523795
2.910315141
2.898607556
2.894140591
2.890505278
2.882785681
2.876680512
2.875334349
6.87419088
7.045357397
6.549871266
6.077526909
5.744157533
7.392431956
7.342874208
7.42318165
7.398096563
7.351571939
7.249671263
7.085443853
6.928629695
6.753365275
6.679233893
6.542893857
6.340773142
6.254476841
6.203481404
6.126820701
5.870719534
5.588229385
5.134887354
4.723892126
4.409912534
4.076213722
3.820819008
3.669370495
3.551932081
7.303264151
7.417260398
7.400101425
7.374295605
7.339578403
7.269721574
7.198977517
7.01214345
6.793031364
6.652461929
6.533295052
6.451772413
6.327064079
6.4894317
6.895884101
6.847576969
6.770531092
6.768620768
7.371848028
7.472378316
7.805714351
5.986203595
8.229918615
8.47932625
8.710487763
8.924912296
9.091262521
9.055955085
9.028743554
9.045469082
9.325165769
9.479089647
9.508562659
9.530068205
9.570180833
9.557774981
9.497879165
9.48215527
9.490333833
9.568565919
9.739701081
9.82709918
9.825557718
9.873686133
10.091421797
10.633744212
10.804956681
10.829745231
10.856260275
10.87272698
10.87886941
10.864019597
10.867174382
10.873442977
10.891831726
10.897562782
10.895052124
10.871556281
10.878522824
10.893947497
10.95610181
10.965295032
10.705159127
10.720149084
10.738649129
10.738396319
10.740198927
10.729847438
10.718508681
10.954067291
10.751571403
10.966910639
10.984806859
10.981913801
10.979672734
10.970378454
10.96291433
10.954548912
10.919103064
11.094465937
11.14198704
11.157142534
11.174250519
11.183844824
11.199336059
11.209054847
11.220112675
11.197773191
11.250162581
12.292771335
12.421718258
12.424640803
12.422825505
12.413684326
12.401572905
12.382998008
12.369584027
12.367762782
12.335149535
12.299771205
12.263441622
12.215484034
12.17634455
12.1073615
12.14725457
12.211277385
12.174509755
12.092820795
12.031515976
12.017713643
11.923990008
11.823682383
11.925802879
12.023835043
11.934170602
11.790410759
11.763495161
11.941298498
12.062572185
12.066267994
12.080463422
12.090796005
12.102835168
12.113925377
12.110864573
12.179146845
12.392157708
12.413611949
12.434338258
12.455682438
12.505550248
12.511038702
12.514400534
12.498287433
12.478106899
12.47030269
12.45493784
12.44734419
12.451627772
12.441755485
12.427210682
12.419633356
12.529206175
12.517832398
12.524326979
12.498070916
12.438499955
12.366044387
12.497103107
12.45481042
12.329830829
12.053977281
11.923242762
12.173651805
12.111697372
11.80877835
11.471493879
10.732968088
10.094047063
9.601907741
12.195036703
12.39431147
12.427613479
12.449059902
12.471287893
12.477740361
12.478865733
12.439209446
12.352042525
12.384675321
12.405378236
12.375176513
12.296162989
12.081104099
12.249214907
12.484668587
12.484118611
12.474729102
12.450737039
12.366061072
12.14986826
11.829446312
11.898492816
12.532845
12.56158413
12.596066686
12.624736582
12.64381291
12.648992398
12.637327446
12.630286037
12.659591461
12.677157527
12.679445841
12.692873397
12.692771959
12.694099962
12.709919704
12.708491897
12.703152515
12.720066463
12.72844374
12.724308563
12.725728009
12.72508183
12.731231403
12.738776085
12.733441022
12.733555123
12.731209718
12.728185691
12.720714305
12.717728777
12.700458808
12.680105028
12.622518291
12.550917913
12.447652846
12.3290898
12.134121781
12.014518141
12.69403055
12.698662796
12.699029466
12.716417593
12.725743043
12.741601613
12.741937012
12.751376355
12.741834842
12.728819864
12.709771172
12.616293751
12.444234099
12.165446293
11.715618557
10.955485127
9.99718256
9.087322509
8.14375147
7.53051463
12.417025557
12.57594157
12.578244141
12.566470087
12.572084526
12.637076498
12.653008207
12.660240281
12.656708517
12.643426607
12.58137029
12.432890304
12.150797245
11.640802296
11.006043725
10.335038663
9.602226291
8.809318477
8.784277755
12.532589009
12.55851761
12.554641552
12.55653107
12.52561117
12.385537432
12.065319497
11.499812562
10.805821268
10.105802841
9.467083159
8.768561187
8.237096606
9.833764023
10.304394729
9.800375653
9.02378142
7.893598119
6.751776422
5.746360882
5.115052659
4.64222289
4.376898558
4.553858707
7.115929288
6.749406453
5.769167813
4.746293659
4.025566103
3.972841377
3.955764277
3.958897122
3.879927311
3.836802807
3.752393792
3.653907856
3.568257943
3.497990869
3.471842544
3.425749314
3.377222831
3.328214875
3.283099239
3.242483209
3.203953449
3.171597693
3.141265176
3.113012533
3.084199974
3.077030294
3.086210165
3.082090923
3.078465368
3.065005856
3.040557396
3.06198583
3.098298926
3.119587999
3.105645447
3.055800888
5.947727508
7.520239083
7.511627916
7.474874044
7.400107803
7.31907288
7.173687221
7.018367747
6.87983907
6.71233471
6.553808806
6.268602944
6.052378935
5.860462277
5.715453791
5.391943046
5.310746717
5.195390596
5.005877748
4.677616203
4.488011145
4.327825166
4.041935589
3.755144949
3.482504786
3.239124063
3.084452145
3.038834699
3.005846976
2.983025054
2.968872652
2.960506342
3.614092145
7.497226798
7.486038848
7.465432143
7.442619452
7.423846698
7.4526697
7.437490668
7.855489264
10.54914571
10.565624615
10.575887477
10.600211494
10.61776072
10.641169584
10.657976409
10.658538912
10.654650041
10.649825073
10.648062108
10.647433861
10.593502353
10.532692044
10.469815903
10.646910731
10.684324188
11.62413641
12.455359055
12.469619994
12.477732298
12.474689796
12.447613496
12.433061075
12.393767319
12.397476117
12.454630775
12.565103863
12.576529184
12.578462497
12.586521376
12.587525987
12.595323456
12.598177321
12.179505301
12.589078379
12.589748726
12.580615577
12.57793373
12.567502614
12.570346955
12.556780841
12.57301595
12.597410745
12.610105821
12.61434637
12.603724494
12.595280399
12.59490002
12.590941965
12.585807719
12.585130793
12.575034888
12.555303988
12.5353583
12.520398619
12.567224061
12.626158075
12.618432874
12.624176488
12.624947388
12.629934555
14.220492877
14.20855565
14.211426437
14.206900589
14.201903742
14.191942438
14.197593721
14.192398919
14.201938066
14.201212146
14.204232138
14.208614582
14.203590868
14.196948284
14.194819138
14.190217292
14.18649365
14.173517671
14.167961351
14.162444641
14.151931544
14.147108958
14.140695516
14.12658162
14.128403834
14.113760711
14.090969902
14.079461382
14.043697255
14.011923183
13.967127258
13.933009632
14.156346284
14.169185213
14.170141485
14.165763576
14.172353789
14.171007764
14.150571969
14.133084168
14.12171685
14.114706489
14.097893909
14.066579225
14.049995735
14.02278581
13.936255667
13.834799364
13.755701867
13.697512362
13.650734
13.461028058
13.246995598
14.056328766
14.173335312
14.17456738
14.172707371
14.178383957
14.185025348
14.182188825
14.208645499
14.21031814
14.213099733
14.214591216
14.205600094
14.194185333
14.195243401
14.217353479
14.233392968
14.237604141
14.238268954
14.248219516
14.246207858
14.241836131
14.23993875
14.201826259
14.132496772
14.084950217
14.038474636
13.882719227
13.728733822
13.612755176
13.527518309
13.220449901
12.970352879
12.873274675
12.580963498
12.431612147
12.351707236
13.69633308
13.998567539
13.718842418
13.446925495
13.111631564
12.703481904
12.10774642
11.468510769
10.731712863
10.141691658
9.633258952
9.592679722
13.013008497
12.87603262
12.81529348
12.748065001
12.615117506
12.416726068
13.433484671
13.996357492
14.041289103
14.072015054
14.10341024
14.135674812
14.145886264
14.143219495
14.140333261
14.147311398
14.186057482
14.204941971
14.218150693
14.248752211
14.25708339
14.261185542
14.250903952
14.245711179
14.211592766
14.10957381
13.958758871
13.792051757
13.766032391
13.678859971
13.598016348
14.243788702
14.244656264
14.237383443
14.196287417
14.193050549
14.244230916
14.257805633
14.261146962
14.276653999
14.289968698
14.285450094
14.286602536
14.298777799
14.302728099
14.282039012
14.298027423
14.314066339
14.320929502
14.328860412
14.331384176
14.351318367
14.36388304
14.362855906
14.362138506
14.366591544
14.358886737
14.350047595
14.325760847
14.194515164
13.978861752
13.701890461
14.328764731
14.357787125
14.36362396
14.368002667
14.364176862
14.339121459
14.266944103
14.332924947
14.227104381
13.996498253
13.63123359
13.097146941
12.25046842
11.20792167
10.41808046
13.130167399
12.729010287
12.161576315
11.819853083
11.394301511
11.05626811
10.373838347
9.578569402
8.835405904
8.197176969
7.778807498
7.917550356
11.839119415
11.599169847
11.213678988
10.82177652
10.205897726
8.878290202
11.262362714
11.231486958
11.092489539
10.811287575
10.37491723
9.806615489
8.694712793
7.235489659
6.421972136
6.125187031
5.916473765
9.851470492
9.985428145
9.33777109
7.944401964
6.793889717
5.778895913
5.426638651
5.230058993
5.076578147
4.959796341
4.882873166
4.818863825
4.749287163
4.674938811
4.625734544
4.588143523
4.563151581
4.544860796
4.536352669
4.526799299
4.524060502
4.517364057
4.514606436
4.512277384
4.510211291
8.491445865
8.820777925
8.242911714
7.970957401
7.860560405
6.935483838
5.572738066
4.783441211
4.63350474
4.597046621
4.563895753
4.538595787
4.53193672
4.811747489
5.455778082
5.028367094
4.666847995
4.591450528
7.780469908
5.901009954
5.879504133
6.200975389
7.034771812
6.541539181
5.991332561
8.857901118
7.726875922
9.058972887
9.077722373
13.489559497
14.106418616
14.124551444
14.117010417
14.057755608
13.940381518
13.83465159
14.16478586
14.172425609
14.170388002
14.148356973
14.096368878
13.997628454
13.880924698
13.737916597
13.530034997
13.315745813
13.807977196
13.63692374
13.726849543
13.569367117
13.336665046
13.037960802
12.608245118
12.139546316
11.61475235
11.509737356
11.351083075
10.953972238
10.332070602
9.556371903
9.076491752
8.634530019
8.361943159
8.148855137
7.931297196
7.769576603
7.663125607
7.637575651
7.603074878
7.558080088
7.507011892
7.450358039
7.401598986
7.352760085
7.938896854
14.081078109
14.10408792
14.123536237
14.125886715
14.134928856
14.134582209
14.131275872
14.110087237
14.103872941
14.086667028
14.069177886
14.050515958
14.025365889
13.987406468
13.913480998
13.784407583
13.578467479
13.426182244
13.32385493
13.324554624
13.158153312
12.971828088
12.845618813
12.676046313
12.682043058
12.727377262
12.555569859
12.351838048
12.18359877
12.09729483
13.418352621
13.769413806
13.736005504
13.71600293
13.689468483
13.654911854
13.621087041
13.607394075
13.60333268
13.563619779
13.517302755
13.447698799
13.38510261
13.583982152
13.564193035
13.219226358
13.208702991
13.190235328
13.350098611
13.331896152
13.380691367
13.439352895
13.544360382
13.536700538
13.484748596
13.449903481
13.378494617
13.238044389
13.163264877
13.66277505
13.741099394
13.629784106
13.461603118
13.279799081
13.164413334
13.301757932
13.819623714
13.950127402
13.934738898
13.866091103
13.785440506
13.615223435
13.599444934
14.030167116
14.545824588
14.58225319
14.604651603
14.626800558
14.637526433
14.654034448
14.681115863
14.697175378
14.711759584
14.712525357
14.709928225
14.701089038
14.692921055
14.687524412
14.669676418
14.653174528
14.628409884
14.594286003
14.564952753
14.527367164
14.525025516
14.572371896
14.526549937
14.44124696
14.34104889
14.298505007
14.284562918
14.159451119
14.206509536
14.727629681
14.772127757
14.773099945
14.781257325
14.796337382
14.808893721
14.842199068
14.843247454
14.836094706
14.84472694
14.824629851
14.808734392
14.801353324
14.810837733
14.812037591
14.778775362
14.731088771
14.669469745
14.553486488
14.527554955
14.583295501
14.416253263
14.227076167
14.169806616
14.03716898
13.768020682
13.563445563
13.530671888
13.428289265
13.318231316
13.291511994
13.399866444
13.290369078
13.13872831
12.876108711
12.455281137
11.927962735
11.652653006
11.28835503
10.844937217
10.66553429
10.577964005
10.733853426
14.525687447
14.56164336
14.56927358
14.586003719
14.729136564
14.752410504
14.769836366
14.782210814
14.794303924
14.776702903
14.736293573
14.633601029
14.458816089
14.147825138
13.847043297
14.23218298
14.852383158
14.860054735
14.864735918
14.868090665
14.872276737
14.869605707
14.863324318
14.855969946
14.847428209
14.851243706
14.840000594
14.824876168
14.865516399
14.871779234
14.885783616
14.888418365
14.899240718
14.905649643
14.908560048
14.896916603
14.885566944
14.851957826
14.765715167
14.659187291
14.500106224
14.318515618
14.207802154
14.852091757
14.782197291
14.653982216
14.437152667
14.095203339
13.421782537
14.612887852
14.543960753
14.720604192
14.783106508
14.799979166
14.809952633
14.813392405
14.81552972
14.810648347
14.797015758
14.741480915
14.834859521
14.810201918
14.72726566
14.536817878
14.28464714
14.622047371
14.780940767
14.790745656
14.81036995
14.815781068
14.795530793
14.692933319
14.540915977
14.315523842
13.895125401
13.386416632
12.726440553
11.996675506
11.533285394
10.992743725
10.390866608
9.950974637
9.795820474
9.596863182
9.359049599
9.160295651
8.988636546
8.778087065
8.580419388
8.395501306
8.230150737
8.054130339
7.851040734
7.937944328
12.232578181
12.167536595
12.406662164
14.715844389
14.723142707
14.692901822
14.625330659
14.530876734
14.592842673
14.342800019
13.842630917
12.944697166
11.599135249
10.296544236
9.938150487
13.315783424
12.999513833
12.276961452
10.906658445
8.903837594
7.59128677
6.969430203
6.566303325
6.423113318
6.333033778
6.243934346
6.163580031
6.094194434
6.017729441
5.931994819
5.859732577
5.809514128
5.783973436
5.717111814
10.1209188
9.907096174
11.144450792
11.633446522
11.710171437
11.807235048
11.97329289
14.003925315
14.744063904
14.79154962
14.811098079
14.829020739
14.831985621
14.883330342
14.884701662
14.870089604
14.802880641
14.683040173
14.62292607
14.903716971
14.907066849
14.899937132
14.894379589
14.869519107
14.783127333
14.594034155
14.344243144
14.029430749
13.63352691
13.293225386
13.015625055
12.475709515
11.519472792
10.74963614
10.140396548
9.656829967
9.284718117
8.980774139
8.699827999
8.459245348
8.251300598
8.019941031
7.765754379
7.506141949
7.307796709
11.629614858
11.632794994
11.519075092
11.391839066
11.195885435
10.938294313
10.594582573
10.223986929
11.570936586
14.553423248
14.758004655
14.786110037
14.815870945
14.827681225
14.826863089
14.831123698
14.850624601
14.887629065
14.89548595
14.904871618
14.898081172
14.894135632
14.872875286
14.846279118
14.823937492
14.768540538
14.699955485
14.798920142
14.769837942
14.727890755
14.672422744
14.578443351
14.475814814
14.5132873
14.837533931
14.839726643
14.84743353
14.846684073
14.837927506
14.804756989
14.76487019
14.726884892
14.667494324
14.578590853
14.537787372
14.48732284
14.357796856
14.295047362
14.227410463
13.990500381
13.827227
13.723577941
13.800603903
13.736116048
13.680308488
13.606469443
13.501513849
13.519738568
13.489037539
13.204498762
13.275806264
12.960388101
12.588068497
12.372460262
12.229072966
12.019722178
11.935608861
11.874411886
11.753015691
11.606697627
11.539815997
11.509291067
11.387536558
11.205625678
11.136261382
11.090775231
11.050615068
11.091332819
10.729683816
10.57749778
10.414199732
10.309784251
10.280324333
10.237446307
10.198132093
10.110481959
10.04760447
9.97232149
9.901710793
9.851090133
9.835584045
9.815497505
10.388002021
13.850931223
13.947187531
13.997527949
14.309454891
14.410262239
14.462288473
14.494692297
14.504095429
14.516777476
14.522700591
14.522644698
14.514658089
17.648111576
17.650156776
17.652773485
17.6510732
17.64963792
17.904509022
17.915024339
17.923030644
17.919422218
17.920732407
17.91056509
17.886610483
17.88923672
17.882263587
17.863995242
17.646646224
17.640767431
17.63491687
17.625731981
17.832040003
17.831604794
17.783778666
17.726717751
17.683447852
17.643725279
17.616209296
17.592108864
17.501820748
17.402220414
17.315390405
17.287011135
17.176626927
17.060457479
16.974560851
16.875967656
16.723346542
16.626639692
16.595135242
16.594978919
16.639968392
16.500721548
16.366545934
17.439897813
16.323116544
16.452205222
16.652804906
16.525737879
17.073547196
17.438369492
17.528380758
17.855141116
18.017946327
18.040086754
18.067095354
18.093033047
18.113229475
18.13173453
18.153634034
18.182409343
18.199847176
18.210462661
18.218525761
18.220890236
18.221365471
18.214870089
18.209201617
18.203782293
18.207360093
18.2018883
18.195186208
18.170678569
18.145760456
18.118171073
18.081833074
18.046684045
17.962946493
17.976152839
17.962033904
17.891368741
17.829769151
17.750670488
17.722965942
17.70107544
17.580872893
17.700372103
18.197142373
18.232816673
18.25076309
18.257762724
18.262697964
18.251864548
18.246483323
18.25923881
18.24675066
18.232271811
18.230746865
18.210958546
18.196428012
18.200453165
18.175921866
18.125753233
18.069680305
18.022759321
17.845573661
17.671599573
17.571659987
17.545860217
17.364696254
17.096653094
16.893226377
18.048295577
18.228100639
18.245483269
18.261407726
18.263672853
18.278689326
18.283651167
18.280276221
18.268987816
18.256235773
18.235186496
18.239574835
18.301309034
18.313284945
18.315958661
18.314350635
18.310222853
18.278266854
18.220684186
18.099762419
17.954815784
17.791834081
17.565967494
17.343779962
17.969310106
18.302969474
18.313605573
18.314797277
18.322232408
18.33576382
18.346470975
18.345951264
18.350051412
18.341981376
18.34550537
18.361745587
18.367534592
18.363669406
18.331525088
18.251913088
18.085736638
17.81518792
17.265368474
16.280215968
15.485080826
15.503576092
15.666880391
17.307614552
17.848522778
17.702189013
17.488656717
17.146117564
16.60502276
16.113444882
14.937969779
13.640631057
12.729543111
12.240677346
11.871204142
11.563444871
11.795410944
14.045476487
13.587114543
15.18929223
15.119350407
17.708072693
18.114089685
18.115094953
18.094283605
18.049778369
18.014236399
18.051552141
18.037681321
18.019566987
17.991332682
17.937394847
17.827949788
17.642198743
17.333639001
16.892369767
16.34873803
15.522264171
14.567601538
13.659521239
13.010517716
12.585788626
12.295606919
12.006637146
11.714519488
11.456333455
11.045789143
10.534924442
10.10333869
9.751348709
9.585780729
9.443141764
9.320621577
9.210791437
9.087618571
8.988852692
13.253545534
13.488184444
13.437418691
13.27733328
12.913764379
12.310325806
11.492060619
10.308066491
9.321295482
9.070001434
9.128484018
9.04164503
8.922560644
8.872845583
10.410013394
13.277027309
13.290932109
13.083042068
12.57055913
11.173355276
13.22838456
13.308087604
13.175520073
12.883467406
12.29433523
10.980253774
9.519648376
8.965802406
8.866706393
8.814904213
8.77031257
8.736677262
8.700143082
8.667343432
8.639828403
8.62187944
13.768481517
18.118285968
18.150489322
18.179297419
18.203490798
18.210930806
18.212547767
18.218140388
18.215667275
18.199123788
18.170454896
18.172357906
18.183839333
18.169999558
18.139495957
18.062142939
17.925706357
18.1759548
18.244000453
18.256037646
18.268834734
18.277292274
18.28921064
18.291911331
18.296685798
18.295322694
18.299166589
18.297945758
18.291469408
18.284695136
18.261228509
18.216814115
18.138916576
18.303906711
18.329629688
18.342230721
18.343961816
18.332260864
18.334189569
18.339878119
18.33883709
18.327398537
18.322958627
18.318305564
18.318911975
18.328301242
18.338496116
18.334433658
18.330604956
18.330312914
18.320648928
18.327150045
18.328257979
18.330694899
18.330866343
18.327580433
18.32225877
18.320418691
18.326195702
18.326785196
18.319518491
18.318916332
18.313021525
18.31142404
18.310116945
18.297079829
18.294472961
18.278605813
18.268802229
18.270534373
18.26816419
18.263405974
18.26051368
18.26254393
18.255658652
18.240686574
18.235719015
18.230098346
18.225489864
18.216112365
18.208990639
18.200982975
18.161998747
18.14447228
18.122912266
18.093145826
18.088500227
18.107768131
18.225719958
18.232072742
18.242702512
18.243275882
18.246454795
18.254479395
18.252761185
18.257087137
18.263888802
18.264922591
18.261881201
18.268207056
18.27289345
18.279848511
18.281058933
18.284137659
18.279609232
18.283497535
18.277236969
18.282359891
18.277662367
18.272623856
18.276132698
18.266651235
18.266767671
18.283047524
18.289441683
18.287664402
18.283567323
18.278868354
18.287229104
21.25168717
21.24551906
21.250473503
21.255860619
21.26140342
21.26342119
21.272553053
21.267195841
21.264353029
21.253427125
21.257228009
21.261564069
21.263020246
21.262831499
21.261009902
21.261800409
21.261445902
21.258418405
21.249858261
21.244571017
21.240529508
21.243891081
21.235569516
21.232419522
21.229011374
21.223249343
21.222996594
21.217056612
21.213616667
21.20606184
21.19879546
21.206098643
21.214079854
21.214843423
21.215525082
21.203748806
21.197025951
21.207059469
21.20280472
21.197947311
21.191643204
21.193962121
21.193572606
21.193435984
21.194059481
21.187224262
21.175012488
21.173284397
21.16755533
21.158770881
21.16318667
21.166351161
21.156300271
21.152629029
21.139894698
21.139421383
21.13442897
21.124747696
21.112062481
21.108827368
21.108603535
21.101860159
21.092542805
21.09482402
21.09105177
21.089818513
21.091478084
21.107010819
21.104050279
21.196460807
21.203779786
21.218661512
21.219196521
21.225884121
21.230313509
21.23068865
21.23327131
21.234364111
21.237303918
21.234632621
21.235273478
21.233710378
21.243904786
21.235997415
21.230168886
21.217785725
21.193793341
21.170806211
21.205923477
21.208471184
21.204666144
21.198487572
21.182775858
21.221058166
21.244960952
21.254472637
21.266356579
21.272753704
21.271612566
21.268606595
21.250106942
21.198530656
21.202222018
21.254568583
21.269222606
21.274760311
21.278640933
21.281468208
21.275351524
21.270186328
21.232982542
21.1112917
21.214863613
21.268032939
21.275257289
21.268326209
21.220201257
21.010309777
20.794852575
21.036222024
21.27990344
21.293904883
21.297333891
21.306967825
21.307951217
21.312126285
21.306601657
21.310831956
21.317714905
21.311056187
21.318866598
21.324502262
21.323213943
21.323503043
21.320969151
21.317207925
21.311019422
21.305215163
21.319365517
21.317169701
21.327424646
21.334863438
21.342386959
21.345054163
21.353797658
21.36203201
21.35840011
21.355122543
21.359074833
21.367144918
21.366171326
21.364746892
21.367324476
21.361806934
21.361410462
21.355855982
21.351924662
21.352365416
21.333338155
21.319487468
21.348018548
21.344949709
21.348057073
21.344007132
21.341053211
21.348197786
21.354569719
21.362739689
21.358024379
21.365484477
21.371258985
21.369262432
21.355381153
21.336009492
21.362820644
21.367760301
21.36738027
21.353441001
21.287192255
21.104670002
20.837882736
20.506158723
20.138966448
19.613624277
18.924951812
18.194302664
17.480551762
17.152124472
16.571969239
16.03508015
15.556697401
15.174219876
14.884295136
14.61877294
14.395938951
14.211748151
14.06107028
13.926553168
13.76342018
13.585490279
13.427785569
13.289956171
13.154945238
13.015131176
12.85946847
12.705018388
12.561988197
12.436320827
12.320672164
12.206945211
12.119839355
12.035249661
11.970253301
11.932749776
11.919784262
11.892907549
11.848737845
11.799887302
11.74596882
11.699670568
11.672639269
11.654004265
11.620451782
11.591632073
11.565643697
11.558942864
11.554226747
11.549138996
11.542294436
11.549762024
11.571468793
11.572123804
11.559764628
11.541055908
11.527948899
11.536253242
12.681215661
14.548420403
16.020226238
16.040084517
15.969163019
16.039157402
16.108375349
16.136509474
16.139681108
16.087138853
15.936240844
15.65327564
15.265103122
14.744967649
14.000312159
13.330476491
12.780890119
12.354845406
12.04565769
16.056557828
16.20490587
15.987752198
15.574372395
14.947482066
14.062565108
13.011689324
12.206649732
16.066103766
16.186901141
16.181628491
16.214398619
16.20936367
16.154639823
16.002885259
15.736169714
15.396026599
14.97321654
14.390641842
13.523829964
12.65726347
12.151992296
11.884804274
11.742382538
11.66787812
11.623548453
11.611593822
15.315076999
15.841361635
15.658892444
15.355894216
14.97635292
14.681651259
13.87834703
13.206031516
12.629209174
12.189201833
11.887794406
11.708231929
11.629619928
11.605441119
14.935936334
17.209031985
20.346629521
20.842313654
20.827056394
20.815518818
20.97803808
21.025366867
21.042685699
21.050965837
21.052526908
21.063950674
21.078251516
20.689464719
21.114982039
21.136038489
21.14175909
21.157567359
21.159458856
21.153895044
21.147559638
21.14839185
21.144823233
21.139126509
21.135376117
21.12957613
21.123434156
21.114580855
21.110675624
21.104620734
21.102776993
21.102191655
21.097635794
21.095775937
21.086227655
21.137703519
21.180035663
21.19590639
21.195640477
21.192479152
21.191134922
21.193385273
21.203255072
21.199713355
21.192113852
21.190712871
21.18524701
21.177534579
21.166220108
21.161575616
21.157793076
21.14882448
21.137000087
21.123508
21.114548947
21.102706471
21.086251526
21.073266968
21.075586712
21.067368009
21.031146157
21.016749315
21.014337703
21.009299479
20.999833282
21.092090633
21.158245282
21.158950575
21.166103051
17.508795485
17.519747556
17.523181973
17.525620534
17.524718654
17.523459438
17.518392629
17.515769644
17.520320237
17.524859093
17.512174045
17.507623931
17.503660238
17.512427478
17.512142792
17.503880067
17.543440436
17.553630141
17.549614357
17.548747034
17.54401501
17.549366989
17.560791003
17.560438717
17.560687808
17.569283103
17.568176401
17.575048563
17.575584565
17.575439277
17.575872247
17.573617492
17.572379638
17.568716153
17.557224123
17.554781778
17.557608362
17.567441094
17.571308363
17.577503596
17.569926599
17.569542116
17.570418774
17.572982067
17.570819348
17.570773584
17.570214964
17.575403643
17.572617776
17.566717187
17.559848952
17.546189245
17.540192368
17.537795309
17.541416782
17.534155472
17.524750888
17.505522099
17.504861885
17.486947495
17.471005883
17.44208596
17.419998521
17.391015528
17.360619676
17.316283336
17.249992317
17.244958628
17.492195452
17.473145171
17.463226431
17.442333604
17.438526273
17.487499608
17.491780852
17.493684125
17.511812342
17.55344989
17.579331351
17.581812824
17.575739964
17.580462407
17.590477955
17.59918761
17.598578748
17.602131359
17.596835505
17.598585206
17.589620199
17.586168155
17.603249963
17.607651882
17.606294075
17.603926993
17.59171062
17.592478451
17.600435938
17.601826423
17.585408673
17.503431848
17.365318365
17.282125744
17.58343022
17.591350757
17.587399496
17.597212314
17.598413723
17.590079716
17.586555062
17.586287861
17.592512127
17.589371068
17.608922685
17.618647949
17.627803737
17.625207897
17.618295642
17.615146425
17.59962904
17.564146019
17.460715258
17.25758996
16.961139553
16.659890059
16.220866305
15.255223159
14.39962768
13.702025928
16.544443644
16.373699515
16.143413543
15.844792142
16.129286296
16.159930394
16.153166393
16.652266256
17.407020355
17.441240717
17.463773323
17.46592219
17.471319273
17.474035724
17.512168316
17.548210121
17.576554831
17.585056788
17.600051133
17.605473691
17.608725509
17.612742083
17.606776548
17.595892413
17.530689448
17.432893922
17.293790292
17.112488149
17.306979058
16.999968887
16.507221468
15.850759297
15.00985156
13.695723886
12.733088017
11.966898052
11.339993994
10.796221579
10.27739756
9.792073722
9.359326769
8.966736735
9.959372568
13.181553334
13.162792424
16.169617047
16.182654911
16.157265173
16.113305116
16.095197524
16.086592827
16.030464369
15.954350666
15.804009222
15.638179892
15.393412981
15.022971569
14.597789998
14.016247604
13.377277379
12.929681244
12.809782884
12.372179639
13.529076661
14.693589854
14.615839379
14.506868246
14.315214338
14.004066237
13.603635504
12.712139847
11.332798656
10.084048741
9.241549678
8.8458738
8.661261152
8.550952627
8.467282856
8.39419675
8.331207418
8.28030364
12.061380491
12.923446657
13.779475016
13.975276066
14.050371136
14.017701417
13.851768893
13.552564245
13.922826897
14.111819534
14.197261363
14.171712966
13.975042759
13.587708799
13.055053216
12.44062705
11.627058715
10.622824694
9.562490806
8.767369472
8.49992161
8.287724638
8.158996597
8.079601263
8.026240439
7.987282963
7.950624751
7.924616997
7.905709161
7.889514241
7.884773052
8.062228871
8.16715818
11.422959378
12.466458927
16.384970646
17.443939185
17.478327003
17.487943306
17.497799556
17.503377735
17.489699114
17.463688946
17.506405012
17.561851782
17.581974368
17.586008691
17.585959776
17.579316519
17.580036328
17.563924889
17.525429663
17.454829968
17.347625231
17.174752943
16.967866829
17.391974183
17.505568302
17.524017652
17.533955897
17.537181558
17.539517417
17.524599636
17.473285507
17.391747583
17.245579027
17.015107344
16.77538909
16.436485982
16.116152305
15.895323281
15.597486994
15.260299155
14.978675948
14.717285352
14.42110119
13.915123414
13.319915454
13.02514608
12.7188328
12.409279957
12.268832618
12.206870467
12.088689414
12.04220504
11.809674864
11.610644133
11.428688464
11.291984087
11.214008605
15.528365152
17.234289035
17.251995765
17.294052999
17.297594631
17.313537836
17.342570575
17.365452099
17.382286785
17.399627072
17.410758187
17.425567252
17.434403207
17.438686546
17.446800249
17.452251441
17.43929977
17.438415102
17.434492099
17.423756111
17.426781268
17.401895421
17.380203463
17.357051808
17.344490925
17.334061857
17.332104546
17.353667902
17.357735084
17.379121885
17.453820555
17.456376939
17.467574247
17.468069328
17.476291036
17.474948865
17.463958304
17.463045459
17.468274938
17.464715886
17.465181796
17.462905083
17.461631654
17.461107872
17.456470096
17.450878608
17.450928318
17.44876584
17.463816404
17.479937099
17.474178978
17.478762255
17.478499334
17.4771898
17.482252724
17.477064279
17.474311036
17.472525737
17.479193803
17.466619114
17.460228992
17.455221213
17.453413228
17.453935273
17.447591597
17.497957595
17.498783156
